w[0] =  2.0943951023931953; cx[0] =  1.0; cy[0] =  0.0; cz[0] =  0.0;
w[1] =  2.0943951023931953; cx[1] = -1.0; cy[1] =  0.0; cz[1] =  0.0;
w[2] =  2.0943951023931953; cx[2] =  0.0; cy[2] =  1.0; cz[2] =  0.0;
w[3] =  2.0943951023931953; cx[3] =  0.0; cy[3] = -1.0; cz[3] =  0.0;
w[4] =  2.0943951023931953; cx[4] =  0.0; cy[4] =  0.0; cz[4] =  1.0;
w[5] =  2.0943951023931953; cx[5] =  0.0; cy[5] =  0.0; cz[5] = -1.0;
