w[0] =  0.1196797201367585; cx[0] =  1.0; cy[0] =  0.0; cz[0] =  0.0;
w[1] =  0.1196797201367585; cx[1] = -1.0; cy[1] =  0.0; cz[1] =  0.0;
w[2] =  0.1196797201367585; cx[2] =  0.0; cy[2] =  1.0; cz[2] =  0.0;
w[3] =  0.1196797201367585; cx[3] =  0.0; cy[3] = -1.0; cz[3] =  0.0;
w[4] =  0.1196797201367585; cx[4] =  0.0; cy[4] =  0.0; cz[4] =  1.0;
w[5] =  0.1196797201367585; cx[5] =  0.0; cy[5] =  0.0; cz[5] = -1.0;
w[6] =  0.4039190554615379; cx[6] =  0.5773502691896257; cy[6] =  0.5773502691896257; cz[6] =  0.5773502691896257;
w[7] =  0.4039190554615379; cx[7] =  0.5773502691896257; cy[7] =  0.5773502691896257; cz[7] = -0.5773502691896257;
w[8] =  0.4039190554615379; cx[8] =  0.5773502691896257; cy[8] = -0.5773502691896257; cz[8] =  0.5773502691896257;
w[9] =  0.4039190554615379; cx[9] =  0.5773502691896257; cy[9] = -0.5773502691896257; cz[9] = -0.5773502691896257;
w[10] =  0.4039190554615379; cx[10] = -0.5773502691896257; cy[10] =  0.5773502691896257; cz[10] =  0.5773502691896257;
w[11] =  0.4039190554615379; cx[11] = -0.5773502691896257; cy[11] =  0.5773502691896257; cz[11] = -0.5773502691896257;
w[12] =  0.4039190554615379; cx[12] = -0.5773502691896257; cy[12] = -0.5773502691896257; cz[12] =  0.5773502691896257;
w[13] =  0.4039190554615379; cx[13] = -0.5773502691896257; cy[13] = -0.5773502691896257; cz[13] = -0.5773502691896257;
w[14] =  0.35903916041026296; cx[14] =  0.459700843380983; cy[14] =  0.8880738339771153; cz[14] =  0.0;
w[15] =  0.35903916041026296; cx[15] =  0.459700843380983; cy[15] = -0.8880738339771153; cz[15] =  0.0;
w[16] =  0.35903916041026296; cx[16] = -0.4597008433809833; cy[16] =  0.8880738339771151; cz[16] =  0.0;
w[17] =  0.35903916041026296; cx[17] = -0.4597008433809833; cy[17] = -0.8880738339771151; cz[17] =  0.0;
w[18] =  0.35903916041026296; cx[18] =  0.8880738339771153; cy[18] =  0.459700843380983; cz[18] =  0.0;
w[19] =  0.35903916041026296; cx[19] =  0.8880738339771153; cy[19] = -0.459700843380983; cz[19] =  0.0;
w[20] =  0.35903916041026296; cx[20] = -0.8880738339771155; cy[20] =  0.4597008433809826; cz[20] =  0.0;
w[21] =  0.35903916041026296; cx[21] = -0.8880738339771155; cy[21] = -0.4597008433809826; cz[21] =  0.0;
w[22] =  0.35903916041026296; cx[22] =  0.459700843380983; cy[22] =  0.0; cz[22] =  0.8880738339771153;
w[23] =  0.35903916041026296; cx[23] =  0.4597008433809826; cy[23] =  0.0; cz[23] = -0.8880738339771155;
w[24] =  0.35903916041026296; cx[24] = -0.459700843380983; cy[24] =  0.0; cz[24] =  0.8880738339771153;
w[25] =  0.35903916041026296; cx[25] = -0.4597008433809826; cy[25] =  0.0; cz[25] = -0.8880738339771155;
w[26] =  0.35903916041026296; cx[26] =  0.8880738339771153; cy[26] =  0.0; cz[26] =  0.459700843380983;
w[27] =  0.35903916041026296; cx[27] =  0.8880738339771151; cy[27] =  0.0; cz[27] = -0.4597008433809833;
w[28] =  0.35903916041026296; cx[28] = -0.8880738339771153; cy[28] =  0.0; cz[28] =  0.459700843380983;
w[29] =  0.35903916041026296; cx[29] = -0.8880738339771151; cy[29] =  0.0; cz[29] = -0.4597008433809833;
w[30] =  0.35903916041026296; cx[30] =  0.0; cy[30] =  0.459700843380983; cz[30] =  0.8880738339771153;
w[31] =  0.35903916041026296; cx[31] =  0.0; cy[31] =  0.4597008433809826; cz[31] = -0.8880738339771155;
w[32] =  0.35903916041026296; cx[32] =  0.0; cy[32] = -0.459700843380983; cz[32] =  0.8880738339771153;
w[33] =  0.35903916041026296; cx[33] =  0.0; cy[33] = -0.4597008433809826; cz[33] = -0.8880738339771155;
w[34] =  0.35903916041026296; cx[34] =  0.0; cy[34] =  0.8880738339771153; cz[34] =  0.459700843380983;
w[35] =  0.35903916041026296; cx[35] =  0.0; cy[35] =  0.8880738339771151; cz[35] = -0.4597008433809833;
w[36] =  0.35903916041026296; cx[36] =  0.0; cy[36] = -0.8880738339771153; cz[36] =  0.459700843380983;
w[37] =  0.35903916041026296; cx[37] =  0.0; cy[37] = -0.8880738339771151; cz[37] = -0.4597008433809833;
