w[0] =  0.8377580409572808; cx[0] =  1.0; cy[0] =  0.0; cz[0] =  0.0;
w[1] =  0.8377580409572808; cx[1] = -1.0; cy[1] =  0.0; cz[1] =  0.0;
w[2] =  0.8377580409572808; cx[2] =  0.0; cy[2] =  1.0; cz[2] =  0.0;
w[3] =  0.8377580409572808; cx[3] =  0.0; cy[3] = -1.0; cz[3] =  0.0;
w[4] =  0.8377580409572808; cx[4] =  0.0; cy[4] =  0.0; cz[4] =  1.0;
w[5] =  0.8377580409572808; cx[5] =  0.0; cy[5] =  0.0; cz[5] = -1.0;
w[6] =  0.9424777960769362; cx[6] =  0.5773502691896257; cy[6] =  0.5773502691896257; cz[6] =  0.5773502691896257;
w[7] =  0.9424777960769362; cx[7] =  0.5773502691896257; cy[7] =  0.5773502691896257; cz[7] = -0.5773502691896257;
w[8] =  0.9424777960769362; cx[8] =  0.5773502691896257; cy[8] = -0.5773502691896257; cz[8] =  0.5773502691896257;
w[9] =  0.9424777960769362; cx[9] =  0.5773502691896257; cy[9] = -0.5773502691896257; cz[9] = -0.5773502691896257;
w[10] =  0.9424777960769362; cx[10] = -0.5773502691896257; cy[10] =  0.5773502691896257; cz[10] =  0.5773502691896257;
w[11] =  0.9424777960769362; cx[11] = -0.5773502691896257; cy[11] =  0.5773502691896257; cz[11] = -0.5773502691896257;
w[12] =  0.9424777960769362; cx[12] = -0.5773502691896257; cy[12] = -0.5773502691896257; cz[12] =  0.5773502691896257;
w[13] =  0.9424777960769362; cx[13] = -0.5773502691896257; cy[13] = -0.5773502691896257; cz[13] = -0.5773502691896257;
