w[0] =  0.5983986006837749; cx[0] =  1.0; cy[0] =  0.0; cz[0] =  0.0;
w[1] =  0.5983986006837749; cx[1] = -1.0; cy[1] =  0.0; cz[1] =  0.0;
w[2] =  0.5983986006837749; cx[2] =  0.0; cy[2] =  1.0; cz[2] =  0.0;
w[3] =  0.5983986006837749; cx[3] =  0.0; cy[3] = -1.0; cz[3] =  0.0;
w[4] =  0.5983986006837749; cx[4] =  0.0; cy[4] =  0.0; cz[4] =  1.0;
w[5] =  0.5983986006837749; cx[5] =  0.0; cy[5] =  0.0; cz[5] = -1.0;
w[6] =  0.4787188805470149; cx[6] =  0.0; cy[6] =  0.7071067811865475; cz[6] =  0.7071067811865475;
w[7] =  0.4787188805470149; cx[7] =  0.0; cy[7] =  0.7071067811865475; cz[7] = -0.7071067811865475;
w[8] =  0.4787188805470149; cx[8] =  0.0; cy[8] = -0.7071067811865475; cz[8] =  0.7071067811865475;
w[9] =  0.4787188805470149; cx[9] =  0.0; cy[9] = -0.7071067811865475; cz[9] = -0.7071067811865475;
w[10] =  0.4787188805470149; cx[10] =  0.7071067811865475; cy[10] =  0.0; cz[10] =  0.7071067811865475;
w[11] =  0.4787188805470149; cx[11] =  0.7071067811865475; cy[11] =  0.0; cz[11] = -0.7071067811865475;
w[12] =  0.4787188805470149; cx[12] = -0.7071067811865475; cy[12] =  0.0; cz[12] =  0.7071067811865475;
w[13] =  0.4787188805470149; cx[13] = -0.7071067811865475; cy[13] =  0.0; cz[13] = -0.7071067811865475;
w[14] =  0.4787188805470149; cx[14] =  0.7071067811865475; cy[14] =  0.7071067811865475; cz[14] =  0.0;
w[15] =  0.4787188805470149; cx[15] =  0.7071067811865475; cy[15] = -0.7071067811865475; cz[15] =  0.0;
w[16] =  0.4787188805470149; cx[16] = -0.7071067811865475; cy[16] =  0.7071067811865475; cz[16] =  0.0;
w[17] =  0.4787188805470149; cx[17] = -0.7071067811865475; cy[17] = -0.7071067811865475; cz[17] =  0.0;
w[18] =  0.40391905546154305; cx[18] =  0.5773502691896257; cy[18] =  0.5773502691896257; cz[18] =  0.5773502691896257;
w[19] =  0.40391905546154305; cx[19] =  0.5773502691896257; cy[19] =  0.5773502691896257; cz[19] = -0.5773502691896257;
w[20] =  0.40391905546154305; cx[20] =  0.5773502691896257; cy[20] = -0.5773502691896257; cz[20] =  0.5773502691896257;
w[21] =  0.40391905546154305; cx[21] =  0.5773502691896257; cy[21] = -0.5773502691896257; cz[21] = -0.5773502691896257;
w[22] =  0.40391905546154305; cx[22] = -0.5773502691896257; cy[22] =  0.5773502691896257; cz[22] =  0.5773502691896257;
w[23] =  0.40391905546154305; cx[23] = -0.5773502691896257; cy[23] =  0.5773502691896257; cz[23] = -0.5773502691896257;
w[24] =  0.40391905546154305; cx[24] = -0.5773502691896257; cy[24] = -0.5773502691896257; cz[24] =  0.5773502691896257;
w[25] =  0.40391905546154305; cx[25] = -0.5773502691896257; cy[25] = -0.5773502691896257; cz[25] = -0.5773502691896257;
