w[0] =  1.5707963267948966; cx[0] =  0.5773502691896258; cy[0] =  0.5773502691896257; cz[0] = -0.5773502691896257;
w[1] =  1.5707963267948966; cx[1] = -0.5773502691896257; cy[1] =  0.5773502691896258; cz[1] = -0.5773502691896257;
w[2] =  1.5707963267948966; cx[2] = -0.5773502691896258; cy[2] = -0.5773502691896257; cz[2] = -0.5773502691896257;
w[3] =  1.5707963267948966; cx[3] =  0.5773502691896256; cy[3] = -0.5773502691896258; cz[3] = -0.5773502691896257;
w[4] =  1.5707963267948966; cx[4] =  0.5773502691896258; cy[4] =  0.5773502691896257; cz[4] =  0.5773502691896257;
w[5] =  1.5707963267948966; cx[5] = -0.5773502691896257; cy[5] =  0.5773502691896258; cz[5] =  0.5773502691896257;
w[6] =  1.5707963267948966; cx[6] = -0.5773502691896258; cy[6] = -0.5773502691896257; cz[6] =  0.5773502691896257;
w[7] =  1.5707963267948966; cx[7] =  0.5773502691896256; cy[7] = -0.5773502691896258; cz[7] =  0.5773502691896257;
