w[0] =  0.581776417331443; cx[0] =  0.5477225575051661; cy[0] =  0.31622776601683783; cz[0] = -0.7745966692414834;
w[1] =  0.581776417331443; cx[1] =  3.872673214540387e-17; cy[1] =  0.6324555320336758; cz[1] = -0.7745966692414834;
w[2] =  0.581776417331443; cx[2] = -0.5477225575051661; cy[2] =  0.31622776601683783; cz[2] = -0.7745966692414834;
w[3] =  0.581776417331443; cx[3] = -0.5477225575051662; cy[3] = -0.3162277660168377; cz[3] = -0.7745966692414834;
w[4] =  0.581776417331443; cx[4] = -1.161801964362116e-16; cy[4] = -0.6324555320336758; cz[4] = -0.7745966692414834;
w[5] =  0.581776417331443; cx[5] =  0.5477225575051659; cy[5] = -0.31622776601683816; cz[5] = -0.7745966692414834;
w[6] =  0.9308422677303086; cx[6] =  0.8660254037844387; cy[6] =  0.49999999999999994; cz[6] =  0.0;
w[7] =  0.9308422677303086; cx[7] =  6.123233995736766e-17; cy[7] =  1.0; cz[7] =  0.0;
w[8] =  0.9308422677303086; cx[8] = -0.8660254037844387; cy[8] =  0.49999999999999994; cz[8] =  0.0;
w[9] =  0.9308422677303086; cx[9] = -0.8660254037844388; cy[9] = -0.4999999999999997; cz[9] =  0.0;
w[10] =  0.9308422677303086; cx[10] = -1.8369701987210297e-16; cy[10] = -1.0; cz[10] =  0.0;
w[11] =  0.9308422677303086; cx[11] =  0.8660254037844384; cy[11] = -0.5000000000000004; cz[11] =  0.0;
w[12] =  0.581776417331443; cx[12] =  0.5477225575051661; cy[12] =  0.31622776601683783; cz[12] =  0.7745966692414834;
w[13] =  0.581776417331443; cx[13] =  3.872673214540387e-17; cy[13] =  0.6324555320336758; cz[13] =  0.7745966692414834;
w[14] =  0.581776417331443; cx[14] = -0.5477225575051661; cy[14] =  0.31622776601683783; cz[14] =  0.7745966692414834;
w[15] =  0.581776417331443; cx[15] = -0.5477225575051662; cy[15] = -0.3162277660168377; cz[15] =  0.7745966692414834;
w[16] =  0.581776417331443; cx[16] = -1.161801964362116e-16; cy[16] = -0.6324555320336758; cz[16] =  0.7745966692414834;
w[17] =  0.581776417331443; cx[17] =  0.5477225575051659; cy[17] = -0.31622776601683816; cz[17] =  0.7745966692414834;
