w[0] =  0.27320455649986014; cx[0] =  0.4696764506583654; cy[0] =  0.19454635578995275; cz[0] = -0.8611363115940526;
w[1] =  0.27320455649986014; cx[1] =  0.19454635578995277; cy[1] =  0.4696764506583654; cz[1] = -0.8611363115940526;
w[2] =  0.27320455649986014; cx[2] = -0.19454635578995272; cy[2] =  0.4696764506583654; cz[2] = -0.8611363115940526;
w[3] =  0.27320455649986014; cx[3] = -0.4696764506583654; cy[3] =  0.1945463557899528; cz[3] = -0.8611363115940526;
w[4] =  0.27320455649986014; cx[4] = -0.46967645065836544; cy[4] = -0.1945463557899527; cz[4] = -0.8611363115940526;
w[5] =  0.27320455649986014; cx[5] = -0.19454635578995302; cy[5] = -0.4696764506583653; cz[5] = -0.8611363115940526;
w[6] =  0.27320455649986014; cx[6] =  0.19454635578995286; cy[6] = -0.46967645065836533; cz[6] = -0.8611363115940526;
w[7] =  0.27320455649986014; cx[7] =  0.4696764506583653; cy[7] = -0.19454635578995305; cz[7] = -0.8611363115940526;
w[8] =  0.5121936068975886; cx[8] =  0.868846143426105; cy[8] =  0.359887856222652; cz[8] = -0.33998104358485626;
w[9] =  0.5121936068975886; cx[9] =  0.35988785622265207; cy[9] =  0.868846143426105; cz[9] = -0.33998104358485626;
w[10] =  0.5121936068975886; cx[10] = -0.35988785622265196; cy[10] =  0.868846143426105; cz[10] = -0.33998104358485626;
w[11] =  0.5121936068975886; cx[11] = -0.868846143426105; cy[11] =  0.3598878562226521; cz[11] = -0.33998104358485626;
w[12] =  0.5121936068975886; cx[12] = -0.8688461434261051; cy[12] = -0.35988785622265196; cz[12] = -0.33998104358485626;
w[13] =  0.5121936068975886; cx[13] = -0.35988785622265257; cy[13] = -0.8688461434261048; cz[13] = -0.33998104358485626;
w[14] =  0.5121936068975886; cx[14] =  0.35988785622265224; cy[14] = -0.8688461434261049; cz[14] = -0.33998104358485626;
w[15] =  0.5121936068975886; cx[15] =  0.8688461434261048; cy[15] = -0.3598878562226526; cz[15] = -0.33998104358485626;
w[16] =  0.5121936068975886; cx[16] =  0.868846143426105; cy[16] =  0.359887856222652; cz[16] =  0.33998104358485626;
w[17] =  0.5121936068975886; cx[17] =  0.35988785622265207; cy[17] =  0.868846143426105; cz[17] =  0.33998104358485626;
w[18] =  0.5121936068975886; cx[18] = -0.35988785622265196; cy[18] =  0.868846143426105; cz[18] =  0.33998104358485626;
w[19] =  0.5121936068975886; cx[19] = -0.868846143426105; cy[19] =  0.3598878562226521; cz[19] =  0.33998104358485626;
w[20] =  0.5121936068975886; cx[20] = -0.8688461434261051; cy[20] = -0.35988785622265196; cz[20] =  0.33998104358485626;
w[21] =  0.5121936068975886; cx[21] = -0.35988785622265257; cy[21] = -0.8688461434261048; cz[21] =  0.33998104358485626;
w[22] =  0.5121936068975886; cx[22] =  0.35988785622265224; cy[22] = -0.8688461434261049; cz[22] =  0.33998104358485626;
w[23] =  0.5121936068975886; cx[23] =  0.8688461434261048; cy[23] = -0.3598878562226526; cz[23] =  0.33998104358485626;
w[24] =  0.27320455649986014; cx[24] =  0.4696764506583654; cy[24] =  0.19454635578995275; cz[24] =  0.8611363115940526;
w[25] =  0.27320455649986014; cx[25] =  0.19454635578995277; cy[25] =  0.4696764506583654; cz[25] =  0.8611363115940526;
w[26] =  0.27320455649986014; cx[26] = -0.19454635578995272; cy[26] =  0.4696764506583654; cz[26] =  0.8611363115940526;
w[27] =  0.27320455649986014; cx[27] = -0.4696764506583654; cy[27] =  0.1945463557899528; cz[27] =  0.8611363115940526;
w[28] =  0.27320455649986014; cx[28] = -0.46967645065836544; cy[28] = -0.1945463557899527; cz[28] =  0.8611363115940526;
w[29] =  0.27320455649986014; cx[29] = -0.19454635578995302; cy[29] = -0.4696764506583653; cz[29] =  0.8611363115940526;
w[30] =  0.27320455649986014; cx[30] =  0.19454635578995286; cy[30] = -0.46967645065836533; cz[30] =  0.8611363115940526;
w[31] =  0.27320455649986014; cx[31] =  0.4696764506583653; cy[31] = -0.19454635578995305; cz[31] =  0.8611363115940526;
