w[0] =  6.283185307179586; cx[0] =  6.123233995736766e-17; cy[0] =  1.0; cz[0] =  0.0;
w[1] =  6.283185307179586; cx[1] = -1.8369701987210297e-16; cy[1] = -1.0; cz[1] =  0.0;
