order = 65
 ref0,  ref1,  ref2,    nR,  nG, nDir
0.000, 0.000, 0.000,	1454,   0, 1454
0.010, 0.000, 0.000,	1454,   4, 1458
0.020, 0.000, 0.000,	1454,   8, 1462
0.030, 0.000, 0.000,	1454,  16, 1470
0.040, 0.000, 0.000,	1454,  24, 1478
0.050, 0.000, 0.000,	1454,  36, 1490
0.060, 0.000, 0.000,	1454,  40, 1494
0.070, 0.000, 0.000,	1454,  56, 1510
0.080, 0.000, 0.000,	1454,  64, 1518
0.090, 0.000, 0.000,	1454,  84, 1538
0.100, 0.000, 0.000,	1454,  92, 1546
0.110, 0.000, 0.000,	1454, 112, 1566
0.120, 0.000, 0.000,	1454, 128, 1582
0.130, 0.000, 0.000,	1454, 136, 1590
0.140, 0.000, 0.000,	1454, 164, 1618
0.150, 0.000, 0.000,	1454, 188, 1642
0.160, 0.000, 0.000,	1454, 200, 1654
0.170, 0.000, 0.000,	1454, 232, 1686
0.180, 0.000, 0.000,	1454, 248, 1702
0.190, 0.000, 0.000,	1454, 268, 1722
0.200, 0.000, 0.000,	1454, 300, 1754
0.010, 0.010, 0.000,	1454,   8, 1462
0.020, 0.010, 0.000,	1454,  12, 1466
0.030, 0.010, 0.000,	1454,  20, 1474
0.040, 0.010, 0.000,	1454,  28, 1482
0.050, 0.010, 0.000,	1454,  40, 1494
0.060, 0.010, 0.000,	1454,  44, 1498
0.070, 0.010, 0.000,	1454,  60, 1514
0.080, 0.010, 0.000,	1454,  68, 1522
0.090, 0.010, 0.000,	1454,  88, 1542
0.100, 0.010, 0.000,	1454,  96, 1550
0.110, 0.010, 0.000,	1454, 116, 1570
0.120, 0.010, 0.000,	1454, 132, 1586
0.130, 0.010, 0.000,	1454, 140, 1594
0.140, 0.010, 0.000,	1454, 168, 1622
0.150, 0.010, 0.000,	1454, 192, 1646
0.160, 0.010, 0.000,	1454, 204, 1658
0.170, 0.010, 0.000,	1454, 236, 1690
0.180, 0.010, 0.000,	1454, 252, 1706
0.190, 0.010, 0.000,	1454, 272, 1726
0.200, 0.010, 0.000,	1454, 304, 1758
0.020, 0.020, 0.000,	1454,  16, 1470
0.030, 0.020, 0.000,	1454,  24, 1478
0.040, 0.020, 0.000,	1454,  32, 1486
0.050, 0.020, 0.000,	1454,  44, 1498
0.060, 0.020, 0.000,	1454,  48, 1502
0.070, 0.020, 0.000,	1454,  64, 1518
0.080, 0.020, 0.000,	1454,  72, 1526
0.090, 0.020, 0.000,	1454,  92, 1546
0.100, 0.020, 0.000,	1454, 100, 1554
0.110, 0.020, 0.000,	1454, 120, 1574
0.120, 0.020, 0.000,	1454, 136, 1590
0.130, 0.020, 0.000,	1454, 144, 1598
0.140, 0.020, 0.000,	1454, 172, 1626
0.150, 0.020, 0.000,	1454, 196, 1650
0.160, 0.020, 0.000,	1454, 208, 1662
0.170, 0.020, 0.000,	1454, 240, 1694
0.180, 0.020, 0.000,	1454, 256, 1710
0.190, 0.020, 0.000,	1454, 276, 1730
0.200, 0.020, 0.000,	1454, 308, 1762
0.030, 0.030, 0.000,	1454,  28, 1482
0.040, 0.030, 0.000,	1454,  36, 1490
0.050, 0.030, 0.000,	1454,  48, 1502
0.060, 0.030, 0.000,	1454,  52, 1506
0.070, 0.030, 0.000,	1454,  68, 1522
0.080, 0.030, 0.000,	1454,  76, 1530
0.090, 0.030, 0.000,	1454,  96, 1550
0.100, 0.030, 0.000,	1454, 104, 1558
0.110, 0.030, 0.000,	1454, 124, 1578
0.120, 0.030, 0.000,	1454, 140, 1594
0.130, 0.030, 0.000,	1454, 148, 1602
0.140, 0.030, 0.000,	1454, 176, 1630
0.150, 0.030, 0.000,	1454, 200, 1654
0.160, 0.030, 0.000,	1454, 212, 1666
0.170, 0.030, 0.000,	1454, 244, 1698
0.180, 0.030, 0.000,	1454, 260, 1714
0.190, 0.030, 0.000,	1454, 280, 1734
0.200, 0.030, 0.000,	1454, 312, 1766
0.040, 0.040, 0.000,	1454,  44, 1498
0.050, 0.040, 0.000,	1454,  56, 1510
0.060, 0.040, 0.000,	1454,  60, 1514
0.070, 0.040, 0.000,	1454,  76, 1530
0.080, 0.040, 0.000,	1454,  84, 1538
0.090, 0.040, 0.000,	1454, 104, 1558
0.100, 0.040, 0.000,	1454, 112, 1566
0.110, 0.040, 0.000,	1454, 132, 1586
0.120, 0.040, 0.000,	1454, 148, 1602
0.130, 0.040, 0.000,	1454, 156, 1610
0.140, 0.040, 0.000,	1454, 184, 1638
0.150, 0.040, 0.000,	1454, 208, 1662
0.160, 0.040, 0.000,	1454, 220, 1674
0.170, 0.040, 0.000,	1454, 252, 1706
0.180, 0.040, 0.000,	1454, 268, 1722
0.190, 0.040, 0.000,	1454, 288, 1742
0.200, 0.040, 0.000,	1454, 320, 1774
0.050, 0.050, 0.000,	1454,  60, 1514
0.060, 0.050, 0.000,	1454,  64, 1518
0.070, 0.050, 0.000,	1454,  80, 1534
0.080, 0.050, 0.000,	1454,  88, 1542
0.090, 0.050, 0.000,	1454, 108, 1562
0.100, 0.050, 0.000,	1454, 116, 1570
0.110, 0.050, 0.000,	1454, 136, 1590
0.120, 0.050, 0.000,	1454, 152, 1606
0.130, 0.050, 0.000,	1454, 160, 1614
0.140, 0.050, 0.000,	1454, 188, 1642
0.150, 0.050, 0.000,	1454, 212, 1666
0.160, 0.050, 0.000,	1454, 224, 1678
0.170, 0.050, 0.000,	1454, 256, 1710
0.180, 0.050, 0.000,	1454, 272, 1726
0.190, 0.050, 0.000,	1454, 292, 1746
0.200, 0.050, 0.000,	1454, 324, 1778
0.060, 0.060, 0.000,	1454,  68, 1522
0.070, 0.060, 0.000,	1454,  84, 1538
0.080, 0.060, 0.000,	1454,  92, 1546
0.090, 0.060, 0.000,	1454, 112, 1566
0.100, 0.060, 0.000,	1454, 120, 1574
0.110, 0.060, 0.000,	1454, 140, 1594
0.120, 0.060, 0.000,	1454, 156, 1610
0.130, 0.060, 0.000,	1454, 164, 1618
0.140, 0.060, 0.000,	1454, 192, 1646
0.150, 0.060, 0.000,	1454, 216, 1670
0.160, 0.060, 0.000,	1454, 228, 1682
0.170, 0.060, 0.000,	1454, 260, 1714
0.180, 0.060, 0.000,	1454, 276, 1730
0.190, 0.060, 0.000,	1454, 296, 1750
0.200, 0.060, 0.000,	1454, 328, 1782
0.070, 0.070, 0.000,	1454,  92, 1546
0.080, 0.070, 0.000,	1454, 100, 1554
0.090, 0.070, 0.000,	1454, 120, 1574
0.100, 0.070, 0.000,	1454, 128, 1582
0.110, 0.070, 0.000,	1454, 148, 1602
0.120, 0.070, 0.000,	1454, 164, 1618
0.130, 0.070, 0.000,	1454, 172, 1626
0.140, 0.070, 0.000,	1454, 200, 1654
0.150, 0.070, 0.000,	1454, 224, 1678
0.160, 0.070, 0.000,	1454, 236, 1690
0.170, 0.070, 0.000,	1454, 268, 1722
0.180, 0.070, 0.000,	1454, 284, 1738
0.190, 0.070, 0.000,	1454, 304, 1758
0.200, 0.070, 0.000,	1454, 336, 1790
0.080, 0.080, 0.000,	1454, 104, 1558
0.090, 0.080, 0.000,	1454, 124, 1578
0.100, 0.080, 0.000,	1454, 132, 1586
0.110, 0.080, 0.000,	1454, 152, 1606
0.120, 0.080, 0.000,	1454, 168, 1622
0.130, 0.080, 0.000,	1454, 176, 1630
0.140, 0.080, 0.000,	1454, 204, 1658
0.150, 0.080, 0.000,	1454, 228, 1682
0.160, 0.080, 0.000,	1454, 240, 1694
0.170, 0.080, 0.000,	1454, 272, 1726
0.180, 0.080, 0.000,	1454, 288, 1742
0.190, 0.080, 0.000,	1454, 308, 1762
0.200, 0.080, 0.000,	1454, 340, 1794
0.090, 0.090, 0.000,	1454, 140, 1594
0.100, 0.090, 0.000,	1454, 148, 1602
0.110, 0.090, 0.000,	1454, 168, 1622
0.120, 0.090, 0.000,	1454, 184, 1638
0.130, 0.090, 0.000,	1454, 192, 1646
0.140, 0.090, 0.000,	1454, 220, 1674
0.150, 0.090, 0.000,	1454, 244, 1698
0.160, 0.090, 0.000,	1454, 256, 1710
0.170, 0.090, 0.000,	1454, 288, 1742
0.180, 0.090, 0.000,	1454, 304, 1758
0.190, 0.090, 0.000,	1454, 324, 1778
0.200, 0.090, 0.000,	1454, 356, 1810
0.100, 0.100, 0.000,	1454, 148, 1602
0.110, 0.100, 0.000,	1454, 168, 1622
0.120, 0.100, 0.000,	1454, 184, 1638
0.130, 0.100, 0.000,	1454, 192, 1646
0.140, 0.100, 0.000,	1454, 220, 1674
0.150, 0.100, 0.000,	1454, 244, 1698
0.160, 0.100, 0.000,	1454, 256, 1710
0.170, 0.100, 0.000,	1454, 288, 1742
0.180, 0.100, 0.000,	1454, 304, 1758
0.190, 0.100, 0.000,	1454, 324, 1778
0.200, 0.100, 0.000,	1454, 356, 1810
0.110, 0.110, 0.000,	1454, 184, 1638
0.120, 0.110, 0.000,	1454, 200, 1654
0.130, 0.110, 0.000,	1454, 208, 1662
0.140, 0.110, 0.000,	1454, 236, 1690
0.150, 0.110, 0.000,	1454, 260, 1714
0.160, 0.110, 0.000,	1454, 272, 1726
0.170, 0.110, 0.000,	1454, 304, 1758
0.180, 0.110, 0.000,	1454, 320, 1774
0.190, 0.110, 0.000,	1454, 340, 1794
0.200, 0.110, 0.000,	1454, 372, 1826
0.120, 0.120, 0.000,	1454, 208, 1662
0.130, 0.120, 0.000,	1454, 216, 1670
0.140, 0.120, 0.000,	1454, 244, 1698
0.150, 0.120, 0.000,	1454, 268, 1722
0.160, 0.120, 0.000,	1454, 280, 1734
0.170, 0.120, 0.000,	1454, 312, 1766
0.180, 0.120, 0.000,	1454, 328, 1782
0.190, 0.120, 0.000,	1454, 348, 1802
0.200, 0.120, 0.000,	1454, 380, 1834
0.130, 0.130, 0.000,	1454, 216, 1670
0.140, 0.130, 0.000,	1454, 244, 1698
0.150, 0.130, 0.000,	1454, 268, 1722
0.160, 0.130, 0.000,	1454, 280, 1734
0.170, 0.130, 0.000,	1454, 312, 1766
0.180, 0.130, 0.000,	1454, 328, 1782
0.190, 0.130, 0.000,	1454, 348, 1802
0.200, 0.130, 0.000,	1454, 380, 1834
0.140, 0.140, 0.000,	1454, 264, 1718
0.150, 0.140, 0.000,	1454, 288, 1742
0.160, 0.140, 0.000,	1454, 300, 1754
0.170, 0.140, 0.000,	1454, 332, 1786
0.180, 0.140, 0.000,	1454, 348, 1802
0.190, 0.140, 0.000,	1454, 368, 1822
0.200, 0.140, 0.000,	1454, 400, 1854
0.150, 0.150, 0.000,	1454, 296, 1750
0.160, 0.150, 0.000,	1454, 308, 1762
0.170, 0.150, 0.000,	1454, 340, 1794
0.180, 0.150, 0.000,	1454, 356, 1810
0.190, 0.150, 0.000,	1454, 376, 1830
0.200, 0.150, 0.000,	1454, 408, 1862
0.160, 0.160, 0.000,	1454, 320, 1774
0.170, 0.160, 0.000,	1454, 352, 1806
0.180, 0.160, 0.000,	1454, 368, 1822
0.190, 0.160, 0.000,	1454, 388, 1842
0.200, 0.160, 0.000,	1454, 420, 1874
0.170, 0.170, 0.000,	1454, 364, 1818
0.180, 0.170, 0.000,	1454, 380, 1834
0.190, 0.170, 0.000,	1454, 400, 1854
0.200, 0.170, 0.000,	1454, 432, 1886
0.180, 0.180, 0.000,	1454, 388, 1842
0.190, 0.180, 0.000,	1454, 408, 1862
0.200, 0.180, 0.000,	1454, 440, 1894
0.190, 0.190, 0.000,	1454, 424, 1878
0.200, 0.190, 0.000,	1454, 456, 1910
0.200, 0.200, 0.000,	1454, 468, 1922
0.010, 0.010, 0.010,	1454,  24, 1478
0.020, 0.010, 0.010,	1454,  28, 1482
0.030, 0.010, 0.010,	1454,  36, 1490
0.040, 0.010, 0.010,	1454,  44, 1498
0.050, 0.010, 0.010,	1454,  56, 1510
0.060, 0.010, 0.010,	1454,  60, 1514
0.070, 0.010, 0.010,	1454,  76, 1530
0.080, 0.010, 0.010,	1454,  84, 1538
0.090, 0.010, 0.010,	1454, 104, 1558
0.100, 0.010, 0.010,	1454, 112, 1566
0.110, 0.010, 0.010,	1454, 132, 1586
0.120, 0.010, 0.010,	1454, 148, 1602
0.130, 0.010, 0.010,	1454, 156, 1610
0.140, 0.010, 0.010,	1454, 184, 1638
0.150, 0.010, 0.010,	1454, 208, 1662
0.160, 0.010, 0.010,	1454, 220, 1674
0.170, 0.010, 0.010,	1454, 252, 1706
0.180, 0.010, 0.010,	1454, 268, 1722
0.190, 0.010, 0.010,	1454, 288, 1742
0.200, 0.010, 0.010,	1454, 320, 1774
0.020, 0.020, 0.010,	1454,  32, 1486
0.030, 0.020, 0.010,	1454,  40, 1494
0.040, 0.020, 0.010,	1454,  48, 1502
0.050, 0.020, 0.010,	1454,  60, 1514
0.060, 0.020, 0.010,	1454,  64, 1518
0.070, 0.020, 0.010,	1454,  80, 1534
0.080, 0.020, 0.010,	1454,  88, 1542
0.090, 0.020, 0.010,	1454, 108, 1562
0.100, 0.020, 0.010,	1454, 116, 1570
0.110, 0.020, 0.010,	1454, 136, 1590
0.120, 0.020, 0.010,	1454, 152, 1606
0.130, 0.020, 0.010,	1454, 160, 1614
0.140, 0.020, 0.010,	1454, 188, 1642
0.150, 0.020, 0.010,	1454, 212, 1666
0.160, 0.020, 0.010,	1454, 224, 1678
0.170, 0.020, 0.010,	1454, 256, 1710
0.180, 0.020, 0.010,	1454, 272, 1726
0.190, 0.020, 0.010,	1454, 292, 1746
0.200, 0.020, 0.010,	1454, 324, 1778
0.030, 0.030, 0.010,	1454,  44, 1498
0.040, 0.030, 0.010,	1454,  52, 1506
0.050, 0.030, 0.010,	1454,  64, 1518
0.060, 0.030, 0.010,	1454,  68, 1522
0.070, 0.030, 0.010,	1454,  84, 1538
0.080, 0.030, 0.010,	1454,  92, 1546
0.090, 0.030, 0.010,	1454, 112, 1566
0.100, 0.030, 0.010,	1454, 120, 1574
0.110, 0.030, 0.010,	1454, 140, 1594
0.120, 0.030, 0.010,	1454, 156, 1610
0.130, 0.030, 0.010,	1454, 164, 1618
0.140, 0.030, 0.010,	1454, 192, 1646
0.150, 0.030, 0.010,	1454, 216, 1670
0.160, 0.030, 0.010,	1454, 228, 1682
0.170, 0.030, 0.010,	1454, 260, 1714
0.180, 0.030, 0.010,	1454, 276, 1730
0.190, 0.030, 0.010,	1454, 296, 1750
0.200, 0.030, 0.010,	1454, 328, 1782
0.040, 0.040, 0.010,	1454,  60, 1514
0.050, 0.040, 0.010,	1454,  72, 1526
0.060, 0.040, 0.010,	1454,  76, 1530
0.070, 0.040, 0.010,	1454,  92, 1546
0.080, 0.040, 0.010,	1454, 100, 1554
0.090, 0.040, 0.010,	1454, 120, 1574
0.100, 0.040, 0.010,	1454, 128, 1582
0.110, 0.040, 0.010,	1454, 148, 1602
0.120, 0.040, 0.010,	1454, 164, 1618
0.130, 0.040, 0.010,	1454, 172, 1626
0.140, 0.040, 0.010,	1454, 200, 1654
0.150, 0.040, 0.010,	1454, 224, 1678
0.160, 0.040, 0.010,	1454, 236, 1690
0.170, 0.040, 0.010,	1454, 268, 1722
0.180, 0.040, 0.010,	1454, 284, 1738
0.190, 0.040, 0.010,	1454, 304, 1758
0.200, 0.040, 0.010,	1454, 336, 1790
0.050, 0.050, 0.010,	1454,  76, 1530
0.060, 0.050, 0.010,	1454,  80, 1534
0.070, 0.050, 0.010,	1454,  96, 1550
0.080, 0.050, 0.010,	1454, 104, 1558
0.090, 0.050, 0.010,	1454, 124, 1578
0.100, 0.050, 0.010,	1454, 132, 1586
0.110, 0.050, 0.010,	1454, 152, 1606
0.120, 0.050, 0.010,	1454, 168, 1622
0.130, 0.050, 0.010,	1454, 176, 1630
0.140, 0.050, 0.010,	1454, 204, 1658
0.150, 0.050, 0.010,	1454, 228, 1682
0.160, 0.050, 0.010,	1454, 240, 1694
0.170, 0.050, 0.010,	1454, 272, 1726
0.180, 0.050, 0.010,	1454, 288, 1742
0.190, 0.050, 0.010,	1454, 308, 1762
0.200, 0.050, 0.010,	1454, 340, 1794
0.060, 0.060, 0.010,	1454,  84, 1538
0.070, 0.060, 0.010,	1454, 100, 1554
0.080, 0.060, 0.010,	1454, 108, 1562
0.090, 0.060, 0.010,	1454, 128, 1582
0.100, 0.060, 0.010,	1454, 136, 1590
0.110, 0.060, 0.010,	1454, 156, 1610
0.120, 0.060, 0.010,	1454, 172, 1626
0.130, 0.060, 0.010,	1454, 180, 1634
0.140, 0.060, 0.010,	1454, 208, 1662
0.150, 0.060, 0.010,	1454, 232, 1686
0.160, 0.060, 0.010,	1454, 244, 1698
0.170, 0.060, 0.010,	1454, 276, 1730
0.180, 0.060, 0.010,	1454, 292, 1746
0.190, 0.060, 0.010,	1454, 312, 1766
0.200, 0.060, 0.010,	1454, 344, 1798
0.070, 0.070, 0.010,	1454, 108, 1562
0.080, 0.070, 0.010,	1454, 116, 1570
0.090, 0.070, 0.010,	1454, 136, 1590
0.100, 0.070, 0.010,	1454, 144, 1598
0.110, 0.070, 0.010,	1454, 164, 1618
0.120, 0.070, 0.010,	1454, 180, 1634
0.130, 0.070, 0.010,	1454, 188, 1642
0.140, 0.070, 0.010,	1454, 216, 1670
0.150, 0.070, 0.010,	1454, 240, 1694
0.160, 0.070, 0.010,	1454, 252, 1706
0.170, 0.070, 0.010,	1454, 284, 1738
0.180, 0.070, 0.010,	1454, 300, 1754
0.190, 0.070, 0.010,	1454, 320, 1774
0.200, 0.070, 0.010,	1454, 352, 1806
0.080, 0.080, 0.010,	1454, 120, 1574
0.090, 0.080, 0.010,	1454, 140, 1594
0.100, 0.080, 0.010,	1454, 148, 1602
0.110, 0.080, 0.010,	1454, 168, 1622
0.120, 0.080, 0.010,	1454, 184, 1638
0.130, 0.080, 0.010,	1454, 192, 1646
0.140, 0.080, 0.010,	1454, 220, 1674
0.150, 0.080, 0.010,	1454, 244, 1698
0.160, 0.080, 0.010,	1454, 256, 1710
0.170, 0.080, 0.010,	1454, 288, 1742
0.180, 0.080, 0.010,	1454, 304, 1758
0.190, 0.080, 0.010,	1454, 324, 1778
0.200, 0.080, 0.010,	1454, 356, 1810
0.090, 0.090, 0.010,	1454, 156, 1610
0.100, 0.090, 0.010,	1454, 164, 1618
0.110, 0.090, 0.010,	1454, 184, 1638
0.120, 0.090, 0.010,	1454, 200, 1654
0.130, 0.090, 0.010,	1454, 208, 1662
0.140, 0.090, 0.010,	1454, 236, 1690
0.150, 0.090, 0.010,	1454, 260, 1714
0.160, 0.090, 0.010,	1454, 272, 1726
0.170, 0.090, 0.010,	1454, 304, 1758
0.180, 0.090, 0.010,	1454, 320, 1774
0.190, 0.090, 0.010,	1454, 340, 1794
0.200, 0.090, 0.010,	1454, 372, 1826
0.100, 0.100, 0.010,	1454, 164, 1618
0.110, 0.100, 0.010,	1454, 184, 1638
0.120, 0.100, 0.010,	1454, 200, 1654
0.130, 0.100, 0.010,	1454, 208, 1662
0.140, 0.100, 0.010,	1454, 236, 1690
0.150, 0.100, 0.010,	1454, 260, 1714
0.160, 0.100, 0.010,	1454, 272, 1726
0.170, 0.100, 0.010,	1454, 304, 1758
0.180, 0.100, 0.010,	1454, 320, 1774
0.190, 0.100, 0.010,	1454, 340, 1794
0.200, 0.100, 0.010,	1454, 372, 1826
0.110, 0.110, 0.010,	1454, 200, 1654
0.120, 0.110, 0.010,	1454, 216, 1670
0.130, 0.110, 0.010,	1454, 224, 1678
0.140, 0.110, 0.010,	1454, 252, 1706
0.150, 0.110, 0.010,	1454, 276, 1730
0.160, 0.110, 0.010,	1454, 288, 1742
0.170, 0.110, 0.010,	1454, 320, 1774
0.180, 0.110, 0.010,	1454, 336, 1790
0.190, 0.110, 0.010,	1454, 356, 1810
0.200, 0.110, 0.010,	1454, 388, 1842
0.120, 0.120, 0.010,	1454, 224, 1678
0.130, 0.120, 0.010,	1454, 232, 1686
0.140, 0.120, 0.010,	1454, 260, 1714
0.150, 0.120, 0.010,	1454, 284, 1738
0.160, 0.120, 0.010,	1454, 296, 1750
0.170, 0.120, 0.010,	1454, 328, 1782
0.180, 0.120, 0.010,	1454, 344, 1798
0.190, 0.120, 0.010,	1454, 364, 1818
0.200, 0.120, 0.010,	1454, 396, 1850
0.130, 0.130, 0.010,	1454, 232, 1686
0.140, 0.130, 0.010,	1454, 260, 1714
0.150, 0.130, 0.010,	1454, 284, 1738
0.160, 0.130, 0.010,	1454, 296, 1750
0.170, 0.130, 0.010,	1454, 328, 1782
0.180, 0.130, 0.010,	1454, 344, 1798
0.190, 0.130, 0.010,	1454, 364, 1818
0.200, 0.130, 0.010,	1454, 396, 1850
0.140, 0.140, 0.010,	1454, 280, 1734
0.150, 0.140, 0.010,	1454, 304, 1758
0.160, 0.140, 0.010,	1454, 316, 1770
0.170, 0.140, 0.010,	1454, 348, 1802
0.180, 0.140, 0.010,	1454, 364, 1818
0.190, 0.140, 0.010,	1454, 384, 1838
0.200, 0.140, 0.010,	1454, 416, 1870
0.150, 0.150, 0.010,	1454, 312, 1766
0.160, 0.150, 0.010,	1454, 324, 1778
0.170, 0.150, 0.010,	1454, 356, 1810
0.180, 0.150, 0.010,	1454, 372, 1826
0.190, 0.150, 0.010,	1454, 392, 1846
0.200, 0.150, 0.010,	1454, 424, 1878
0.160, 0.160, 0.010,	1454, 336, 1790
0.170, 0.160, 0.010,	1454, 368, 1822
0.180, 0.160, 0.010,	1454, 384, 1838
0.190, 0.160, 0.010,	1454, 404, 1858
0.200, 0.160, 0.010,	1454, 436, 1890
0.170, 0.170, 0.010,	1454, 380, 1834
0.180, 0.170, 0.010,	1454, 396, 1850
0.190, 0.170, 0.010,	1454, 416, 1870
0.200, 0.170, 0.010,	1454, 448, 1902
0.180, 0.180, 0.010,	1454, 404, 1858
0.190, 0.180, 0.010,	1454, 424, 1878
0.200, 0.180, 0.010,	1454, 456, 1910
0.190, 0.190, 0.010,	1454, 440, 1894
0.200, 0.190, 0.010,	1454, 472, 1926
0.200, 0.200, 0.010,	1454, 484, 1938
0.020, 0.020, 0.020,	1454,  48, 1502
0.030, 0.020, 0.020,	1454,  56, 1510
0.040, 0.020, 0.020,	1454,  64, 1518
0.050, 0.020, 0.020,	1454,  76, 1530
0.060, 0.020, 0.020,	1454,  80, 1534
0.070, 0.020, 0.020,	1454,  96, 1550
0.080, 0.020, 0.020,	1454, 104, 1558
0.090, 0.020, 0.020,	1454, 124, 1578
0.100, 0.020, 0.020,	1454, 132, 1586
0.110, 0.020, 0.020,	1454, 152, 1606
0.120, 0.020, 0.020,	1454, 168, 1622
0.130, 0.020, 0.020,	1454, 176, 1630
0.140, 0.020, 0.020,	1454, 204, 1658
0.150, 0.020, 0.020,	1454, 228, 1682
0.160, 0.020, 0.020,	1454, 240, 1694
0.170, 0.020, 0.020,	1454, 272, 1726
0.180, 0.020, 0.020,	1454, 288, 1742
0.190, 0.020, 0.020,	1454, 308, 1762
0.200, 0.020, 0.020,	1454, 340, 1794
0.030, 0.030, 0.020,	1454,  60, 1514
0.040, 0.030, 0.020,	1454,  68, 1522
0.050, 0.030, 0.020,	1454,  80, 1534
0.060, 0.030, 0.020,	1454,  84, 1538
0.070, 0.030, 0.020,	1454, 100, 1554
0.080, 0.030, 0.020,	1454, 108, 1562
0.090, 0.030, 0.020,	1454, 128, 1582
0.100, 0.030, 0.020,	1454, 136, 1590
0.110, 0.030, 0.020,	1454, 156, 1610
0.120, 0.030, 0.020,	1454, 172, 1626
0.130, 0.030, 0.020,	1454, 180, 1634
0.140, 0.030, 0.020,	1454, 208, 1662
0.150, 0.030, 0.020,	1454, 232, 1686
0.160, 0.030, 0.020,	1454, 244, 1698
0.170, 0.030, 0.020,	1454, 276, 1730
0.180, 0.030, 0.020,	1454, 292, 1746
0.190, 0.030, 0.020,	1454, 312, 1766
0.200, 0.030, 0.020,	1454, 344, 1798
0.040, 0.040, 0.020,	1454,  76, 1530
0.050, 0.040, 0.020,	1454,  88, 1542
0.060, 0.040, 0.020,	1454,  92, 1546
0.070, 0.040, 0.020,	1454, 108, 1562
0.080, 0.040, 0.020,	1454, 116, 1570
0.090, 0.040, 0.020,	1454, 136, 1590
0.100, 0.040, 0.020,	1454, 144, 1598
0.110, 0.040, 0.020,	1454, 164, 1618
0.120, 0.040, 0.020,	1454, 180, 1634
0.130, 0.040, 0.020,	1454, 188, 1642
0.140, 0.040, 0.020,	1454, 216, 1670
0.150, 0.040, 0.020,	1454, 240, 1694
0.160, 0.040, 0.020,	1454, 252, 1706
0.170, 0.040, 0.020,	1454, 284, 1738
0.180, 0.040, 0.020,	1454, 300, 1754
0.190, 0.040, 0.020,	1454, 320, 1774
0.200, 0.040, 0.020,	1454, 352, 1806
0.050, 0.050, 0.020,	1454,  92, 1546
0.060, 0.050, 0.020,	1454,  96, 1550
0.070, 0.050, 0.020,	1454, 112, 1566
0.080, 0.050, 0.020,	1454, 120, 1574
0.090, 0.050, 0.020,	1454, 140, 1594
0.100, 0.050, 0.020,	1454, 148, 1602
0.110, 0.050, 0.020,	1454, 168, 1622
0.120, 0.050, 0.020,	1454, 184, 1638
0.130, 0.050, 0.020,	1454, 192, 1646
0.140, 0.050, 0.020,	1454, 220, 1674
0.150, 0.050, 0.020,	1454, 244, 1698
0.160, 0.050, 0.020,	1454, 256, 1710
0.170, 0.050, 0.020,	1454, 288, 1742
0.180, 0.050, 0.020,	1454, 304, 1758
0.190, 0.050, 0.020,	1454, 324, 1778
0.200, 0.050, 0.020,	1454, 356, 1810
0.060, 0.060, 0.020,	1454, 100, 1554
0.070, 0.060, 0.020,	1454, 116, 1570
0.080, 0.060, 0.020,	1454, 124, 1578
0.090, 0.060, 0.020,	1454, 144, 1598
0.100, 0.060, 0.020,	1454, 152, 1606
0.110, 0.060, 0.020,	1454, 172, 1626
0.120, 0.060, 0.020,	1454, 188, 1642
0.130, 0.060, 0.020,	1454, 196, 1650
0.140, 0.060, 0.020,	1454, 224, 1678
0.150, 0.060, 0.020,	1454, 248, 1702
0.160, 0.060, 0.020,	1454, 260, 1714
0.170, 0.060, 0.020,	1454, 292, 1746
0.180, 0.060, 0.020,	1454, 308, 1762
0.190, 0.060, 0.020,	1454, 328, 1782
0.200, 0.060, 0.020,	1454, 360, 1814
0.070, 0.070, 0.020,	1454, 124, 1578
0.080, 0.070, 0.020,	1454, 132, 1586
0.090, 0.070, 0.020,	1454, 152, 1606
0.100, 0.070, 0.020,	1454, 160, 1614
0.110, 0.070, 0.020,	1454, 180, 1634
0.120, 0.070, 0.020,	1454, 196, 1650
0.130, 0.070, 0.020,	1454, 204, 1658
0.140, 0.070, 0.020,	1454, 232, 1686
0.150, 0.070, 0.020,	1454, 256, 1710
0.160, 0.070, 0.020,	1454, 268, 1722
0.170, 0.070, 0.020,	1454, 300, 1754
0.180, 0.070, 0.020,	1454, 316, 1770
0.190, 0.070, 0.020,	1454, 336, 1790
0.200, 0.070, 0.020,	1454, 368, 1822
0.080, 0.080, 0.020,	1454, 136, 1590
0.090, 0.080, 0.020,	1454, 156, 1610
0.100, 0.080, 0.020,	1454, 164, 1618
0.110, 0.080, 0.020,	1454, 184, 1638
0.120, 0.080, 0.020,	1454, 200, 1654
0.130, 0.080, 0.020,	1454, 208, 1662
0.140, 0.080, 0.020,	1454, 236, 1690
0.150, 0.080, 0.020,	1454, 260, 1714
0.160, 0.080, 0.020,	1454, 272, 1726
0.170, 0.080, 0.020,	1454, 304, 1758
0.180, 0.080, 0.020,	1454, 320, 1774
0.190, 0.080, 0.020,	1454, 340, 1794
0.200, 0.080, 0.020,	1454, 372, 1826
0.090, 0.090, 0.020,	1454, 172, 1626
0.100, 0.090, 0.020,	1454, 180, 1634
0.110, 0.090, 0.020,	1454, 200, 1654
0.120, 0.090, 0.020,	1454, 216, 1670
0.130, 0.090, 0.020,	1454, 224, 1678
0.140, 0.090, 0.020,	1454, 252, 1706
0.150, 0.090, 0.020,	1454, 276, 1730
0.160, 0.090, 0.020,	1454, 288, 1742
0.170, 0.090, 0.020,	1454, 320, 1774
0.180, 0.090, 0.020,	1454, 336, 1790
0.190, 0.090, 0.020,	1454, 356, 1810
0.200, 0.090, 0.020,	1454, 388, 1842
0.100, 0.100, 0.020,	1454, 180, 1634
0.110, 0.100, 0.020,	1454, 200, 1654
0.120, 0.100, 0.020,	1454, 216, 1670
0.130, 0.100, 0.020,	1454, 224, 1678
0.140, 0.100, 0.020,	1454, 252, 1706
0.150, 0.100, 0.020,	1454, 276, 1730
0.160, 0.100, 0.020,	1454, 288, 1742
0.170, 0.100, 0.020,	1454, 320, 1774
0.180, 0.100, 0.020,	1454, 336, 1790
0.190, 0.100, 0.020,	1454, 356, 1810
0.200, 0.100, 0.020,	1454, 388, 1842
0.110, 0.110, 0.020,	1454, 216, 1670
0.120, 0.110, 0.020,	1454, 232, 1686
0.130, 0.110, 0.020,	1454, 240, 1694
0.140, 0.110, 0.020,	1454, 268, 1722
0.150, 0.110, 0.020,	1454, 292, 1746
0.160, 0.110, 0.020,	1454, 304, 1758
0.170, 0.110, 0.020,	1454, 336, 1790
0.180, 0.110, 0.020,	1454, 352, 1806
0.190, 0.110, 0.020,	1454, 372, 1826
0.200, 0.110, 0.020,	1454, 404, 1858
0.120, 0.120, 0.020,	1454, 240, 1694
0.130, 0.120, 0.020,	1454, 248, 1702
0.140, 0.120, 0.020,	1454, 276, 1730
0.150, 0.120, 0.020,	1454, 300, 1754
0.160, 0.120, 0.020,	1454, 312, 1766
0.170, 0.120, 0.020,	1454, 344, 1798
0.180, 0.120, 0.020,	1454, 360, 1814
0.190, 0.120, 0.020,	1454, 380, 1834
0.200, 0.120, 0.020,	1454, 412, 1866
0.130, 0.130, 0.020,	1454, 248, 1702
0.140, 0.130, 0.020,	1454, 276, 1730
0.150, 0.130, 0.020,	1454, 300, 1754
0.160, 0.130, 0.020,	1454, 312, 1766
0.170, 0.130, 0.020,	1454, 344, 1798
0.180, 0.130, 0.020,	1454, 360, 1814
0.190, 0.130, 0.020,	1454, 380, 1834
0.200, 0.130, 0.020,	1454, 412, 1866
0.140, 0.140, 0.020,	1454, 296, 1750
0.150, 0.140, 0.020,	1454, 320, 1774
0.160, 0.140, 0.020,	1454, 332, 1786
0.170, 0.140, 0.020,	1454, 364, 1818
0.180, 0.140, 0.020,	1454, 380, 1834
0.190, 0.140, 0.020,	1454, 400, 1854
0.200, 0.140, 0.020,	1454, 432, 1886
0.150, 0.150, 0.020,	1454, 328, 1782
0.160, 0.150, 0.020,	1454, 340, 1794
0.170, 0.150, 0.020,	1454, 372, 1826
0.180, 0.150, 0.020,	1454, 388, 1842
0.190, 0.150, 0.020,	1454, 408, 1862
0.200, 0.150, 0.020,	1454, 440, 1894
0.160, 0.160, 0.020,	1454, 352, 1806
0.170, 0.160, 0.020,	1454, 384, 1838
0.180, 0.160, 0.020,	1454, 400, 1854
0.190, 0.160, 0.020,	1454, 420, 1874
0.200, 0.160, 0.020,	1454, 452, 1906
0.170, 0.170, 0.020,	1454, 396, 1850
0.180, 0.170, 0.020,	1454, 412, 1866
0.190, 0.170, 0.020,	1454, 432, 1886
0.200, 0.170, 0.020,	1454, 464, 1918
0.180, 0.180, 0.020,	1454, 420, 1874
0.190, 0.180, 0.020,	1454, 440, 1894
0.200, 0.180, 0.020,	1454, 472, 1926
0.190, 0.190, 0.020,	1454, 456, 1910
0.200, 0.190, 0.020,	1454, 488, 1942
0.200, 0.200, 0.020,	1454, 500, 1954
0.030, 0.030, 0.030,	1454,  92, 1546
0.040, 0.030, 0.030,	1454, 100, 1554
0.050, 0.030, 0.030,	1454, 112, 1566
0.060, 0.030, 0.030,	1454, 116, 1570
0.070, 0.030, 0.030,	1454, 132, 1586
0.080, 0.030, 0.030,	1454, 140, 1594
0.090, 0.030, 0.030,	1454, 160, 1614
0.100, 0.030, 0.030,	1454, 168, 1622
0.110, 0.030, 0.030,	1454, 188, 1642
0.120, 0.030, 0.030,	1454, 204, 1658
0.130, 0.030, 0.030,	1454, 212, 1666
0.140, 0.030, 0.030,	1454, 240, 1694
0.150, 0.030, 0.030,	1454, 264, 1718
0.160, 0.030, 0.030,	1454, 276, 1730
0.170, 0.030, 0.030,	1454, 308, 1762
0.180, 0.030, 0.030,	1454, 324, 1778
0.190, 0.030, 0.030,	1454, 344, 1798
0.200, 0.030, 0.030,	1454, 376, 1830
0.040, 0.040, 0.030,	1454, 108, 1562
0.050, 0.040, 0.030,	1454, 120, 1574
0.060, 0.040, 0.030,	1454, 124, 1578
0.070, 0.040, 0.030,	1454, 140, 1594
0.080, 0.040, 0.030,	1454, 148, 1602
0.090, 0.040, 0.030,	1454, 168, 1622
0.100, 0.040, 0.030,	1454, 176, 1630
0.110, 0.040, 0.030,	1454, 196, 1650
0.120, 0.040, 0.030,	1454, 212, 1666
0.130, 0.040, 0.030,	1454, 220, 1674
0.140, 0.040, 0.030,	1454, 248, 1702
0.150, 0.040, 0.030,	1454, 272, 1726
0.160, 0.040, 0.030,	1454, 284, 1738
0.170, 0.040, 0.030,	1454, 316, 1770
0.180, 0.040, 0.030,	1454, 332, 1786
0.190, 0.040, 0.030,	1454, 352, 1806
0.200, 0.040, 0.030,	1454, 384, 1838
0.050, 0.050, 0.030,	1454, 124, 1578
0.060, 0.050, 0.030,	1454, 128, 1582
0.070, 0.050, 0.030,	1454, 144, 1598
0.080, 0.050, 0.030,	1454, 152, 1606
0.090, 0.050, 0.030,	1454, 172, 1626
0.100, 0.050, 0.030,	1454, 180, 1634
0.110, 0.050, 0.030,	1454, 200, 1654
0.120, 0.050, 0.030,	1454, 216, 1670
0.130, 0.050, 0.030,	1454, 224, 1678
0.140, 0.050, 0.030,	1454, 252, 1706
0.150, 0.050, 0.030,	1454, 276, 1730
0.160, 0.050, 0.030,	1454, 288, 1742
0.170, 0.050, 0.030,	1454, 320, 1774
0.180, 0.050, 0.030,	1454, 336, 1790
0.190, 0.050, 0.030,	1454, 356, 1810
0.200, 0.050, 0.030,	1454, 388, 1842
0.060, 0.060, 0.030,	1454, 132, 1586
0.070, 0.060, 0.030,	1454, 148, 1602
0.080, 0.060, 0.030,	1454, 156, 1610
0.090, 0.060, 0.030,	1454, 176, 1630
0.100, 0.060, 0.030,	1454, 184, 1638
0.110, 0.060, 0.030,	1454, 204, 1658
0.120, 0.060, 0.030,	1454, 220, 1674
0.130, 0.060, 0.030,	1454, 228, 1682
0.140, 0.060, 0.030,	1454, 256, 1710
0.150, 0.060, 0.030,	1454, 280, 1734
0.160, 0.060, 0.030,	1454, 292, 1746
0.170, 0.060, 0.030,	1454, 324, 1778
0.180, 0.060, 0.030,	1454, 340, 1794
0.190, 0.060, 0.030,	1454, 360, 1814
0.200, 0.060, 0.030,	1454, 392, 1846
0.070, 0.070, 0.030,	1454, 156, 1610
0.080, 0.070, 0.030,	1454, 164, 1618
0.090, 0.070, 0.030,	1454, 184, 1638
0.100, 0.070, 0.030,	1454, 192, 1646
0.110, 0.070, 0.030,	1454, 212, 1666
0.120, 0.070, 0.030,	1454, 228, 1682
0.130, 0.070, 0.030,	1454, 236, 1690
0.140, 0.070, 0.030,	1454, 264, 1718
0.150, 0.070, 0.030,	1454, 288, 1742
0.160, 0.070, 0.030,	1454, 300, 1754
0.170, 0.070, 0.030,	1454, 332, 1786
0.180, 0.070, 0.030,	1454, 348, 1802
0.190, 0.070, 0.030,	1454, 368, 1822
0.200, 0.070, 0.030,	1454, 400, 1854
0.080, 0.080, 0.030,	1454, 168, 1622
0.090, 0.080, 0.030,	1454, 188, 1642
0.100, 0.080, 0.030,	1454, 196, 1650
0.110, 0.080, 0.030,	1454, 216, 1670
0.120, 0.080, 0.030,	1454, 232, 1686
0.130, 0.080, 0.030,	1454, 240, 1694
0.140, 0.080, 0.030,	1454, 268, 1722
0.150, 0.080, 0.030,	1454, 292, 1746
0.160, 0.080, 0.030,	1454, 304, 1758
0.170, 0.080, 0.030,	1454, 336, 1790
0.180, 0.080, 0.030,	1454, 352, 1806
0.190, 0.080, 0.030,	1454, 372, 1826
0.200, 0.080, 0.030,	1454, 404, 1858
0.090, 0.090, 0.030,	1454, 204, 1658
0.100, 0.090, 0.030,	1454, 212, 1666
0.110, 0.090, 0.030,	1454, 232, 1686
0.120, 0.090, 0.030,	1454, 248, 1702
0.130, 0.090, 0.030,	1454, 256, 1710
0.140, 0.090, 0.030,	1454, 284, 1738
0.150, 0.090, 0.030,	1454, 308, 1762
0.160, 0.090, 0.030,	1454, 320, 1774
0.170, 0.090, 0.030,	1454, 352, 1806
0.180, 0.090, 0.030,	1454, 368, 1822
0.190, 0.090, 0.030,	1454, 388, 1842
0.200, 0.090, 0.030,	1454, 420, 1874
0.100, 0.100, 0.030,	1454, 212, 1666
0.110, 0.100, 0.030,	1454, 232, 1686
0.120, 0.100, 0.030,	1454, 248, 1702
0.130, 0.100, 0.030,	1454, 256, 1710
0.140, 0.100, 0.030,	1454, 284, 1738
0.150, 0.100, 0.030,	1454, 308, 1762
0.160, 0.100, 0.030,	1454, 320, 1774
0.170, 0.100, 0.030,	1454, 352, 1806
0.180, 0.100, 0.030,	1454, 368, 1822
0.190, 0.100, 0.030,	1454, 388, 1842
0.200, 0.100, 0.030,	1454, 420, 1874
0.110, 0.110, 0.030,	1454, 248, 1702
0.120, 0.110, 0.030,	1454, 264, 1718
0.130, 0.110, 0.030,	1454, 272, 1726
0.140, 0.110, 0.030,	1454, 300, 1754
0.150, 0.110, 0.030,	1454, 324, 1778
0.160, 0.110, 0.030,	1454, 336, 1790
0.170, 0.110, 0.030,	1454, 368, 1822
0.180, 0.110, 0.030,	1454, 384, 1838
0.190, 0.110, 0.030,	1454, 404, 1858
0.200, 0.110, 0.030,	1454, 436, 1890
0.120, 0.120, 0.030,	1454, 272, 1726
0.130, 0.120, 0.030,	1454, 280, 1734
0.140, 0.120, 0.030,	1454, 308, 1762
0.150, 0.120, 0.030,	1454, 332, 1786
0.160, 0.120, 0.030,	1454, 344, 1798
0.170, 0.120, 0.030,	1454, 376, 1830
0.180, 0.120, 0.030,	1454, 392, 1846
0.190, 0.120, 0.030,	1454, 412, 1866
0.200, 0.120, 0.030,	1454, 444, 1898
0.130, 0.130, 0.030,	1454, 280, 1734
0.140, 0.130, 0.030,	1454, 308, 1762
0.150, 0.130, 0.030,	1454, 332, 1786
0.160, 0.130, 0.030,	1454, 344, 1798
0.170, 0.130, 0.030,	1454, 376, 1830
0.180, 0.130, 0.030,	1454, 392, 1846
0.190, 0.130, 0.030,	1454, 412, 1866
0.200, 0.130, 0.030,	1454, 444, 1898
0.140, 0.140, 0.030,	1454, 328, 1782
0.150, 0.140, 0.030,	1454, 352, 1806
0.160, 0.140, 0.030,	1454, 364, 1818
0.170, 0.140, 0.030,	1454, 396, 1850
0.180, 0.140, 0.030,	1454, 412, 1866
0.190, 0.140, 0.030,	1454, 432, 1886
0.200, 0.140, 0.030,	1454, 464, 1918
0.150, 0.150, 0.030,	1454, 360, 1814
0.160, 0.150, 0.030,	1454, 372, 1826
0.170, 0.150, 0.030,	1454, 404, 1858
0.180, 0.150, 0.030,	1454, 420, 1874
0.190, 0.150, 0.030,	1454, 440, 1894
0.200, 0.150, 0.030,	1454, 472, 1926
0.160, 0.160, 0.030,	1454, 384, 1838
0.170, 0.160, 0.030,	1454, 416, 1870
0.180, 0.160, 0.030,	1454, 432, 1886
0.190, 0.160, 0.030,	1454, 452, 1906
0.200, 0.160, 0.030,	1454, 484, 1938
0.170, 0.170, 0.030,	1454, 428, 1882
0.180, 0.170, 0.030,	1454, 444, 1898
0.190, 0.170, 0.030,	1454, 464, 1918
0.200, 0.170, 0.030,	1454, 496, 1950
0.180, 0.180, 0.030,	1454, 452, 1906
0.190, 0.180, 0.030,	1454, 472, 1926
0.200, 0.180, 0.030,	1454, 504, 1958
0.190, 0.190, 0.030,	1454, 488, 1942
0.200, 0.190, 0.030,	1454, 520, 1974
0.200, 0.200, 0.030,	1454, 532, 1986
0.040, 0.040, 0.040,	1454, 140, 1594
0.050, 0.040, 0.040,	1454, 152, 1606
0.060, 0.040, 0.040,	1454, 156, 1610
0.070, 0.040, 0.040,	1454, 172, 1626
0.080, 0.040, 0.040,	1454, 180, 1634
0.090, 0.040, 0.040,	1454, 200, 1654
0.100, 0.040, 0.040,	1454, 208, 1662
0.110, 0.040, 0.040,	1454, 228, 1682
0.120, 0.040, 0.040,	1454, 244, 1698
0.130, 0.040, 0.040,	1454, 252, 1706
0.140, 0.040, 0.040,	1454, 280, 1734
0.150, 0.040, 0.040,	1454, 304, 1758
0.160, 0.040, 0.040,	1454, 316, 1770
0.170, 0.040, 0.040,	1454, 348, 1802
0.180, 0.040, 0.040,	1454, 364, 1818
0.190, 0.040, 0.040,	1454, 384, 1838
0.200, 0.040, 0.040,	1454, 416, 1870
0.050, 0.050, 0.040,	1454, 156, 1610
0.060, 0.050, 0.040,	1454, 160, 1614
0.070, 0.050, 0.040,	1454, 176, 1630
0.080, 0.050, 0.040,	1454, 184, 1638
0.090, 0.050, 0.040,	1454, 204, 1658
0.100, 0.050, 0.040,	1454, 212, 1666
0.110, 0.050, 0.040,	1454, 232, 1686
0.120, 0.050, 0.040,	1454, 248, 1702
0.130, 0.050, 0.040,	1454, 256, 1710
0.140, 0.050, 0.040,	1454, 284, 1738
0.150, 0.050, 0.040,	1454, 308, 1762
0.160, 0.050, 0.040,	1454, 320, 1774
0.170, 0.050, 0.040,	1454, 352, 1806
0.180, 0.050, 0.040,	1454, 368, 1822
0.190, 0.050, 0.040,	1454, 388, 1842
0.200, 0.050, 0.040,	1454, 420, 1874
0.060, 0.060, 0.040,	1454, 164, 1618
0.070, 0.060, 0.040,	1454, 180, 1634
0.080, 0.060, 0.040,	1454, 188, 1642
0.090, 0.060, 0.040,	1454, 208, 1662
0.100, 0.060, 0.040,	1454, 216, 1670
0.110, 0.060, 0.040,	1454, 236, 1690
0.120, 0.060, 0.040,	1454, 252, 1706
0.130, 0.060, 0.040,	1454, 260, 1714
0.140, 0.060, 0.040,	1454, 288, 1742
0.150, 0.060, 0.040,	1454, 312, 1766
0.160, 0.060, 0.040,	1454, 324, 1778
0.170, 0.060, 0.040,	1454, 356, 1810
0.180, 0.060, 0.040,	1454, 372, 1826
0.190, 0.060, 0.040,	1454, 392, 1846
0.200, 0.060, 0.040,	1454, 424, 1878
0.070, 0.070, 0.040,	1454, 188, 1642
0.080, 0.070, 0.040,	1454, 196, 1650
0.090, 0.070, 0.040,	1454, 216, 1670
0.100, 0.070, 0.040,	1454, 224, 1678
0.110, 0.070, 0.040,	1454, 244, 1698
0.120, 0.070, 0.040,	1454, 260, 1714
0.130, 0.070, 0.040,	1454, 268, 1722
0.140, 0.070, 0.040,	1454, 296, 1750
0.150, 0.070, 0.040,	1454, 320, 1774
0.160, 0.070, 0.040,	1454, 332, 1786
0.170, 0.070, 0.040,	1454, 364, 1818
0.180, 0.070, 0.040,	1454, 380, 1834
0.190, 0.070, 0.040,	1454, 400, 1854
0.200, 0.070, 0.040,	1454, 432, 1886
0.080, 0.080, 0.040,	1454, 200, 1654
0.090, 0.080, 0.040,	1454, 220, 1674
0.100, 0.080, 0.040,	1454, 228, 1682
0.110, 0.080, 0.040,	1454, 248, 1702
0.120, 0.080, 0.040,	1454, 264, 1718
0.130, 0.080, 0.040,	1454, 272, 1726
0.140, 0.080, 0.040,	1454, 300, 1754
0.150, 0.080, 0.040,	1454, 324, 1778
0.160, 0.080, 0.040,	1454, 336, 1790
0.170, 0.080, 0.040,	1454, 368, 1822
0.180, 0.080, 0.040,	1454, 384, 1838
0.190, 0.080, 0.040,	1454, 404, 1858
0.200, 0.080, 0.040,	1454, 436, 1890
0.090, 0.090, 0.040,	1454, 236, 1690
0.100, 0.090, 0.040,	1454, 244, 1698
0.110, 0.090, 0.040,	1454, 264, 1718
0.120, 0.090, 0.040,	1454, 280, 1734
0.130, 0.090, 0.040,	1454, 288, 1742
0.140, 0.090, 0.040,	1454, 316, 1770
0.150, 0.090, 0.040,	1454, 340, 1794
0.160, 0.090, 0.040,	1454, 352, 1806
0.170, 0.090, 0.040,	1454, 384, 1838
0.180, 0.090, 0.040,	1454, 400, 1854
0.190, 0.090, 0.040,	1454, 420, 1874
0.200, 0.090, 0.040,	1454, 452, 1906
0.100, 0.100, 0.040,	1454, 244, 1698
0.110, 0.100, 0.040,	1454, 264, 1718
0.120, 0.100, 0.040,	1454, 280, 1734
0.130, 0.100, 0.040,	1454, 288, 1742
0.140, 0.100, 0.040,	1454, 316, 1770
0.150, 0.100, 0.040,	1454, 340, 1794
0.160, 0.100, 0.040,	1454, 352, 1806
0.170, 0.100, 0.040,	1454, 384, 1838
0.180, 0.100, 0.040,	1454, 400, 1854
0.190, 0.100, 0.040,	1454, 420, 1874
0.200, 0.100, 0.040,	1454, 452, 1906
0.110, 0.110, 0.040,	1454, 280, 1734
0.120, 0.110, 0.040,	1454, 296, 1750
0.130, 0.110, 0.040,	1454, 304, 1758
0.140, 0.110, 0.040,	1454, 332, 1786
0.150, 0.110, 0.040,	1454, 356, 1810
0.160, 0.110, 0.040,	1454, 368, 1822
0.170, 0.110, 0.040,	1454, 400, 1854
0.180, 0.110, 0.040,	1454, 416, 1870
0.190, 0.110, 0.040,	1454, 436, 1890
0.200, 0.110, 0.040,	1454, 468, 1922
0.120, 0.120, 0.040,	1454, 304, 1758
0.130, 0.120, 0.040,	1454, 312, 1766
0.140, 0.120, 0.040,	1454, 340, 1794
0.150, 0.120, 0.040,	1454, 364, 1818
0.160, 0.120, 0.040,	1454, 376, 1830
0.170, 0.120, 0.040,	1454, 408, 1862
0.180, 0.120, 0.040,	1454, 424, 1878
0.190, 0.120, 0.040,	1454, 444, 1898
0.200, 0.120, 0.040,	1454, 476, 1930
0.130, 0.130, 0.040,	1454, 312, 1766
0.140, 0.130, 0.040,	1454, 340, 1794
0.150, 0.130, 0.040,	1454, 364, 1818
0.160, 0.130, 0.040,	1454, 376, 1830
0.170, 0.130, 0.040,	1454, 408, 1862
0.180, 0.130, 0.040,	1454, 424, 1878
0.190, 0.130, 0.040,	1454, 444, 1898
0.200, 0.130, 0.040,	1454, 476, 1930
0.140, 0.140, 0.040,	1454, 360, 1814
0.150, 0.140, 0.040,	1454, 384, 1838
0.160, 0.140, 0.040,	1454, 396, 1850
0.170, 0.140, 0.040,	1454, 428, 1882
0.180, 0.140, 0.040,	1454, 444, 1898
0.190, 0.140, 0.040,	1454, 464, 1918
0.200, 0.140, 0.040,	1454, 496, 1950
0.150, 0.150, 0.040,	1454, 392, 1846
0.160, 0.150, 0.040,	1454, 404, 1858
0.170, 0.150, 0.040,	1454, 436, 1890
0.180, 0.150, 0.040,	1454, 452, 1906
0.190, 0.150, 0.040,	1454, 472, 1926
0.200, 0.150, 0.040,	1454, 504, 1958
0.160, 0.160, 0.040,	1454, 416, 1870
0.170, 0.160, 0.040,	1454, 448, 1902
0.180, 0.160, 0.040,	1454, 464, 1918
0.190, 0.160, 0.040,	1454, 484, 1938
0.200, 0.160, 0.040,	1454, 516, 1970
0.170, 0.170, 0.040,	1454, 460, 1914
0.180, 0.170, 0.040,	1454, 476, 1930
0.190, 0.170, 0.040,	1454, 496, 1950
0.200, 0.170, 0.040,	1454, 528, 1982
0.180, 0.180, 0.040,	1454, 484, 1938
0.190, 0.180, 0.040,	1454, 504, 1958
0.200, 0.180, 0.040,	1454, 536, 1990
0.190, 0.190, 0.040,	1454, 520, 1974
0.200, 0.190, 0.040,	1454, 552, 2006
0.200, 0.200, 0.040,	1454, 564, 2018
0.050, 0.050, 0.050,	1454, 204, 1658
0.060, 0.050, 0.050,	1454, 208, 1662
0.070, 0.050, 0.050,	1454, 224, 1678
0.080, 0.050, 0.050,	1454, 232, 1686
0.090, 0.050, 0.050,	1454, 252, 1706
0.100, 0.050, 0.050,	1454, 260, 1714
0.110, 0.050, 0.050,	1454, 280, 1734
0.120, 0.050, 0.050,	1454, 296, 1750
0.130, 0.050, 0.050,	1454, 304, 1758
0.140, 0.050, 0.050,	1454, 332, 1786
0.150, 0.050, 0.050,	1454, 356, 1810
0.160, 0.050, 0.050,	1454, 368, 1822
0.170, 0.050, 0.050,	1454, 400, 1854
0.180, 0.050, 0.050,	1454, 416, 1870
0.190, 0.050, 0.050,	1454, 436, 1890
0.200, 0.050, 0.050,	1454, 468, 1922
0.060, 0.060, 0.050,	1454, 212, 1666
0.070, 0.060, 0.050,	1454, 228, 1682
0.080, 0.060, 0.050,	1454, 236, 1690
0.090, 0.060, 0.050,	1454, 256, 1710
0.100, 0.060, 0.050,	1454, 264, 1718
0.110, 0.060, 0.050,	1454, 284, 1738
0.120, 0.060, 0.050,	1454, 300, 1754
0.130, 0.060, 0.050,	1454, 308, 1762
0.140, 0.060, 0.050,	1454, 336, 1790
0.150, 0.060, 0.050,	1454, 360, 1814
0.160, 0.060, 0.050,	1454, 372, 1826
0.170, 0.060, 0.050,	1454, 404, 1858
0.180, 0.060, 0.050,	1454, 420, 1874
0.190, 0.060, 0.050,	1454, 440, 1894
0.200, 0.060, 0.050,	1454, 472, 1926
0.070, 0.070, 0.050,	1454, 236, 1690
0.080, 0.070, 0.050,	1454, 244, 1698
0.090, 0.070, 0.050,	1454, 264, 1718
0.100, 0.070, 0.050,	1454, 272, 1726
0.110, 0.070, 0.050,	1454, 292, 1746
0.120, 0.070, 0.050,	1454, 308, 1762
0.130, 0.070, 0.050,	1454, 316, 1770
0.140, 0.070, 0.050,	1454, 344, 1798
0.150, 0.070, 0.050,	1454, 368, 1822
0.160, 0.070, 0.050,	1454, 380, 1834
0.170, 0.070, 0.050,	1454, 412, 1866
0.180, 0.070, 0.050,	1454, 428, 1882
0.190, 0.070, 0.050,	1454, 448, 1902
0.200, 0.070, 0.050,	1454, 480, 1934
0.080, 0.080, 0.050,	1454, 248, 1702
0.090, 0.080, 0.050,	1454, 268, 1722
0.100, 0.080, 0.050,	1454, 276, 1730
0.110, 0.080, 0.050,	1454, 296, 1750
0.120, 0.080, 0.050,	1454, 312, 1766
0.130, 0.080, 0.050,	1454, 320, 1774
0.140, 0.080, 0.050,	1454, 348, 1802
0.150, 0.080, 0.050,	1454, 372, 1826
0.160, 0.080, 0.050,	1454, 384, 1838
0.170, 0.080, 0.050,	1454, 416, 1870
0.180, 0.080, 0.050,	1454, 432, 1886
0.190, 0.080, 0.050,	1454, 452, 1906
0.200, 0.080, 0.050,	1454, 484, 1938
0.090, 0.090, 0.050,	1454, 284, 1738
0.100, 0.090, 0.050,	1454, 292, 1746
0.110, 0.090, 0.050,	1454, 312, 1766
0.120, 0.090, 0.050,	1454, 328, 1782
0.130, 0.090, 0.050,	1454, 336, 1790
0.140, 0.090, 0.050,	1454, 364, 1818
0.150, 0.090, 0.050,	1454, 388, 1842
0.160, 0.090, 0.050,	1454, 400, 1854
0.170, 0.090, 0.050,	1454, 432, 1886
0.180, 0.090, 0.050,	1454, 448, 1902
0.190, 0.090, 0.050,	1454, 468, 1922
0.200, 0.090, 0.050,	1454, 500, 1954
0.100, 0.100, 0.050,	1454, 292, 1746
0.110, 0.100, 0.050,	1454, 312, 1766
0.120, 0.100, 0.050,	1454, 328, 1782
0.130, 0.100, 0.050,	1454, 336, 1790
0.140, 0.100, 0.050,	1454, 364, 1818
0.150, 0.100, 0.050,	1454, 388, 1842
0.160, 0.100, 0.050,	1454, 400, 1854
0.170, 0.100, 0.050,	1454, 432, 1886
0.180, 0.100, 0.050,	1454, 448, 1902
0.190, 0.100, 0.050,	1454, 468, 1922
0.200, 0.100, 0.050,	1454, 500, 1954
0.110, 0.110, 0.050,	1454, 328, 1782
0.120, 0.110, 0.050,	1454, 344, 1798
0.130, 0.110, 0.050,	1454, 352, 1806
0.140, 0.110, 0.050,	1454, 380, 1834
0.150, 0.110, 0.050,	1454, 404, 1858
0.160, 0.110, 0.050,	1454, 416, 1870
0.170, 0.110, 0.050,	1454, 448, 1902
0.180, 0.110, 0.050,	1454, 464, 1918
0.190, 0.110, 0.050,	1454, 484, 1938
0.200, 0.110, 0.050,	1454, 516, 1970
0.120, 0.120, 0.050,	1454, 352, 1806
0.130, 0.120, 0.050,	1454, 360, 1814
0.140, 0.120, 0.050,	1454, 388, 1842
0.150, 0.120, 0.050,	1454, 412, 1866
0.160, 0.120, 0.050,	1454, 424, 1878
0.170, 0.120, 0.050,	1454, 456, 1910
0.180, 0.120, 0.050,	1454, 472, 1926
0.190, 0.120, 0.050,	1454, 492, 1946
0.200, 0.120, 0.050,	1454, 524, 1978
0.130, 0.130, 0.050,	1454, 360, 1814
0.140, 0.130, 0.050,	1454, 388, 1842
0.150, 0.130, 0.050,	1454, 412, 1866
0.160, 0.130, 0.050,	1454, 424, 1878
0.170, 0.130, 0.050,	1454, 456, 1910
0.180, 0.130, 0.050,	1454, 472, 1926
0.190, 0.130, 0.050,	1454, 492, 1946
0.200, 0.130, 0.050,	1454, 524, 1978
0.140, 0.140, 0.050,	1454, 408, 1862
0.150, 0.140, 0.050,	1454, 432, 1886
0.160, 0.140, 0.050,	1454, 444, 1898
0.170, 0.140, 0.050,	1454, 476, 1930
0.180, 0.140, 0.050,	1454, 492, 1946
0.190, 0.140, 0.050,	1454, 512, 1966
0.200, 0.140, 0.050,	1454, 544, 1998
0.150, 0.150, 0.050,	1454, 440, 1894
0.160, 0.150, 0.050,	1454, 452, 1906
0.170, 0.150, 0.050,	1454, 484, 1938
0.180, 0.150, 0.050,	1454, 500, 1954
0.190, 0.150, 0.050,	1454, 520, 1974
0.200, 0.150, 0.050,	1454, 552, 2006
0.160, 0.160, 0.050,	1454, 464, 1918
0.170, 0.160, 0.050,	1454, 496, 1950
0.180, 0.160, 0.050,	1454, 512, 1966
0.190, 0.160, 0.050,	1454, 532, 1986
0.200, 0.160, 0.050,	1454, 564, 2018
0.170, 0.170, 0.050,	1454, 508, 1962
0.180, 0.170, 0.050,	1454, 524, 1978
0.190, 0.170, 0.050,	1454, 544, 1998
0.200, 0.170, 0.050,	1454, 576, 2030
0.180, 0.180, 0.050,	1454, 532, 1986
0.190, 0.180, 0.050,	1454, 552, 2006
0.200, 0.180, 0.050,	1454, 584, 2038
0.190, 0.190, 0.050,	1454, 568, 2022
0.200, 0.190, 0.050,	1454, 600, 2054
0.200, 0.200, 0.050,	1454, 612, 2066
0.060, 0.060, 0.060,	1454, 228, 1682
0.070, 0.060, 0.060,	1454, 244, 1698
0.080, 0.060, 0.060,	1454, 252, 1706
0.090, 0.060, 0.060,	1454, 272, 1726
0.100, 0.060, 0.060,	1454, 280, 1734
0.110, 0.060, 0.060,	1454, 300, 1754
0.120, 0.060, 0.060,	1454, 316, 1770
0.130, 0.060, 0.060,	1454, 324, 1778
0.140, 0.060, 0.060,	1454, 352, 1806
0.150, 0.060, 0.060,	1454, 376, 1830
0.160, 0.060, 0.060,	1454, 388, 1842
0.170, 0.060, 0.060,	1454, 420, 1874
0.180, 0.060, 0.060,	1454, 436, 1890
0.190, 0.060, 0.060,	1454, 456, 1910
0.200, 0.060, 0.060,	1454, 488, 1942
0.070, 0.070, 0.060,	1454, 252, 1706
0.080, 0.070, 0.060,	1454, 260, 1714
0.090, 0.070, 0.060,	1454, 280, 1734
0.100, 0.070, 0.060,	1454, 288, 1742
0.110, 0.070, 0.060,	1454, 308, 1762
0.120, 0.070, 0.060,	1454, 324, 1778
0.130, 0.070, 0.060,	1454, 332, 1786
0.140, 0.070, 0.060,	1454, 360, 1814
0.150, 0.070, 0.060,	1454, 384, 1838
0.160, 0.070, 0.060,	1454, 396, 1850
0.170, 0.070, 0.060,	1454, 428, 1882
0.180, 0.070, 0.060,	1454, 444, 1898
0.190, 0.070, 0.060,	1454, 464, 1918
0.200, 0.070, 0.060,	1454, 496, 1950
0.080, 0.080, 0.060,	1454, 264, 1718
0.090, 0.080, 0.060,	1454, 284, 1738
0.100, 0.080, 0.060,	1454, 292, 1746
0.110, 0.080, 0.060,	1454, 312, 1766
0.120, 0.080, 0.060,	1454, 328, 1782
0.130, 0.080, 0.060,	1454, 336, 1790
0.140, 0.080, 0.060,	1454, 364, 1818
0.150, 0.080, 0.060,	1454, 388, 1842
0.160, 0.080, 0.060,	1454, 400, 1854
0.170, 0.080, 0.060,	1454, 432, 1886
0.180, 0.080, 0.060,	1454, 448, 1902
0.190, 0.080, 0.060,	1454, 468, 1922
0.200, 0.080, 0.060,	1454, 500, 1954
0.090, 0.090, 0.060,	1454, 300, 1754
0.100, 0.090, 0.060,	1454, 308, 1762
0.110, 0.090, 0.060,	1454, 328, 1782
0.120, 0.090, 0.060,	1454, 344, 1798
0.130, 0.090, 0.060,	1454, 352, 1806
0.140, 0.090, 0.060,	1454, 380, 1834
0.150, 0.090, 0.060,	1454, 404, 1858
0.160, 0.090, 0.060,	1454, 416, 1870
0.170, 0.090, 0.060,	1454, 448, 1902
0.180, 0.090, 0.060,	1454, 464, 1918
0.190, 0.090, 0.060,	1454, 484, 1938
0.200, 0.090, 0.060,	1454, 516, 1970
0.100, 0.100, 0.060,	1454, 308, 1762
0.110, 0.100, 0.060,	1454, 328, 1782
0.120, 0.100, 0.060,	1454, 344, 1798
0.130, 0.100, 0.060,	1454, 352, 1806
0.140, 0.100, 0.060,	1454, 380, 1834
0.150, 0.100, 0.060,	1454, 404, 1858
0.160, 0.100, 0.060,	1454, 416, 1870
0.170, 0.100, 0.060,	1454, 448, 1902
0.180, 0.100, 0.060,	1454, 464, 1918
0.190, 0.100, 0.060,	1454, 484, 1938
0.200, 0.100, 0.060,	1454, 516, 1970
0.110, 0.110, 0.060,	1454, 344, 1798
0.120, 0.110, 0.060,	1454, 360, 1814
0.130, 0.110, 0.060,	1454, 368, 1822
0.140, 0.110, 0.060,	1454, 396, 1850
0.150, 0.110, 0.060,	1454, 420, 1874
0.160, 0.110, 0.060,	1454, 432, 1886
0.170, 0.110, 0.060,	1454, 464, 1918
0.180, 0.110, 0.060,	1454, 480, 1934
0.190, 0.110, 0.060,	1454, 500, 1954
0.200, 0.110, 0.060,	1454, 532, 1986
0.120, 0.120, 0.060,	1454, 368, 1822
0.130, 0.120, 0.060,	1454, 376, 1830
0.140, 0.120, 0.060,	1454, 404, 1858
0.150, 0.120, 0.060,	1454, 428, 1882
0.160, 0.120, 0.060,	1454, 440, 1894
0.170, 0.120, 0.060,	1454, 472, 1926
0.180, 0.120, 0.060,	1454, 488, 1942
0.190, 0.120, 0.060,	1454, 508, 1962
0.200, 0.120, 0.060,	1454, 540, 1994
0.130, 0.130, 0.060,	1454, 376, 1830
0.140, 0.130, 0.060,	1454, 404, 1858
0.150, 0.130, 0.060,	1454, 428, 1882
0.160, 0.130, 0.060,	1454, 440, 1894
0.170, 0.130, 0.060,	1454, 472, 1926
0.180, 0.130, 0.060,	1454, 488, 1942
0.190, 0.130, 0.060,	1454, 508, 1962
0.200, 0.130, 0.060,	1454, 540, 1994
0.140, 0.140, 0.060,	1454, 424, 1878
0.150, 0.140, 0.060,	1454, 448, 1902
0.160, 0.140, 0.060,	1454, 460, 1914
0.170, 0.140, 0.060,	1454, 492, 1946
0.180, 0.140, 0.060,	1454, 508, 1962
0.190, 0.140, 0.060,	1454, 528, 1982
0.200, 0.140, 0.060,	1454, 560, 2014
0.150, 0.150, 0.060,	1454, 456, 1910
0.160, 0.150, 0.060,	1454, 468, 1922
0.170, 0.150, 0.060,	1454, 500, 1954
0.180, 0.150, 0.060,	1454, 516, 1970
0.190, 0.150, 0.060,	1454, 536, 1990
0.200, 0.150, 0.060,	1454, 568, 2022
0.160, 0.160, 0.060,	1454, 480, 1934
0.170, 0.160, 0.060,	1454, 512, 1966
0.180, 0.160, 0.060,	1454, 528, 1982
0.190, 0.160, 0.060,	1454, 548, 2002
0.200, 0.160, 0.060,	1454, 580, 2034
0.170, 0.170, 0.060,	1454, 524, 1978
0.180, 0.170, 0.060,	1454, 540, 1994
0.190, 0.170, 0.060,	1454, 560, 2014
0.200, 0.170, 0.060,	1454, 592, 2046
0.180, 0.180, 0.060,	1454, 548, 2002
0.190, 0.180, 0.060,	1454, 568, 2022
0.200, 0.180, 0.060,	1454, 600, 2054
0.190, 0.190, 0.060,	1454, 584, 2038
0.200, 0.190, 0.060,	1454, 616, 2070
0.200, 0.200, 0.060,	1454, 628, 2082
0.070, 0.070, 0.070,	1454, 316, 1770
0.080, 0.070, 0.070,	1454, 324, 1778
0.090, 0.070, 0.070,	1454, 344, 1798
0.100, 0.070, 0.070,	1454, 352, 1806
0.110, 0.070, 0.070,	1454, 372, 1826
0.120, 0.070, 0.070,	1454, 388, 1842
0.130, 0.070, 0.070,	1454, 396, 1850
0.140, 0.070, 0.070,	1454, 424, 1878
0.150, 0.070, 0.070,	1454, 448, 1902
0.160, 0.070, 0.070,	1454, 460, 1914
0.170, 0.070, 0.070,	1454, 492, 1946
0.180, 0.070, 0.070,	1454, 508, 1962
0.190, 0.070, 0.070,	1454, 528, 1982
0.200, 0.070, 0.070,	1454, 560, 2014
0.080, 0.080, 0.070,	1454, 328, 1782
0.090, 0.080, 0.070,	1454, 348, 1802
0.100, 0.080, 0.070,	1454, 356, 1810
0.110, 0.080, 0.070,	1454, 376, 1830
0.120, 0.080, 0.070,	1454, 392, 1846
0.130, 0.080, 0.070,	1454, 400, 1854
0.140, 0.080, 0.070,	1454, 428, 1882
0.150, 0.080, 0.070,	1454, 452, 1906
0.160, 0.080, 0.070,	1454, 464, 1918
0.170, 0.080, 0.070,	1454, 496, 1950
0.180, 0.080, 0.070,	1454, 512, 1966
0.190, 0.080, 0.070,	1454, 532, 1986
0.200, 0.080, 0.070,	1454, 564, 2018
0.090, 0.090, 0.070,	1454, 364, 1818
0.100, 0.090, 0.070,	1454, 372, 1826
0.110, 0.090, 0.070,	1454, 392, 1846
0.120, 0.090, 0.070,	1454, 408, 1862
0.130, 0.090, 0.070,	1454, 416, 1870
0.140, 0.090, 0.070,	1454, 444, 1898
0.150, 0.090, 0.070,	1454, 468, 1922
0.160, 0.090, 0.070,	1454, 480, 1934
0.170, 0.090, 0.070,	1454, 512, 1966
0.180, 0.090, 0.070,	1454, 528, 1982
0.190, 0.090, 0.070,	1454, 548, 2002
0.200, 0.090, 0.070,	1454, 580, 2034
0.100, 0.100, 0.070,	1454, 372, 1826
0.110, 0.100, 0.070,	1454, 392, 1846
0.120, 0.100, 0.070,	1454, 408, 1862
0.130, 0.100, 0.070,	1454, 416, 1870
0.140, 0.100, 0.070,	1454, 444, 1898
0.150, 0.100, 0.070,	1454, 468, 1922
0.160, 0.100, 0.070,	1454, 480, 1934
0.170, 0.100, 0.070,	1454, 512, 1966
0.180, 0.100, 0.070,	1454, 528, 1982
0.190, 0.100, 0.070,	1454, 548, 2002
0.200, 0.100, 0.070,	1454, 580, 2034
0.110, 0.110, 0.070,	1454, 408, 1862
0.120, 0.110, 0.070,	1454, 424, 1878
0.130, 0.110, 0.070,	1454, 432, 1886
0.140, 0.110, 0.070,	1454, 460, 1914
0.150, 0.110, 0.070,	1454, 484, 1938
0.160, 0.110, 0.070,	1454, 496, 1950
0.170, 0.110, 0.070,	1454, 528, 1982
0.180, 0.110, 0.070,	1454, 544, 1998
0.190, 0.110, 0.070,	1454, 564, 2018
0.200, 0.110, 0.070,	1454, 596, 2050
0.120, 0.120, 0.070,	1454, 432, 1886
0.130, 0.120, 0.070,	1454, 440, 1894
0.140, 0.120, 0.070,	1454, 468, 1922
0.150, 0.120, 0.070,	1454, 492, 1946
0.160, 0.120, 0.070,	1454, 504, 1958
0.170, 0.120, 0.070,	1454, 536, 1990
0.180, 0.120, 0.070,	1454, 552, 2006
0.190, 0.120, 0.070,	1454, 572, 2026
0.200, 0.120, 0.070,	1454, 604, 2058
0.130, 0.130, 0.070,	1454, 440, 1894
0.140, 0.130, 0.070,	1454, 468, 1922
0.150, 0.130, 0.070,	1454, 492, 1946
0.160, 0.130, 0.070,	1454, 504, 1958
0.170, 0.130, 0.070,	1454, 536, 1990
0.180, 0.130, 0.070,	1454, 552, 2006
0.190, 0.130, 0.070,	1454, 572, 2026
0.200, 0.130, 0.070,	1454, 604, 2058
0.140, 0.140, 0.070,	1454, 488, 1942
0.150, 0.140, 0.070,	1454, 512, 1966
0.160, 0.140, 0.070,	1454, 524, 1978
0.170, 0.140, 0.070,	1454, 556, 2010
0.180, 0.140, 0.070,	1454, 572, 2026
0.190, 0.140, 0.070,	1454, 592, 2046
0.200, 0.140, 0.070,	1454, 624, 2078
0.150, 0.150, 0.070,	1454, 520, 1974
0.160, 0.150, 0.070,	1454, 532, 1986
0.170, 0.150, 0.070,	1454, 564, 2018
0.180, 0.150, 0.070,	1454, 580, 2034
0.190, 0.150, 0.070,	1454, 600, 2054
0.200, 0.150, 0.070,	1454, 632, 2086
0.160, 0.160, 0.070,	1454, 544, 1998
0.170, 0.160, 0.070,	1454, 576, 2030
0.180, 0.160, 0.070,	1454, 592, 2046
0.190, 0.160, 0.070,	1454, 612, 2066
0.200, 0.160, 0.070,	1454, 644, 2098
0.170, 0.170, 0.070,	1454, 588, 2042
0.180, 0.170, 0.070,	1454, 604, 2058
0.190, 0.170, 0.070,	1454, 624, 2078
0.200, 0.170, 0.070,	1454, 656, 2110
0.180, 0.180, 0.070,	1454, 612, 2066
0.190, 0.180, 0.070,	1454, 632, 2086
0.200, 0.180, 0.070,	1454, 664, 2118
0.190, 0.190, 0.070,	1454, 648, 2102
0.200, 0.190, 0.070,	1454, 680, 2134
0.200, 0.200, 0.070,	1454, 692, 2146
0.080, 0.080, 0.080,	1454, 360, 1814
0.090, 0.080, 0.080,	1454, 380, 1834
0.100, 0.080, 0.080,	1454, 388, 1842
0.110, 0.080, 0.080,	1454, 408, 1862
0.120, 0.080, 0.080,	1454, 424, 1878
0.130, 0.080, 0.080,	1454, 432, 1886
0.140, 0.080, 0.080,	1454, 460, 1914
0.150, 0.080, 0.080,	1454, 484, 1938
0.160, 0.080, 0.080,	1454, 496, 1950
0.170, 0.080, 0.080,	1454, 528, 1982
0.180, 0.080, 0.080,	1454, 544, 1998
0.190, 0.080, 0.080,	1454, 564, 2018
0.200, 0.080, 0.080,	1454, 596, 2050
0.090, 0.090, 0.080,	1454, 396, 1850
0.100, 0.090, 0.080,	1454, 404, 1858
0.110, 0.090, 0.080,	1454, 424, 1878
0.120, 0.090, 0.080,	1454, 440, 1894
0.130, 0.090, 0.080,	1454, 448, 1902
0.140, 0.090, 0.080,	1454, 476, 1930
0.150, 0.090, 0.080,	1454, 500, 1954
0.160, 0.090, 0.080,	1454, 512, 1966
0.170, 0.090, 0.080,	1454, 544, 1998
0.180, 0.090, 0.080,	1454, 560, 2014
0.190, 0.090, 0.080,	1454, 580, 2034
0.200, 0.090, 0.080,	1454, 612, 2066
0.100, 0.100, 0.080,	1454, 404, 1858
0.110, 0.100, 0.080,	1454, 424, 1878
0.120, 0.100, 0.080,	1454, 440, 1894
0.130, 0.100, 0.080,	1454, 448, 1902
0.140, 0.100, 0.080,	1454, 476, 1930
0.150, 0.100, 0.080,	1454, 500, 1954
0.160, 0.100, 0.080,	1454, 512, 1966
0.170, 0.100, 0.080,	1454, 544, 1998
0.180, 0.100, 0.080,	1454, 560, 2014
0.190, 0.100, 0.080,	1454, 580, 2034
0.200, 0.100, 0.080,	1454, 612, 2066
0.110, 0.110, 0.080,	1454, 440, 1894
0.120, 0.110, 0.080,	1454, 456, 1910
0.130, 0.110, 0.080,	1454, 464, 1918
0.140, 0.110, 0.080,	1454, 492, 1946
0.150, 0.110, 0.080,	1454, 516, 1970
0.160, 0.110, 0.080,	1454, 528, 1982
0.170, 0.110, 0.080,	1454, 560, 2014
0.180, 0.110, 0.080,	1454, 576, 2030
0.190, 0.110, 0.080,	1454, 596, 2050
0.200, 0.110, 0.080,	1454, 628, 2082
0.120, 0.120, 0.080,	1454, 464, 1918
0.130, 0.120, 0.080,	1454, 472, 1926
0.140, 0.120, 0.080,	1454, 500, 1954
0.150, 0.120, 0.080,	1454, 524, 1978
0.160, 0.120, 0.080,	1454, 536, 1990
0.170, 0.120, 0.080,	1454, 568, 2022
0.180, 0.120, 0.080,	1454, 584, 2038
0.190, 0.120, 0.080,	1454, 604, 2058
0.200, 0.120, 0.080,	1454, 636, 2090
0.130, 0.130, 0.080,	1454, 472, 1926
0.140, 0.130, 0.080,	1454, 500, 1954
0.150, 0.130, 0.080,	1454, 524, 1978
0.160, 0.130, 0.080,	1454, 536, 1990
0.170, 0.130, 0.080,	1454, 568, 2022
0.180, 0.130, 0.080,	1454, 584, 2038
0.190, 0.130, 0.080,	1454, 604, 2058
0.200, 0.130, 0.080,	1454, 636, 2090
0.140, 0.140, 0.080,	1454, 520, 1974
0.150, 0.140, 0.080,	1454, 544, 1998
0.160, 0.140, 0.080,	1454, 556, 2010
0.170, 0.140, 0.080,	1454, 588, 2042
0.180, 0.140, 0.080,	1454, 604, 2058
0.190, 0.140, 0.080,	1454, 624, 2078
0.200, 0.140, 0.080,	1454, 656, 2110
0.150, 0.150, 0.080,	1454, 552, 2006
0.160, 0.150, 0.080,	1454, 564, 2018
0.170, 0.150, 0.080,	1454, 596, 2050
0.180, 0.150, 0.080,	1454, 612, 2066
0.190, 0.150, 0.080,	1454, 632, 2086
0.200, 0.150, 0.080,	1454, 664, 2118
0.160, 0.160, 0.080,	1454, 576, 2030
0.170, 0.160, 0.080,	1454, 608, 2062
0.180, 0.160, 0.080,	1454, 624, 2078
0.190, 0.160, 0.080,	1454, 644, 2098
0.200, 0.160, 0.080,	1454, 676, 2130
0.170, 0.170, 0.080,	1454, 620, 2074
0.180, 0.170, 0.080,	1454, 636, 2090
0.190, 0.170, 0.080,	1454, 656, 2110
0.200, 0.170, 0.080,	1454, 688, 2142
0.180, 0.180, 0.080,	1454, 644, 2098
0.190, 0.180, 0.080,	1454, 664, 2118
0.200, 0.180, 0.080,	1454, 696, 2150
0.190, 0.190, 0.080,	1454, 680, 2134
0.200, 0.190, 0.080,	1454, 712, 2166
0.200, 0.200, 0.080,	1454, 724, 2178
0.090, 0.090, 0.090,	1454, 476, 1930
0.100, 0.090, 0.090,	1454, 484, 1938
0.110, 0.090, 0.090,	1454, 504, 1958
0.120, 0.090, 0.090,	1454, 520, 1974
0.130, 0.090, 0.090,	1454, 528, 1982
0.140, 0.090, 0.090,	1454, 556, 2010
0.150, 0.090, 0.090,	1454, 580, 2034
0.160, 0.090, 0.090,	1454, 592, 2046
0.170, 0.090, 0.090,	1454, 624, 2078
0.180, 0.090, 0.090,	1454, 640, 2094
0.190, 0.090, 0.090,	1454, 660, 2114
0.200, 0.090, 0.090,	1454, 692, 2146
0.100, 0.100, 0.090,	1454, 484, 1938
0.110, 0.100, 0.090,	1454, 504, 1958
0.120, 0.100, 0.090,	1454, 520, 1974
0.130, 0.100, 0.090,	1454, 528, 1982
0.140, 0.100, 0.090,	1454, 556, 2010
0.150, 0.100, 0.090,	1454, 580, 2034
0.160, 0.100, 0.090,	1454, 592, 2046
0.170, 0.100, 0.090,	1454, 624, 2078
0.180, 0.100, 0.090,	1454, 640, 2094
0.190, 0.100, 0.090,	1454, 660, 2114
0.200, 0.100, 0.090,	1454, 692, 2146
0.110, 0.110, 0.090,	1454, 520, 1974
0.120, 0.110, 0.090,	1454, 536, 1990
0.130, 0.110, 0.090,	1454, 544, 1998
0.140, 0.110, 0.090,	1454, 572, 2026
0.150, 0.110, 0.090,	1454, 596, 2050
0.160, 0.110, 0.090,	1454, 608, 2062
0.170, 0.110, 0.090,	1454, 640, 2094
0.180, 0.110, 0.090,	1454, 656, 2110
0.190, 0.110, 0.090,	1454, 676, 2130
0.200, 0.110, 0.090,	1454, 708, 2162
0.120, 0.120, 0.090,	1454, 544, 1998
0.130, 0.120, 0.090,	1454, 552, 2006
0.140, 0.120, 0.090,	1454, 580, 2034
0.150, 0.120, 0.090,	1454, 604, 2058
0.160, 0.120, 0.090,	1454, 616, 2070
0.170, 0.120, 0.090,	1454, 648, 2102
0.180, 0.120, 0.090,	1454, 664, 2118
0.190, 0.120, 0.090,	1454, 684, 2138
0.200, 0.120, 0.090,	1454, 716, 2170
0.130, 0.130, 0.090,	1454, 552, 2006
0.140, 0.130, 0.090,	1454, 580, 2034
0.150, 0.130, 0.090,	1454, 604, 2058
0.160, 0.130, 0.090,	1454, 616, 2070
0.170, 0.130, 0.090,	1454, 648, 2102
0.180, 0.130, 0.090,	1454, 664, 2118
0.190, 0.130, 0.090,	1454, 684, 2138
0.200, 0.130, 0.090,	1454, 716, 2170
0.140, 0.140, 0.090,	1454, 600, 2054
0.150, 0.140, 0.090,	1454, 624, 2078
0.160, 0.140, 0.090,	1454, 636, 2090
0.170, 0.140, 0.090,	1454, 668, 2122
0.180, 0.140, 0.090,	1454, 684, 2138
0.190, 0.140, 0.090,	1454, 704, 2158
0.200, 0.140, 0.090,	1454, 736, 2190
0.150, 0.150, 0.090,	1454, 632, 2086
0.160, 0.150, 0.090,	1454, 644, 2098
0.170, 0.150, 0.090,	1454, 676, 2130
0.180, 0.150, 0.090,	1454, 692, 2146
0.190, 0.150, 0.090,	1454, 712, 2166
0.200, 0.150, 0.090,	1454, 744, 2198
0.160, 0.160, 0.090,	1454, 656, 2110
0.170, 0.160, 0.090,	1454, 688, 2142
0.180, 0.160, 0.090,	1454, 704, 2158
0.190, 0.160, 0.090,	1454, 724, 2178
0.200, 0.160, 0.090,	1454, 756, 2210
0.170, 0.170, 0.090,	1454, 700, 2154
0.180, 0.170, 0.090,	1454, 716, 2170
0.190, 0.170, 0.090,	1454, 736, 2190
0.200, 0.170, 0.090,	1454, 768, 2222
0.180, 0.180, 0.090,	1454, 724, 2178
0.190, 0.180, 0.090,	1454, 744, 2198
0.200, 0.180, 0.090,	1454, 776, 2230
0.190, 0.190, 0.090,	1454, 760, 2214
0.200, 0.190, 0.090,	1454, 792, 2246
0.200, 0.200, 0.090,	1454, 804, 2258
0.100, 0.100, 0.100,	1454, 516, 1970
0.110, 0.100, 0.100,	1454, 536, 1990
0.120, 0.100, 0.100,	1454, 552, 2006
0.130, 0.100, 0.100,	1454, 560, 2014
0.140, 0.100, 0.100,	1454, 588, 2042
0.150, 0.100, 0.100,	1454, 612, 2066
0.160, 0.100, 0.100,	1454, 624, 2078
0.170, 0.100, 0.100,	1454, 656, 2110
0.180, 0.100, 0.100,	1454, 672, 2126
0.190, 0.100, 0.100,	1454, 692, 2146
0.200, 0.100, 0.100,	1454, 724, 2178
0.110, 0.110, 0.100,	1454, 552, 2006
0.120, 0.110, 0.100,	1454, 568, 2022
0.130, 0.110, 0.100,	1454, 576, 2030
0.140, 0.110, 0.100,	1454, 604, 2058
0.150, 0.110, 0.100,	1454, 628, 2082
0.160, 0.110, 0.100,	1454, 640, 2094
0.170, 0.110, 0.100,	1454, 672, 2126
0.180, 0.110, 0.100,	1454, 688, 2142
0.190, 0.110, 0.100,	1454, 708, 2162
0.200, 0.110, 0.100,	1454, 740, 2194
0.120, 0.120, 0.100,	1454, 576, 2030
0.130, 0.120, 0.100,	1454, 584, 2038
0.140, 0.120, 0.100,	1454, 612, 2066
0.150, 0.120, 0.100,	1454, 636, 2090
0.160, 0.120, 0.100,	1454, 648, 2102
0.170, 0.120, 0.100,	1454, 680, 2134
0.180, 0.120, 0.100,	1454, 696, 2150
0.190, 0.120, 0.100,	1454, 716, 2170
0.200, 0.120, 0.100,	1454, 748, 2202
0.130, 0.130, 0.100,	1454, 584, 2038
0.140, 0.130, 0.100,	1454, 612, 2066
0.150, 0.130, 0.100,	1454, 636, 2090
0.160, 0.130, 0.100,	1454, 648, 2102
0.170, 0.130, 0.100,	1454, 680, 2134
0.180, 0.130, 0.100,	1454, 696, 2150
0.190, 0.130, 0.100,	1454, 716, 2170
0.200, 0.130, 0.100,	1454, 748, 2202
0.140, 0.140, 0.100,	1454, 632, 2086
0.150, 0.140, 0.100,	1454, 656, 2110
0.160, 0.140, 0.100,	1454, 668, 2122
0.170, 0.140, 0.100,	1454, 700, 2154
0.180, 0.140, 0.100,	1454, 716, 2170
0.190, 0.140, 0.100,	1454, 736, 2190
0.200, 0.140, 0.100,	1454, 768, 2222
0.150, 0.150, 0.100,	1454, 664, 2118
0.160, 0.150, 0.100,	1454, 676, 2130
0.170, 0.150, 0.100,	1454, 708, 2162
0.180, 0.150, 0.100,	1454, 724, 2178
0.190, 0.150, 0.100,	1454, 744, 2198
0.200, 0.150, 0.100,	1454, 776, 2230
0.160, 0.160, 0.100,	1454, 688, 2142
0.170, 0.160, 0.100,	1454, 720, 2174
0.180, 0.160, 0.100,	1454, 736, 2190
0.190, 0.160, 0.100,	1454, 756, 2210
0.200, 0.160, 0.100,	1454, 788, 2242
0.170, 0.170, 0.100,	1454, 732, 2186
0.180, 0.170, 0.100,	1454, 748, 2202
0.190, 0.170, 0.100,	1454, 768, 2222
0.200, 0.170, 0.100,	1454, 800, 2254
0.180, 0.180, 0.100,	1454, 756, 2210
0.190, 0.180, 0.100,	1454, 776, 2230
0.200, 0.180, 0.100,	1454, 808, 2262
0.190, 0.190, 0.100,	1454, 792, 2246
0.200, 0.190, 0.100,	1454, 824, 2278
0.200, 0.200, 0.100,	1454, 836, 2290
0.110, 0.110, 0.110,	1454, 632, 2086
0.120, 0.110, 0.110,	1454, 648, 2102
0.130, 0.110, 0.110,	1454, 656, 2110
0.140, 0.110, 0.110,	1454, 684, 2138
0.150, 0.110, 0.110,	1454, 708, 2162
0.160, 0.110, 0.110,	1454, 720, 2174
0.170, 0.110, 0.110,	1454, 752, 2206
0.180, 0.110, 0.110,	1454, 768, 2222
0.190, 0.110, 0.110,	1454, 788, 2242
0.200, 0.110, 0.110,	1454, 820, 2274
0.120, 0.120, 0.110,	1454, 656, 2110
0.130, 0.120, 0.110,	1454, 664, 2118
0.140, 0.120, 0.110,	1454, 692, 2146
0.150, 0.120, 0.110,	1454, 716, 2170
0.160, 0.120, 0.110,	1454, 728, 2182
0.170, 0.120, 0.110,	1454, 760, 2214
0.180, 0.120, 0.110,	1454, 776, 2230
0.190, 0.120, 0.110,	1454, 796, 2250
0.200, 0.120, 0.110,	1454, 828, 2282
0.130, 0.130, 0.110,	1454, 664, 2118
0.140, 0.130, 0.110,	1454, 692, 2146
0.150, 0.130, 0.110,	1454, 716, 2170
0.160, 0.130, 0.110,	1454, 728, 2182
0.170, 0.130, 0.110,	1454, 760, 2214
0.180, 0.130, 0.110,	1454, 776, 2230
0.190, 0.130, 0.110,	1454, 796, 2250
0.200, 0.130, 0.110,	1454, 828, 2282
0.140, 0.140, 0.110,	1454, 712, 2166
0.150, 0.140, 0.110,	1454, 736, 2190
0.160, 0.140, 0.110,	1454, 748, 2202
0.170, 0.140, 0.110,	1454, 780, 2234
0.180, 0.140, 0.110,	1454, 796, 2250
0.190, 0.140, 0.110,	1454, 816, 2270
0.200, 0.140, 0.110,	1454, 848, 2302
0.150, 0.150, 0.110,	1454, 744, 2198
0.160, 0.150, 0.110,	1454, 756, 2210
0.170, 0.150, 0.110,	1454, 788, 2242
0.180, 0.150, 0.110,	1454, 804, 2258
0.190, 0.150, 0.110,	1454, 824, 2278
0.200, 0.150, 0.110,	1454, 856, 2310
0.160, 0.160, 0.110,	1454, 768, 2222
0.170, 0.160, 0.110,	1454, 800, 2254
0.180, 0.160, 0.110,	1454, 816, 2270
0.190, 0.160, 0.110,	1454, 836, 2290
0.200, 0.160, 0.110,	1454, 868, 2322
0.170, 0.170, 0.110,	1454, 812, 2266
0.180, 0.170, 0.110,	1454, 828, 2282
0.190, 0.170, 0.110,	1454, 848, 2302
0.200, 0.170, 0.110,	1454, 880, 2334
0.180, 0.180, 0.110,	1454, 836, 2290
0.190, 0.180, 0.110,	1454, 856, 2310
0.200, 0.180, 0.110,	1454, 888, 2342
0.190, 0.190, 0.110,	1454, 872, 2326
0.200, 0.190, 0.110,	1454, 904, 2358
0.200, 0.200, 0.110,	1454, 916, 2370
0.120, 0.120, 0.120,	1454, 720, 2174
0.130, 0.120, 0.120,	1454, 728, 2182
0.140, 0.120, 0.120,	1454, 756, 2210
0.150, 0.120, 0.120,	1454, 780, 2234
0.160, 0.120, 0.120,	1454, 792, 2246
0.170, 0.120, 0.120,	1454, 824, 2278
0.180, 0.120, 0.120,	1454, 840, 2294
0.190, 0.120, 0.120,	1454, 860, 2314
0.200, 0.120, 0.120,	1454, 892, 2346
0.130, 0.130, 0.120,	1454, 728, 2182
0.140, 0.130, 0.120,	1454, 756, 2210
0.150, 0.130, 0.120,	1454, 780, 2234
0.160, 0.130, 0.120,	1454, 792, 2246
0.170, 0.130, 0.120,	1454, 824, 2278
0.180, 0.130, 0.120,	1454, 840, 2294
0.190, 0.130, 0.120,	1454, 860, 2314
0.200, 0.130, 0.120,	1454, 892, 2346
0.140, 0.140, 0.120,	1454, 776, 2230
0.150, 0.140, 0.120,	1454, 800, 2254
0.160, 0.140, 0.120,	1454, 812, 2266
0.170, 0.140, 0.120,	1454, 844, 2298
0.180, 0.140, 0.120,	1454, 860, 2314
0.190, 0.140, 0.120,	1454, 880, 2334
0.200, 0.140, 0.120,	1454, 912, 2366
0.150, 0.150, 0.120,	1454, 808, 2262
0.160, 0.150, 0.120,	1454, 820, 2274
0.170, 0.150, 0.120,	1454, 852, 2306
0.180, 0.150, 0.120,	1454, 868, 2322
0.190, 0.150, 0.120,	1454, 888, 2342
0.200, 0.150, 0.120,	1454, 920, 2374
0.160, 0.160, 0.120,	1454, 832, 2286
0.170, 0.160, 0.120,	1454, 864, 2318
0.180, 0.160, 0.120,	1454, 880, 2334
0.190, 0.160, 0.120,	1454, 900, 2354
0.200, 0.160, 0.120,	1454, 932, 2386
0.170, 0.170, 0.120,	1454, 876, 2330
0.180, 0.170, 0.120,	1454, 892, 2346
0.190, 0.170, 0.120,	1454, 912, 2366
0.200, 0.170, 0.120,	1454, 944, 2398
0.180, 0.180, 0.120,	1454, 900, 2354
0.190, 0.180, 0.120,	1454, 920, 2374
0.200, 0.180, 0.120,	1454, 952, 2406
0.190, 0.190, 0.120,	1454, 936, 2390
0.200, 0.190, 0.120,	1454, 968, 2422
0.200, 0.200, 0.120,	1454, 980, 2434
0.130, 0.130, 0.130,	1454, 760, 2214
0.140, 0.130, 0.130,	1454, 788, 2242
0.150, 0.130, 0.130,	1454, 812, 2266
0.160, 0.130, 0.130,	1454, 824, 2278
0.170, 0.130, 0.130,	1454, 856, 2310
0.180, 0.130, 0.130,	1454, 872, 2326
0.190, 0.130, 0.130,	1454, 892, 2346
0.200, 0.130, 0.130,	1454, 924, 2378
0.140, 0.140, 0.130,	1454, 808, 2262
0.150, 0.140, 0.130,	1454, 832, 2286
0.160, 0.140, 0.130,	1454, 844, 2298
0.170, 0.140, 0.130,	1454, 876, 2330
0.180, 0.140, 0.130,	1454, 892, 2346
0.190, 0.140, 0.130,	1454, 912, 2366
0.200, 0.140, 0.130,	1454, 944, 2398
0.150, 0.150, 0.130,	1454, 840, 2294
0.160, 0.150, 0.130,	1454, 852, 2306
0.170, 0.150, 0.130,	1454, 884, 2338
0.180, 0.150, 0.130,	1454, 900, 2354
0.190, 0.150, 0.130,	1454, 920, 2374
0.200, 0.150, 0.130,	1454, 952, 2406
0.160, 0.160, 0.130,	1454, 864, 2318
0.170, 0.160, 0.130,	1454, 896, 2350
0.180, 0.160, 0.130,	1454, 912, 2366
0.190, 0.160, 0.130,	1454, 932, 2386
0.200, 0.160, 0.130,	1454, 964, 2418
0.170, 0.170, 0.130,	1454, 908, 2362
0.180, 0.170, 0.130,	1454, 924, 2378
0.190, 0.170, 0.130,	1454, 944, 2398
0.200, 0.170, 0.130,	1454, 976, 2430
0.180, 0.180, 0.130,	1454, 932, 2386
0.190, 0.180, 0.130,	1454, 952, 2406
0.200, 0.180, 0.130,	1454, 984, 2438
0.190, 0.190, 0.130,	1454, 968, 2422
0.200, 0.190, 0.130,	1454, 1000, 2454
0.200, 0.200, 0.130,	1454, 1012, 2466
0.140, 0.140, 0.140,	1454, 920, 2374
0.150, 0.140, 0.140,	1454, 944, 2398
0.160, 0.140, 0.140,	1454, 956, 2410
0.170, 0.140, 0.140,	1454, 988, 2442
0.180, 0.140, 0.140,	1454, 1004, 2458
0.190, 0.140, 0.140,	1454, 1024, 2478
0.200, 0.140, 0.140,	1454, 1056, 2510
0.150, 0.150, 0.140,	1454, 952, 2406
0.160, 0.150, 0.140,	1454, 964, 2418
0.170, 0.150, 0.140,	1454, 996, 2450
0.180, 0.150, 0.140,	1454, 1012, 2466
0.190, 0.150, 0.140,	1454, 1032, 2486
0.200, 0.150, 0.140,	1454, 1064, 2518
0.160, 0.160, 0.140,	1454, 976, 2430
0.170, 0.160, 0.140,	1454, 1008, 2462
0.180, 0.160, 0.140,	1454, 1024, 2478
0.190, 0.160, 0.140,	1454, 1044, 2498
0.200, 0.160, 0.140,	1454, 1076, 2530
0.170, 0.170, 0.140,	1454, 1020, 2474
0.180, 0.170, 0.140,	1454, 1036, 2490
0.190, 0.170, 0.140,	1454, 1056, 2510
0.200, 0.170, 0.140,	1454, 1088, 2542
0.180, 0.180, 0.140,	1454, 1044, 2498
0.190, 0.180, 0.140,	1454, 1064, 2518
0.200, 0.180, 0.140,	1454, 1096, 2550
0.190, 0.190, 0.140,	1454, 1080, 2534
0.200, 0.190, 0.140,	1454, 1112, 2566
0.200, 0.200, 0.140,	1454, 1124, 2578
0.150, 0.150, 0.150,	1454, 1048, 2502
0.160, 0.150, 0.150,	1454, 1060, 2514
0.170, 0.150, 0.150,	1454, 1092, 2546
0.180, 0.150, 0.150,	1454, 1108, 2562
0.190, 0.150, 0.150,	1454, 1128, 2582
0.200, 0.150, 0.150,	1454, 1160, 2614
0.160, 0.160, 0.150,	1454, 1072, 2526
0.170, 0.160, 0.150,	1454, 1104, 2558
0.180, 0.160, 0.150,	1454, 1120, 2574
0.190, 0.160, 0.150,	1454, 1140, 2594
0.200, 0.160, 0.150,	1454, 1172, 2626
0.170, 0.170, 0.150,	1454, 1116, 2570
0.180, 0.170, 0.150,	1454, 1132, 2586
0.190, 0.170, 0.150,	1454, 1152, 2606
0.200, 0.170, 0.150,	1454, 1184, 2638
0.180, 0.180, 0.150,	1454, 1140, 2594
0.190, 0.180, 0.150,	1454, 1160, 2614
0.200, 0.180, 0.150,	1454, 1192, 2646
0.190, 0.190, 0.150,	1454, 1176, 2630
0.200, 0.190, 0.150,	1454, 1208, 2662
0.200, 0.200, 0.150,	1454, 1220, 2674
0.160, 0.160, 0.160,	1454, 1120, 2574
0.170, 0.160, 0.160,	1454, 1152, 2606
0.180, 0.160, 0.160,	1454, 1168, 2622
0.190, 0.160, 0.160,	1454, 1188, 2642
0.200, 0.160, 0.160,	1454, 1220, 2674
0.170, 0.170, 0.160,	1454, 1164, 2618
0.180, 0.170, 0.160,	1454, 1180, 2634
0.190, 0.170, 0.160,	1454, 1200, 2654
0.200, 0.170, 0.160,	1454, 1232, 2686
0.180, 0.180, 0.160,	1454, 1188, 2642
0.190, 0.180, 0.160,	1454, 1208, 2662
0.200, 0.180, 0.160,	1454, 1240, 2694
0.190, 0.190, 0.160,	1454, 1224, 2678
0.200, 0.190, 0.160,	1454, 1256, 2710
0.200, 0.200, 0.160,	1454, 1268, 2722
0.170, 0.170, 0.170,	1454, 1292, 2746
0.180, 0.170, 0.170,	1454, 1308, 2762
0.190, 0.170, 0.170,	1454, 1328, 2782
0.200, 0.170, 0.170,	1454, 1360, 2814
0.180, 0.180, 0.170,	1454, 1316, 2770
0.190, 0.180, 0.170,	1454, 1336, 2790
0.200, 0.180, 0.170,	1454, 1368, 2822
0.190, 0.190, 0.170,	1454, 1352, 2806
0.200, 0.190, 0.170,	1454, 1384, 2838
0.200, 0.200, 0.170,	1454, 1396, 2850
0.180, 0.180, 0.180,	1454, 1380, 2834
0.190, 0.180, 0.180,	1454, 1400, 2854
0.200, 0.180, 0.180,	1454, 1432, 2886
0.190, 0.190, 0.180,	1454, 1416, 2870
0.200, 0.190, 0.180,	1454, 1448, 2902
0.200, 0.200, 0.180,	1454, 1460, 2914
0.190, 0.190, 0.190,	1454, 1496, 2950
0.200, 0.190, 0.190,	1454, 1528, 2982
0.200, 0.200, 0.190,	1454, 1540, 2994
0.200, 0.200, 0.200,	1454, 1668, 3122
