order = 53
 ref0,  ref1,  ref2,    nR,  nG, nDir
0.000, 0.000, 0.000,	974,   0, 974
0.010, 0.000, 0.000,	974,   4, 978
0.020, 0.000, 0.000,	974,   4, 978
0.030, 0.000, 0.000,	974,   8, 982
0.040, 0.000, 0.000,	974,  16, 990
0.050, 0.000, 0.000,	974,  24, 998
0.060, 0.000, 0.000,	974,  28, 1002
0.070, 0.000, 0.000,	974,  36, 1010
0.080, 0.000, 0.000,	974,  40, 1014
0.090, 0.000, 0.000,	974,  56, 1030
0.100, 0.000, 0.000,	974,  64, 1038
0.110, 0.000, 0.000,	974,  72, 1046
0.120, 0.000, 0.000,	974,  92, 1066
0.130, 0.000, 0.000,	974,  92, 1066
0.140, 0.000, 0.000,	974, 112, 1086
0.150, 0.000, 0.000,	974, 120, 1094
0.160, 0.000, 0.000,	974, 136, 1110
0.170, 0.000, 0.000,	974, 152, 1126
0.180, 0.000, 0.000,	974, 172, 1146
0.190, 0.000, 0.000,	974, 180, 1154
0.200, 0.000, 0.000,	974, 192, 1166
0.010, 0.010, 0.000,	974,   8, 982
0.020, 0.010, 0.000,	974,   8, 982
0.030, 0.010, 0.000,	974,  12, 986
0.040, 0.010, 0.000,	974,  20, 994
0.050, 0.010, 0.000,	974,  28, 1002
0.060, 0.010, 0.000,	974,  32, 1006
0.070, 0.010, 0.000,	974,  40, 1014
0.080, 0.010, 0.000,	974,  44, 1018
0.090, 0.010, 0.000,	974,  60, 1034
0.100, 0.010, 0.000,	974,  68, 1042
0.110, 0.010, 0.000,	974,  76, 1050
0.120, 0.010, 0.000,	974,  96, 1070
0.130, 0.010, 0.000,	974,  96, 1070
0.140, 0.010, 0.000,	974, 116, 1090
0.150, 0.010, 0.000,	974, 124, 1098
0.160, 0.010, 0.000,	974, 140, 1114
0.170, 0.010, 0.000,	974, 156, 1130
0.180, 0.010, 0.000,	974, 176, 1150
0.190, 0.010, 0.000,	974, 184, 1158
0.200, 0.010, 0.000,	974, 196, 1170
0.020, 0.020, 0.000,	974,   8, 982
0.030, 0.020, 0.000,	974,  12, 986
0.040, 0.020, 0.000,	974,  20, 994
0.050, 0.020, 0.000,	974,  28, 1002
0.060, 0.020, 0.000,	974,  32, 1006
0.070, 0.020, 0.000,	974,  40, 1014
0.080, 0.020, 0.000,	974,  44, 1018
0.090, 0.020, 0.000,	974,  60, 1034
0.100, 0.020, 0.000,	974,  68, 1042
0.110, 0.020, 0.000,	974,  76, 1050
0.120, 0.020, 0.000,	974,  96, 1070
0.130, 0.020, 0.000,	974,  96, 1070
0.140, 0.020, 0.000,	974, 116, 1090
0.150, 0.020, 0.000,	974, 124, 1098
0.160, 0.020, 0.000,	974, 140, 1114
0.170, 0.020, 0.000,	974, 156, 1130
0.180, 0.020, 0.000,	974, 176, 1150
0.190, 0.020, 0.000,	974, 184, 1158
0.200, 0.020, 0.000,	974, 196, 1170
0.030, 0.030, 0.000,	974,  16, 990
0.040, 0.030, 0.000,	974,  24, 998
0.050, 0.030, 0.000,	974,  32, 1006
0.060, 0.030, 0.000,	974,  36, 1010
0.070, 0.030, 0.000,	974,  44, 1018
0.080, 0.030, 0.000,	974,  48, 1022
0.090, 0.030, 0.000,	974,  64, 1038
0.100, 0.030, 0.000,	974,  72, 1046
0.110, 0.030, 0.000,	974,  80, 1054
0.120, 0.030, 0.000,	974, 100, 1074
0.130, 0.030, 0.000,	974, 100, 1074
0.140, 0.030, 0.000,	974, 120, 1094
0.150, 0.030, 0.000,	974, 128, 1102
0.160, 0.030, 0.000,	974, 144, 1118
0.170, 0.030, 0.000,	974, 160, 1134
0.180, 0.030, 0.000,	974, 180, 1154
0.190, 0.030, 0.000,	974, 188, 1162
0.200, 0.030, 0.000,	974, 200, 1174
0.040, 0.040, 0.000,	974,  28, 1002
0.050, 0.040, 0.000,	974,  36, 1010
0.060, 0.040, 0.000,	974,  40, 1014
0.070, 0.040, 0.000,	974,  48, 1022
0.080, 0.040, 0.000,	974,  52, 1026
0.090, 0.040, 0.000,	974,  68, 1042
0.100, 0.040, 0.000,	974,  76, 1050
0.110, 0.040, 0.000,	974,  84, 1058
0.120, 0.040, 0.000,	974, 104, 1078
0.130, 0.040, 0.000,	974, 104, 1078
0.140, 0.040, 0.000,	974, 124, 1098
0.150, 0.040, 0.000,	974, 132, 1106
0.160, 0.040, 0.000,	974, 148, 1122
0.170, 0.040, 0.000,	974, 164, 1138
0.180, 0.040, 0.000,	974, 184, 1158
0.190, 0.040, 0.000,	974, 192, 1166
0.200, 0.040, 0.000,	974, 204, 1178
0.050, 0.050, 0.000,	974,  44, 1018
0.060, 0.050, 0.000,	974,  48, 1022
0.070, 0.050, 0.000,	974,  56, 1030
0.080, 0.050, 0.000,	974,  60, 1034
0.090, 0.050, 0.000,	974,  76, 1050
0.100, 0.050, 0.000,	974,  84, 1058
0.110, 0.050, 0.000,	974,  92, 1066
0.120, 0.050, 0.000,	974, 112, 1086
0.130, 0.050, 0.000,	974, 112, 1086
0.140, 0.050, 0.000,	974, 132, 1106
0.150, 0.050, 0.000,	974, 140, 1114
0.160, 0.050, 0.000,	974, 156, 1130
0.170, 0.050, 0.000,	974, 172, 1146
0.180, 0.050, 0.000,	974, 192, 1166
0.190, 0.050, 0.000,	974, 200, 1174
0.200, 0.050, 0.000,	974, 212, 1186
0.060, 0.060, 0.000,	974,  48, 1022
0.070, 0.060, 0.000,	974,  56, 1030
0.080, 0.060, 0.000,	974,  60, 1034
0.090, 0.060, 0.000,	974,  76, 1050
0.100, 0.060, 0.000,	974,  84, 1058
0.110, 0.060, 0.000,	974,  92, 1066
0.120, 0.060, 0.000,	974, 112, 1086
0.130, 0.060, 0.000,	974, 112, 1086
0.140, 0.060, 0.000,	974, 132, 1106
0.150, 0.060, 0.000,	974, 140, 1114
0.160, 0.060, 0.000,	974, 156, 1130
0.170, 0.060, 0.000,	974, 172, 1146
0.180, 0.060, 0.000,	974, 192, 1166
0.190, 0.060, 0.000,	974, 200, 1174
0.200, 0.060, 0.000,	974, 212, 1186
0.070, 0.070, 0.000,	974,  60, 1034
0.080, 0.070, 0.000,	974,  64, 1038
0.090, 0.070, 0.000,	974,  80, 1054
0.100, 0.070, 0.000,	974,  88, 1062
0.110, 0.070, 0.000,	974,  96, 1070
0.120, 0.070, 0.000,	974, 116, 1090
0.130, 0.070, 0.000,	974, 116, 1090
0.140, 0.070, 0.000,	974, 136, 1110
0.150, 0.070, 0.000,	974, 144, 1118
0.160, 0.070, 0.000,	974, 160, 1134
0.170, 0.070, 0.000,	974, 176, 1150
0.180, 0.070, 0.000,	974, 196, 1170
0.190, 0.070, 0.000,	974, 204, 1178
0.200, 0.070, 0.000,	974, 216, 1190
0.080, 0.080, 0.000,	974,  68, 1042
0.090, 0.080, 0.000,	974,  84, 1058
0.100, 0.080, 0.000,	974,  92, 1066
0.110, 0.080, 0.000,	974, 100, 1074
0.120, 0.080, 0.000,	974, 120, 1094
0.130, 0.080, 0.000,	974, 120, 1094
0.140, 0.080, 0.000,	974, 140, 1114
0.150, 0.080, 0.000,	974, 148, 1122
0.160, 0.080, 0.000,	974, 164, 1138
0.170, 0.080, 0.000,	974, 180, 1154
0.180, 0.080, 0.000,	974, 200, 1174
0.190, 0.080, 0.000,	974, 208, 1182
0.200, 0.080, 0.000,	974, 220, 1194
0.090, 0.090, 0.000,	974,  92, 1066
0.100, 0.090, 0.000,	974, 100, 1074
0.110, 0.090, 0.000,	974, 108, 1082
0.120, 0.090, 0.000,	974, 128, 1102
0.130, 0.090, 0.000,	974, 128, 1102
0.140, 0.090, 0.000,	974, 148, 1122
0.150, 0.090, 0.000,	974, 156, 1130
0.160, 0.090, 0.000,	974, 172, 1146
0.170, 0.090, 0.000,	974, 188, 1162
0.180, 0.090, 0.000,	974, 208, 1182
0.190, 0.090, 0.000,	974, 216, 1190
0.200, 0.090, 0.000,	974, 228, 1202
0.100, 0.100, 0.000,	974, 104, 1078
0.110, 0.100, 0.000,	974, 112, 1086
0.120, 0.100, 0.000,	974, 132, 1106
0.130, 0.100, 0.000,	974, 132, 1106
0.140, 0.100, 0.000,	974, 152, 1126
0.150, 0.100, 0.000,	974, 160, 1134
0.160, 0.100, 0.000,	974, 176, 1150
0.170, 0.100, 0.000,	974, 192, 1166
0.180, 0.100, 0.000,	974, 212, 1186
0.190, 0.100, 0.000,	974, 220, 1194
0.200, 0.100, 0.000,	974, 232, 1206
0.110, 0.110, 0.000,	974, 120, 1094
0.120, 0.110, 0.000,	974, 140, 1114
0.130, 0.110, 0.000,	974, 140, 1114
0.140, 0.110, 0.000,	974, 160, 1134
0.150, 0.110, 0.000,	974, 168, 1142
0.160, 0.110, 0.000,	974, 184, 1158
0.170, 0.110, 0.000,	974, 200, 1174
0.180, 0.110, 0.000,	974, 220, 1194
0.190, 0.110, 0.000,	974, 228, 1202
0.200, 0.110, 0.000,	974, 240, 1214
0.120, 0.120, 0.000,	974, 148, 1122
0.130, 0.120, 0.000,	974, 148, 1122
0.140, 0.120, 0.000,	974, 168, 1142
0.150, 0.120, 0.000,	974, 176, 1150
0.160, 0.120, 0.000,	974, 192, 1166
0.170, 0.120, 0.000,	974, 208, 1182
0.180, 0.120, 0.000,	974, 228, 1202
0.190, 0.120, 0.000,	974, 236, 1210
0.200, 0.120, 0.000,	974, 248, 1222
0.130, 0.130, 0.000,	974, 148, 1122
0.140, 0.130, 0.000,	974, 168, 1142
0.150, 0.130, 0.000,	974, 176, 1150
0.160, 0.130, 0.000,	974, 192, 1166
0.170, 0.130, 0.000,	974, 208, 1182
0.180, 0.130, 0.000,	974, 228, 1202
0.190, 0.130, 0.000,	974, 236, 1210
0.200, 0.130, 0.000,	974, 248, 1222
0.140, 0.140, 0.000,	974, 184, 1158
0.150, 0.140, 0.000,	974, 192, 1166
0.160, 0.140, 0.000,	974, 208, 1182
0.170, 0.140, 0.000,	974, 224, 1198
0.180, 0.140, 0.000,	974, 244, 1218
0.190, 0.140, 0.000,	974, 252, 1226
0.200, 0.140, 0.000,	974, 264, 1238
0.150, 0.150, 0.000,	974, 192, 1166
0.160, 0.150, 0.000,	974, 208, 1182
0.170, 0.150, 0.000,	974, 224, 1198
0.180, 0.150, 0.000,	974, 244, 1218
0.190, 0.150, 0.000,	974, 252, 1226
0.200, 0.150, 0.000,	974, 264, 1238
0.160, 0.160, 0.000,	974, 216, 1190
0.170, 0.160, 0.000,	974, 232, 1206
0.180, 0.160, 0.000,	974, 252, 1226
0.190, 0.160, 0.000,	974, 260, 1234
0.200, 0.160, 0.000,	974, 272, 1246
0.170, 0.170, 0.000,	974, 244, 1218
0.180, 0.170, 0.000,	974, 264, 1238
0.190, 0.170, 0.000,	974, 272, 1246
0.200, 0.170, 0.000,	974, 284, 1258
0.180, 0.180, 0.000,	974, 272, 1246
0.190, 0.180, 0.000,	974, 280, 1254
0.200, 0.180, 0.000,	974, 292, 1266
0.190, 0.190, 0.000,	974, 288, 1262
0.200, 0.190, 0.000,	974, 300, 1274
0.200, 0.200, 0.000,	974, 304, 1278
0.010, 0.010, 0.010,	974,  24, 998
0.020, 0.010, 0.010,	974,  24, 998
0.030, 0.010, 0.010,	974,  28, 1002
0.040, 0.010, 0.010,	974,  36, 1010
0.050, 0.010, 0.010,	974,  44, 1018
0.060, 0.010, 0.010,	974,  48, 1022
0.070, 0.010, 0.010,	974,  56, 1030
0.080, 0.010, 0.010,	974,  60, 1034
0.090, 0.010, 0.010,	974,  76, 1050
0.100, 0.010, 0.010,	974,  84, 1058
0.110, 0.010, 0.010,	974,  92, 1066
0.120, 0.010, 0.010,	974, 112, 1086
0.130, 0.010, 0.010,	974, 112, 1086
0.140, 0.010, 0.010,	974, 132, 1106
0.150, 0.010, 0.010,	974, 140, 1114
0.160, 0.010, 0.010,	974, 156, 1130
0.170, 0.010, 0.010,	974, 172, 1146
0.180, 0.010, 0.010,	974, 192, 1166
0.190, 0.010, 0.010,	974, 200, 1174
0.200, 0.010, 0.010,	974, 212, 1186
0.020, 0.020, 0.010,	974,  24, 998
0.030, 0.020, 0.010,	974,  28, 1002
0.040, 0.020, 0.010,	974,  36, 1010
0.050, 0.020, 0.010,	974,  44, 1018
0.060, 0.020, 0.010,	974,  48, 1022
0.070, 0.020, 0.010,	974,  56, 1030
0.080, 0.020, 0.010,	974,  60, 1034
0.090, 0.020, 0.010,	974,  76, 1050
0.100, 0.020, 0.010,	974,  84, 1058
0.110, 0.020, 0.010,	974,  92, 1066
0.120, 0.020, 0.010,	974, 112, 1086
0.130, 0.020, 0.010,	974, 112, 1086
0.140, 0.020, 0.010,	974, 132, 1106
0.150, 0.020, 0.010,	974, 140, 1114
0.160, 0.020, 0.010,	974, 156, 1130
0.170, 0.020, 0.010,	974, 172, 1146
0.180, 0.020, 0.010,	974, 192, 1166
0.190, 0.020, 0.010,	974, 200, 1174
0.200, 0.020, 0.010,	974, 212, 1186
0.030, 0.030, 0.010,	974,  32, 1006
0.040, 0.030, 0.010,	974,  40, 1014
0.050, 0.030, 0.010,	974,  48, 1022
0.060, 0.030, 0.010,	974,  52, 1026
0.070, 0.030, 0.010,	974,  60, 1034
0.080, 0.030, 0.010,	974,  64, 1038
0.090, 0.030, 0.010,	974,  80, 1054
0.100, 0.030, 0.010,	974,  88, 1062
0.110, 0.030, 0.010,	974,  96, 1070
0.120, 0.030, 0.010,	974, 116, 1090
0.130, 0.030, 0.010,	974, 116, 1090
0.140, 0.030, 0.010,	974, 136, 1110
0.150, 0.030, 0.010,	974, 144, 1118
0.160, 0.030, 0.010,	974, 160, 1134
0.170, 0.030, 0.010,	974, 176, 1150
0.180, 0.030, 0.010,	974, 196, 1170
0.190, 0.030, 0.010,	974, 204, 1178
0.200, 0.030, 0.010,	974, 216, 1190
0.040, 0.040, 0.010,	974,  44, 1018
0.050, 0.040, 0.010,	974,  52, 1026
0.060, 0.040, 0.010,	974,  56, 1030
0.070, 0.040, 0.010,	974,  64, 1038
0.080, 0.040, 0.010,	974,  68, 1042
0.090, 0.040, 0.010,	974,  84, 1058
0.100, 0.040, 0.010,	974,  92, 1066
0.110, 0.040, 0.010,	974, 100, 1074
0.120, 0.040, 0.010,	974, 120, 1094
0.130, 0.040, 0.010,	974, 120, 1094
0.140, 0.040, 0.010,	974, 140, 1114
0.150, 0.040, 0.010,	974, 148, 1122
0.160, 0.040, 0.010,	974, 164, 1138
0.170, 0.040, 0.010,	974, 180, 1154
0.180, 0.040, 0.010,	974, 200, 1174
0.190, 0.040, 0.010,	974, 208, 1182
0.200, 0.040, 0.010,	974, 220, 1194
0.050, 0.050, 0.010,	974,  60, 1034
0.060, 0.050, 0.010,	974,  64, 1038
0.070, 0.050, 0.010,	974,  72, 1046
0.080, 0.050, 0.010,	974,  76, 1050
0.090, 0.050, 0.010,	974,  92, 1066
0.100, 0.050, 0.010,	974, 100, 1074
0.110, 0.050, 0.010,	974, 108, 1082
0.120, 0.050, 0.010,	974, 128, 1102
0.130, 0.050, 0.010,	974, 128, 1102
0.140, 0.050, 0.010,	974, 148, 1122
0.150, 0.050, 0.010,	974, 156, 1130
0.160, 0.050, 0.010,	974, 172, 1146
0.170, 0.050, 0.010,	974, 188, 1162
0.180, 0.050, 0.010,	974, 208, 1182
0.190, 0.050, 0.010,	974, 216, 1190
0.200, 0.050, 0.010,	974, 228, 1202
0.060, 0.060, 0.010,	974,  64, 1038
0.070, 0.060, 0.010,	974,  72, 1046
0.080, 0.060, 0.010,	974,  76, 1050
0.090, 0.060, 0.010,	974,  92, 1066
0.100, 0.060, 0.010,	974, 100, 1074
0.110, 0.060, 0.010,	974, 108, 1082
0.120, 0.060, 0.010,	974, 128, 1102
0.130, 0.060, 0.010,	974, 128, 1102
0.140, 0.060, 0.010,	974, 148, 1122
0.150, 0.060, 0.010,	974, 156, 1130
0.160, 0.060, 0.010,	974, 172, 1146
0.170, 0.060, 0.010,	974, 188, 1162
0.180, 0.060, 0.010,	974, 208, 1182
0.190, 0.060, 0.010,	974, 216, 1190
0.200, 0.060, 0.010,	974, 228, 1202
0.070, 0.070, 0.010,	974,  76, 1050
0.080, 0.070, 0.010,	974,  80, 1054
0.090, 0.070, 0.010,	974,  96, 1070
0.100, 0.070, 0.010,	974, 104, 1078
0.110, 0.070, 0.010,	974, 112, 1086
0.120, 0.070, 0.010,	974, 132, 1106
0.130, 0.070, 0.010,	974, 132, 1106
0.140, 0.070, 0.010,	974, 152, 1126
0.150, 0.070, 0.010,	974, 160, 1134
0.160, 0.070, 0.010,	974, 176, 1150
0.170, 0.070, 0.010,	974, 192, 1166
0.180, 0.070, 0.010,	974, 212, 1186
0.190, 0.070, 0.010,	974, 220, 1194
0.200, 0.070, 0.010,	974, 232, 1206
0.080, 0.080, 0.010,	974,  84, 1058
0.090, 0.080, 0.010,	974, 100, 1074
0.100, 0.080, 0.010,	974, 108, 1082
0.110, 0.080, 0.010,	974, 116, 1090
0.120, 0.080, 0.010,	974, 136, 1110
0.130, 0.080, 0.010,	974, 136, 1110
0.140, 0.080, 0.010,	974, 156, 1130
0.150, 0.080, 0.010,	974, 164, 1138
0.160, 0.080, 0.010,	974, 180, 1154
0.170, 0.080, 0.010,	974, 196, 1170
0.180, 0.080, 0.010,	974, 216, 1190
0.190, 0.080, 0.010,	974, 224, 1198
0.200, 0.080, 0.010,	974, 236, 1210
0.090, 0.090, 0.010,	974, 108, 1082
0.100, 0.090, 0.010,	974, 116, 1090
0.110, 0.090, 0.010,	974, 124, 1098
0.120, 0.090, 0.010,	974, 144, 1118
0.130, 0.090, 0.010,	974, 144, 1118
0.140, 0.090, 0.010,	974, 164, 1138
0.150, 0.090, 0.010,	974, 172, 1146
0.160, 0.090, 0.010,	974, 188, 1162
0.170, 0.090, 0.010,	974, 204, 1178
0.180, 0.090, 0.010,	974, 224, 1198
0.190, 0.090, 0.010,	974, 232, 1206
0.200, 0.090, 0.010,	974, 244, 1218
0.100, 0.100, 0.010,	974, 120, 1094
0.110, 0.100, 0.010,	974, 128, 1102
0.120, 0.100, 0.010,	974, 148, 1122
0.130, 0.100, 0.010,	974, 148, 1122
0.140, 0.100, 0.010,	974, 168, 1142
0.150, 0.100, 0.010,	974, 176, 1150
0.160, 0.100, 0.010,	974, 192, 1166
0.170, 0.100, 0.010,	974, 208, 1182
0.180, 0.100, 0.010,	974, 228, 1202
0.190, 0.100, 0.010,	974, 236, 1210
0.200, 0.100, 0.010,	974, 248, 1222
0.110, 0.110, 0.010,	974, 136, 1110
0.120, 0.110, 0.010,	974, 156, 1130
0.130, 0.110, 0.010,	974, 156, 1130
0.140, 0.110, 0.010,	974, 176, 1150
0.150, 0.110, 0.010,	974, 184, 1158
0.160, 0.110, 0.010,	974, 200, 1174
0.170, 0.110, 0.010,	974, 216, 1190
0.180, 0.110, 0.010,	974, 236, 1210
0.190, 0.110, 0.010,	974, 244, 1218
0.200, 0.110, 0.010,	974, 256, 1230
0.120, 0.120, 0.010,	974, 164, 1138
0.130, 0.120, 0.010,	974, 164, 1138
0.140, 0.120, 0.010,	974, 184, 1158
0.150, 0.120, 0.010,	974, 192, 1166
0.160, 0.120, 0.010,	974, 208, 1182
0.170, 0.120, 0.010,	974, 224, 1198
0.180, 0.120, 0.010,	974, 244, 1218
0.190, 0.120, 0.010,	974, 252, 1226
0.200, 0.120, 0.010,	974, 264, 1238
0.130, 0.130, 0.010,	974, 164, 1138
0.140, 0.130, 0.010,	974, 184, 1158
0.150, 0.130, 0.010,	974, 192, 1166
0.160, 0.130, 0.010,	974, 208, 1182
0.170, 0.130, 0.010,	974, 224, 1198
0.180, 0.130, 0.010,	974, 244, 1218
0.190, 0.130, 0.010,	974, 252, 1226
0.200, 0.130, 0.010,	974, 264, 1238
0.140, 0.140, 0.010,	974, 200, 1174
0.150, 0.140, 0.010,	974, 208, 1182
0.160, 0.140, 0.010,	974, 224, 1198
0.170, 0.140, 0.010,	974, 240, 1214
0.180, 0.140, 0.010,	974, 260, 1234
0.190, 0.140, 0.010,	974, 268, 1242
0.200, 0.140, 0.010,	974, 280, 1254
0.150, 0.150, 0.010,	974, 208, 1182
0.160, 0.150, 0.010,	974, 224, 1198
0.170, 0.150, 0.010,	974, 240, 1214
0.180, 0.150, 0.010,	974, 260, 1234
0.190, 0.150, 0.010,	974, 268, 1242
0.200, 0.150, 0.010,	974, 280, 1254
0.160, 0.160, 0.010,	974, 232, 1206
0.170, 0.160, 0.010,	974, 248, 1222
0.180, 0.160, 0.010,	974, 268, 1242
0.190, 0.160, 0.010,	974, 276, 1250
0.200, 0.160, 0.010,	974, 288, 1262
0.170, 0.170, 0.010,	974, 260, 1234
0.180, 0.170, 0.010,	974, 280, 1254
0.190, 0.170, 0.010,	974, 288, 1262
0.200, 0.170, 0.010,	974, 300, 1274
0.180, 0.180, 0.010,	974, 288, 1262
0.190, 0.180, 0.010,	974, 296, 1270
0.200, 0.180, 0.010,	974, 308, 1282
0.190, 0.190, 0.010,	974, 304, 1278
0.200, 0.190, 0.010,	974, 316, 1290
0.200, 0.200, 0.010,	974, 320, 1294
0.020, 0.020, 0.020,	974,  24, 998
0.030, 0.020, 0.020,	974,  28, 1002
0.040, 0.020, 0.020,	974,  36, 1010
0.050, 0.020, 0.020,	974,  44, 1018
0.060, 0.020, 0.020,	974,  48, 1022
0.070, 0.020, 0.020,	974,  56, 1030
0.080, 0.020, 0.020,	974,  60, 1034
0.090, 0.020, 0.020,	974,  76, 1050
0.100, 0.020, 0.020,	974,  84, 1058
0.110, 0.020, 0.020,	974,  92, 1066
0.120, 0.020, 0.020,	974, 112, 1086
0.130, 0.020, 0.020,	974, 112, 1086
0.140, 0.020, 0.020,	974, 132, 1106
0.150, 0.020, 0.020,	974, 140, 1114
0.160, 0.020, 0.020,	974, 156, 1130
0.170, 0.020, 0.020,	974, 172, 1146
0.180, 0.020, 0.020,	974, 192, 1166
0.190, 0.020, 0.020,	974, 200, 1174
0.200, 0.020, 0.020,	974, 212, 1186
0.030, 0.030, 0.020,	974,  32, 1006
0.040, 0.030, 0.020,	974,  40, 1014
0.050, 0.030, 0.020,	974,  48, 1022
0.060, 0.030, 0.020,	974,  52, 1026
0.070, 0.030, 0.020,	974,  60, 1034
0.080, 0.030, 0.020,	974,  64, 1038
0.090, 0.030, 0.020,	974,  80, 1054
0.100, 0.030, 0.020,	974,  88, 1062
0.110, 0.030, 0.020,	974,  96, 1070
0.120, 0.030, 0.020,	974, 116, 1090
0.130, 0.030, 0.020,	974, 116, 1090
0.140, 0.030, 0.020,	974, 136, 1110
0.150, 0.030, 0.020,	974, 144, 1118
0.160, 0.030, 0.020,	974, 160, 1134
0.170, 0.030, 0.020,	974, 176, 1150
0.180, 0.030, 0.020,	974, 196, 1170
0.190, 0.030, 0.020,	974, 204, 1178
0.200, 0.030, 0.020,	974, 216, 1190
0.040, 0.040, 0.020,	974,  44, 1018
0.050, 0.040, 0.020,	974,  52, 1026
0.060, 0.040, 0.020,	974,  56, 1030
0.070, 0.040, 0.020,	974,  64, 1038
0.080, 0.040, 0.020,	974,  68, 1042
0.090, 0.040, 0.020,	974,  84, 1058
0.100, 0.040, 0.020,	974,  92, 1066
0.110, 0.040, 0.020,	974, 100, 1074
0.120, 0.040, 0.020,	974, 120, 1094
0.130, 0.040, 0.020,	974, 120, 1094
0.140, 0.040, 0.020,	974, 140, 1114
0.150, 0.040, 0.020,	974, 148, 1122
0.160, 0.040, 0.020,	974, 164, 1138
0.170, 0.040, 0.020,	974, 180, 1154
0.180, 0.040, 0.020,	974, 200, 1174
0.190, 0.040, 0.020,	974, 208, 1182
0.200, 0.040, 0.020,	974, 220, 1194
0.050, 0.050, 0.020,	974,  60, 1034
0.060, 0.050, 0.020,	974,  64, 1038
0.070, 0.050, 0.020,	974,  72, 1046
0.080, 0.050, 0.020,	974,  76, 1050
0.090, 0.050, 0.020,	974,  92, 1066
0.100, 0.050, 0.020,	974, 100, 1074
0.110, 0.050, 0.020,	974, 108, 1082
0.120, 0.050, 0.020,	974, 128, 1102
0.130, 0.050, 0.020,	974, 128, 1102
0.140, 0.050, 0.020,	974, 148, 1122
0.150, 0.050, 0.020,	974, 156, 1130
0.160, 0.050, 0.020,	974, 172, 1146
0.170, 0.050, 0.020,	974, 188, 1162
0.180, 0.050, 0.020,	974, 208, 1182
0.190, 0.050, 0.020,	974, 216, 1190
0.200, 0.050, 0.020,	974, 228, 1202
0.060, 0.060, 0.020,	974,  64, 1038
0.070, 0.060, 0.020,	974,  72, 1046
0.080, 0.060, 0.020,	974,  76, 1050
0.090, 0.060, 0.020,	974,  92, 1066
0.100, 0.060, 0.020,	974, 100, 1074
0.110, 0.060, 0.020,	974, 108, 1082
0.120, 0.060, 0.020,	974, 128, 1102
0.130, 0.060, 0.020,	974, 128, 1102
0.140, 0.060, 0.020,	974, 148, 1122
0.150, 0.060, 0.020,	974, 156, 1130
0.160, 0.060, 0.020,	974, 172, 1146
0.170, 0.060, 0.020,	974, 188, 1162
0.180, 0.060, 0.020,	974, 208, 1182
0.190, 0.060, 0.020,	974, 216, 1190
0.200, 0.060, 0.020,	974, 228, 1202
0.070, 0.070, 0.020,	974,  76, 1050
0.080, 0.070, 0.020,	974,  80, 1054
0.090, 0.070, 0.020,	974,  96, 1070
0.100, 0.070, 0.020,	974, 104, 1078
0.110, 0.070, 0.020,	974, 112, 1086
0.120, 0.070, 0.020,	974, 132, 1106
0.130, 0.070, 0.020,	974, 132, 1106
0.140, 0.070, 0.020,	974, 152, 1126
0.150, 0.070, 0.020,	974, 160, 1134
0.160, 0.070, 0.020,	974, 176, 1150
0.170, 0.070, 0.020,	974, 192, 1166
0.180, 0.070, 0.020,	974, 212, 1186
0.190, 0.070, 0.020,	974, 220, 1194
0.200, 0.070, 0.020,	974, 232, 1206
0.080, 0.080, 0.020,	974,  84, 1058
0.090, 0.080, 0.020,	974, 100, 1074
0.100, 0.080, 0.020,	974, 108, 1082
0.110, 0.080, 0.020,	974, 116, 1090
0.120, 0.080, 0.020,	974, 136, 1110
0.130, 0.080, 0.020,	974, 136, 1110
0.140, 0.080, 0.020,	974, 156, 1130
0.150, 0.080, 0.020,	974, 164, 1138
0.160, 0.080, 0.020,	974, 180, 1154
0.170, 0.080, 0.020,	974, 196, 1170
0.180, 0.080, 0.020,	974, 216, 1190
0.190, 0.080, 0.020,	974, 224, 1198
0.200, 0.080, 0.020,	974, 236, 1210
0.090, 0.090, 0.020,	974, 108, 1082
0.100, 0.090, 0.020,	974, 116, 1090
0.110, 0.090, 0.020,	974, 124, 1098
0.120, 0.090, 0.020,	974, 144, 1118
0.130, 0.090, 0.020,	974, 144, 1118
0.140, 0.090, 0.020,	974, 164, 1138
0.150, 0.090, 0.020,	974, 172, 1146
0.160, 0.090, 0.020,	974, 188, 1162
0.170, 0.090, 0.020,	974, 204, 1178
0.180, 0.090, 0.020,	974, 224, 1198
0.190, 0.090, 0.020,	974, 232, 1206
0.200, 0.090, 0.020,	974, 244, 1218
0.100, 0.100, 0.020,	974, 120, 1094
0.110, 0.100, 0.020,	974, 128, 1102
0.120, 0.100, 0.020,	974, 148, 1122
0.130, 0.100, 0.020,	974, 148, 1122
0.140, 0.100, 0.020,	974, 168, 1142
0.150, 0.100, 0.020,	974, 176, 1150
0.160, 0.100, 0.020,	974, 192, 1166
0.170, 0.100, 0.020,	974, 208, 1182
0.180, 0.100, 0.020,	974, 228, 1202
0.190, 0.100, 0.020,	974, 236, 1210
0.200, 0.100, 0.020,	974, 248, 1222
0.110, 0.110, 0.020,	974, 136, 1110
0.120, 0.110, 0.020,	974, 156, 1130
0.130, 0.110, 0.020,	974, 156, 1130
0.140, 0.110, 0.020,	974, 176, 1150
0.150, 0.110, 0.020,	974, 184, 1158
0.160, 0.110, 0.020,	974, 200, 1174
0.170, 0.110, 0.020,	974, 216, 1190
0.180, 0.110, 0.020,	974, 236, 1210
0.190, 0.110, 0.020,	974, 244, 1218
0.200, 0.110, 0.020,	974, 256, 1230
0.120, 0.120, 0.020,	974, 164, 1138
0.130, 0.120, 0.020,	974, 164, 1138
0.140, 0.120, 0.020,	974, 184, 1158
0.150, 0.120, 0.020,	974, 192, 1166
0.160, 0.120, 0.020,	974, 208, 1182
0.170, 0.120, 0.020,	974, 224, 1198
0.180, 0.120, 0.020,	974, 244, 1218
0.190, 0.120, 0.020,	974, 252, 1226
0.200, 0.120, 0.020,	974, 264, 1238
0.130, 0.130, 0.020,	974, 164, 1138
0.140, 0.130, 0.020,	974, 184, 1158
0.150, 0.130, 0.020,	974, 192, 1166
0.160, 0.130, 0.020,	974, 208, 1182
0.170, 0.130, 0.020,	974, 224, 1198
0.180, 0.130, 0.020,	974, 244, 1218
0.190, 0.130, 0.020,	974, 252, 1226
0.200, 0.130, 0.020,	974, 264, 1238
0.140, 0.140, 0.020,	974, 200, 1174
0.150, 0.140, 0.020,	974, 208, 1182
0.160, 0.140, 0.020,	974, 224, 1198
0.170, 0.140, 0.020,	974, 240, 1214
0.180, 0.140, 0.020,	974, 260, 1234
0.190, 0.140, 0.020,	974, 268, 1242
0.200, 0.140, 0.020,	974, 280, 1254
0.150, 0.150, 0.020,	974, 208, 1182
0.160, 0.150, 0.020,	974, 224, 1198
0.170, 0.150, 0.020,	974, 240, 1214
0.180, 0.150, 0.020,	974, 260, 1234
0.190, 0.150, 0.020,	974, 268, 1242
0.200, 0.150, 0.020,	974, 280, 1254
0.160, 0.160, 0.020,	974, 232, 1206
0.170, 0.160, 0.020,	974, 248, 1222
0.180, 0.160, 0.020,	974, 268, 1242
0.190, 0.160, 0.020,	974, 276, 1250
0.200, 0.160, 0.020,	974, 288, 1262
0.170, 0.170, 0.020,	974, 260, 1234
0.180, 0.170, 0.020,	974, 280, 1254
0.190, 0.170, 0.020,	974, 288, 1262
0.200, 0.170, 0.020,	974, 300, 1274
0.180, 0.180, 0.020,	974, 288, 1262
0.190, 0.180, 0.020,	974, 296, 1270
0.200, 0.180, 0.020,	974, 308, 1282
0.190, 0.190, 0.020,	974, 304, 1278
0.200, 0.190, 0.020,	974, 316, 1290
0.200, 0.200, 0.020,	974, 320, 1294
0.030, 0.030, 0.030,	974,  48, 1022
0.040, 0.030, 0.030,	974,  56, 1030
0.050, 0.030, 0.030,	974,  64, 1038
0.060, 0.030, 0.030,	974,  68, 1042
0.070, 0.030, 0.030,	974,  76, 1050
0.080, 0.030, 0.030,	974,  80, 1054
0.090, 0.030, 0.030,	974,  96, 1070
0.100, 0.030, 0.030,	974, 104, 1078
0.110, 0.030, 0.030,	974, 112, 1086
0.120, 0.030, 0.030,	974, 132, 1106
0.130, 0.030, 0.030,	974, 132, 1106
0.140, 0.030, 0.030,	974, 152, 1126
0.150, 0.030, 0.030,	974, 160, 1134
0.160, 0.030, 0.030,	974, 176, 1150
0.170, 0.030, 0.030,	974, 192, 1166
0.180, 0.030, 0.030,	974, 212, 1186
0.190, 0.030, 0.030,	974, 220, 1194
0.200, 0.030, 0.030,	974, 232, 1206
0.040, 0.040, 0.030,	974,  60, 1034
0.050, 0.040, 0.030,	974,  68, 1042
0.060, 0.040, 0.030,	974,  72, 1046
0.070, 0.040, 0.030,	974,  80, 1054
0.080, 0.040, 0.030,	974,  84, 1058
0.090, 0.040, 0.030,	974, 100, 1074
0.100, 0.040, 0.030,	974, 108, 1082
0.110, 0.040, 0.030,	974, 116, 1090
0.120, 0.040, 0.030,	974, 136, 1110
0.130, 0.040, 0.030,	974, 136, 1110
0.140, 0.040, 0.030,	974, 156, 1130
0.150, 0.040, 0.030,	974, 164, 1138
0.160, 0.040, 0.030,	974, 180, 1154
0.170, 0.040, 0.030,	974, 196, 1170
0.180, 0.040, 0.030,	974, 216, 1190
0.190, 0.040, 0.030,	974, 224, 1198
0.200, 0.040, 0.030,	974, 236, 1210
0.050, 0.050, 0.030,	974,  76, 1050
0.060, 0.050, 0.030,	974,  80, 1054
0.070, 0.050, 0.030,	974,  88, 1062
0.080, 0.050, 0.030,	974,  92, 1066
0.090, 0.050, 0.030,	974, 108, 1082
0.100, 0.050, 0.030,	974, 116, 1090
0.110, 0.050, 0.030,	974, 124, 1098
0.120, 0.050, 0.030,	974, 144, 1118
0.130, 0.050, 0.030,	974, 144, 1118
0.140, 0.050, 0.030,	974, 164, 1138
0.150, 0.050, 0.030,	974, 172, 1146
0.160, 0.050, 0.030,	974, 188, 1162
0.170, 0.050, 0.030,	974, 204, 1178
0.180, 0.050, 0.030,	974, 224, 1198
0.190, 0.050, 0.030,	974, 232, 1206
0.200, 0.050, 0.030,	974, 244, 1218
0.060, 0.060, 0.030,	974,  80, 1054
0.070, 0.060, 0.030,	974,  88, 1062
0.080, 0.060, 0.030,	974,  92, 1066
0.090, 0.060, 0.030,	974, 108, 1082
0.100, 0.060, 0.030,	974, 116, 1090
0.110, 0.060, 0.030,	974, 124, 1098
0.120, 0.060, 0.030,	974, 144, 1118
0.130, 0.060, 0.030,	974, 144, 1118
0.140, 0.060, 0.030,	974, 164, 1138
0.150, 0.060, 0.030,	974, 172, 1146
0.160, 0.060, 0.030,	974, 188, 1162
0.170, 0.060, 0.030,	974, 204, 1178
0.180, 0.060, 0.030,	974, 224, 1198
0.190, 0.060, 0.030,	974, 232, 1206
0.200, 0.060, 0.030,	974, 244, 1218
0.070, 0.070, 0.030,	974,  92, 1066
0.080, 0.070, 0.030,	974,  96, 1070
0.090, 0.070, 0.030,	974, 112, 1086
0.100, 0.070, 0.030,	974, 120, 1094
0.110, 0.070, 0.030,	974, 128, 1102
0.120, 0.070, 0.030,	974, 148, 1122
0.130, 0.070, 0.030,	974, 148, 1122
0.140, 0.070, 0.030,	974, 168, 1142
0.150, 0.070, 0.030,	974, 176, 1150
0.160, 0.070, 0.030,	974, 192, 1166
0.170, 0.070, 0.030,	974, 208, 1182
0.180, 0.070, 0.030,	974, 228, 1202
0.190, 0.070, 0.030,	974, 236, 1210
0.200, 0.070, 0.030,	974, 248, 1222
0.080, 0.080, 0.030,	974, 100, 1074
0.090, 0.080, 0.030,	974, 116, 1090
0.100, 0.080, 0.030,	974, 124, 1098
0.110, 0.080, 0.030,	974, 132, 1106
0.120, 0.080, 0.030,	974, 152, 1126
0.130, 0.080, 0.030,	974, 152, 1126
0.140, 0.080, 0.030,	974, 172, 1146
0.150, 0.080, 0.030,	974, 180, 1154
0.160, 0.080, 0.030,	974, 196, 1170
0.170, 0.080, 0.030,	974, 212, 1186
0.180, 0.080, 0.030,	974, 232, 1206
0.190, 0.080, 0.030,	974, 240, 1214
0.200, 0.080, 0.030,	974, 252, 1226
0.090, 0.090, 0.030,	974, 124, 1098
0.100, 0.090, 0.030,	974, 132, 1106
0.110, 0.090, 0.030,	974, 140, 1114
0.120, 0.090, 0.030,	974, 160, 1134
0.130, 0.090, 0.030,	974, 160, 1134
0.140, 0.090, 0.030,	974, 180, 1154
0.150, 0.090, 0.030,	974, 188, 1162
0.160, 0.090, 0.030,	974, 204, 1178
0.170, 0.090, 0.030,	974, 220, 1194
0.180, 0.090, 0.030,	974, 240, 1214
0.190, 0.090, 0.030,	974, 248, 1222
0.200, 0.090, 0.030,	974, 260, 1234
0.100, 0.100, 0.030,	974, 136, 1110
0.110, 0.100, 0.030,	974, 144, 1118
0.120, 0.100, 0.030,	974, 164, 1138
0.130, 0.100, 0.030,	974, 164, 1138
0.140, 0.100, 0.030,	974, 184, 1158
0.150, 0.100, 0.030,	974, 192, 1166
0.160, 0.100, 0.030,	974, 208, 1182
0.170, 0.100, 0.030,	974, 224, 1198
0.180, 0.100, 0.030,	974, 244, 1218
0.190, 0.100, 0.030,	974, 252, 1226
0.200, 0.100, 0.030,	974, 264, 1238
0.110, 0.110, 0.030,	974, 152, 1126
0.120, 0.110, 0.030,	974, 172, 1146
0.130, 0.110, 0.030,	974, 172, 1146
0.140, 0.110, 0.030,	974, 192, 1166
0.150, 0.110, 0.030,	974, 200, 1174
0.160, 0.110, 0.030,	974, 216, 1190
0.170, 0.110, 0.030,	974, 232, 1206
0.180, 0.110, 0.030,	974, 252, 1226
0.190, 0.110, 0.030,	974, 260, 1234
0.200, 0.110, 0.030,	974, 272, 1246
0.120, 0.120, 0.030,	974, 180, 1154
0.130, 0.120, 0.030,	974, 180, 1154
0.140, 0.120, 0.030,	974, 200, 1174
0.150, 0.120, 0.030,	974, 208, 1182
0.160, 0.120, 0.030,	974, 224, 1198
0.170, 0.120, 0.030,	974, 240, 1214
0.180, 0.120, 0.030,	974, 260, 1234
0.190, 0.120, 0.030,	974, 268, 1242
0.200, 0.120, 0.030,	974, 280, 1254
0.130, 0.130, 0.030,	974, 180, 1154
0.140, 0.130, 0.030,	974, 200, 1174
0.150, 0.130, 0.030,	974, 208, 1182
0.160, 0.130, 0.030,	974, 224, 1198
0.170, 0.130, 0.030,	974, 240, 1214
0.180, 0.130, 0.030,	974, 260, 1234
0.190, 0.130, 0.030,	974, 268, 1242
0.200, 0.130, 0.030,	974, 280, 1254
0.140, 0.140, 0.030,	974, 216, 1190
0.150, 0.140, 0.030,	974, 224, 1198
0.160, 0.140, 0.030,	974, 240, 1214
0.170, 0.140, 0.030,	974, 256, 1230
0.180, 0.140, 0.030,	974, 276, 1250
0.190, 0.140, 0.030,	974, 284, 1258
0.200, 0.140, 0.030,	974, 296, 1270
0.150, 0.150, 0.030,	974, 224, 1198
0.160, 0.150, 0.030,	974, 240, 1214
0.170, 0.150, 0.030,	974, 256, 1230
0.180, 0.150, 0.030,	974, 276, 1250
0.190, 0.150, 0.030,	974, 284, 1258
0.200, 0.150, 0.030,	974, 296, 1270
0.160, 0.160, 0.030,	974, 248, 1222
0.170, 0.160, 0.030,	974, 264, 1238
0.180, 0.160, 0.030,	974, 284, 1258
0.190, 0.160, 0.030,	974, 292, 1266
0.200, 0.160, 0.030,	974, 304, 1278
0.170, 0.170, 0.030,	974, 276, 1250
0.180, 0.170, 0.030,	974, 296, 1270
0.190, 0.170, 0.030,	974, 304, 1278
0.200, 0.170, 0.030,	974, 316, 1290
0.180, 0.180, 0.030,	974, 304, 1278
0.190, 0.180, 0.030,	974, 312, 1286
0.200, 0.180, 0.030,	974, 324, 1298
0.190, 0.190, 0.030,	974, 320, 1294
0.200, 0.190, 0.030,	974, 332, 1306
0.200, 0.200, 0.030,	974, 336, 1310
0.040, 0.040, 0.040,	974,  92, 1066
0.050, 0.040, 0.040,	974, 100, 1074
0.060, 0.040, 0.040,	974, 104, 1078
0.070, 0.040, 0.040,	974, 112, 1086
0.080, 0.040, 0.040,	974, 116, 1090
0.090, 0.040, 0.040,	974, 132, 1106
0.100, 0.040, 0.040,	974, 140, 1114
0.110, 0.040, 0.040,	974, 148, 1122
0.120, 0.040, 0.040,	974, 168, 1142
0.130, 0.040, 0.040,	974, 168, 1142
0.140, 0.040, 0.040,	974, 188, 1162
0.150, 0.040, 0.040,	974, 196, 1170
0.160, 0.040, 0.040,	974, 212, 1186
0.170, 0.040, 0.040,	974, 228, 1202
0.180, 0.040, 0.040,	974, 248, 1222
0.190, 0.040, 0.040,	974, 256, 1230
0.200, 0.040, 0.040,	974, 268, 1242
0.050, 0.050, 0.040,	974, 108, 1082
0.060, 0.050, 0.040,	974, 112, 1086
0.070, 0.050, 0.040,	974, 120, 1094
0.080, 0.050, 0.040,	974, 124, 1098
0.090, 0.050, 0.040,	974, 140, 1114
0.100, 0.050, 0.040,	974, 148, 1122
0.110, 0.050, 0.040,	974, 156, 1130
0.120, 0.050, 0.040,	974, 176, 1150
0.130, 0.050, 0.040,	974, 176, 1150
0.140, 0.050, 0.040,	974, 196, 1170
0.150, 0.050, 0.040,	974, 204, 1178
0.160, 0.050, 0.040,	974, 220, 1194
0.170, 0.050, 0.040,	974, 236, 1210
0.180, 0.050, 0.040,	974, 256, 1230
0.190, 0.050, 0.040,	974, 264, 1238
0.200, 0.050, 0.040,	974, 276, 1250
0.060, 0.060, 0.040,	974, 112, 1086
0.070, 0.060, 0.040,	974, 120, 1094
0.080, 0.060, 0.040,	974, 124, 1098
0.090, 0.060, 0.040,	974, 140, 1114
0.100, 0.060, 0.040,	974, 148, 1122
0.110, 0.060, 0.040,	974, 156, 1130
0.120, 0.060, 0.040,	974, 176, 1150
0.130, 0.060, 0.040,	974, 176, 1150
0.140, 0.060, 0.040,	974, 196, 1170
0.150, 0.060, 0.040,	974, 204, 1178
0.160, 0.060, 0.040,	974, 220, 1194
0.170, 0.060, 0.040,	974, 236, 1210
0.180, 0.060, 0.040,	974, 256, 1230
0.190, 0.060, 0.040,	974, 264, 1238
0.200, 0.060, 0.040,	974, 276, 1250
0.070, 0.070, 0.040,	974, 124, 1098
0.080, 0.070, 0.040,	974, 128, 1102
0.090, 0.070, 0.040,	974, 144, 1118
0.100, 0.070, 0.040,	974, 152, 1126
0.110, 0.070, 0.040,	974, 160, 1134
0.120, 0.070, 0.040,	974, 180, 1154
0.130, 0.070, 0.040,	974, 180, 1154
0.140, 0.070, 0.040,	974, 200, 1174
0.150, 0.070, 0.040,	974, 208, 1182
0.160, 0.070, 0.040,	974, 224, 1198
0.170, 0.070, 0.040,	974, 240, 1214
0.180, 0.070, 0.040,	974, 260, 1234
0.190, 0.070, 0.040,	974, 268, 1242
0.200, 0.070, 0.040,	974, 280, 1254
0.080, 0.080, 0.040,	974, 132, 1106
0.090, 0.080, 0.040,	974, 148, 1122
0.100, 0.080, 0.040,	974, 156, 1130
0.110, 0.080, 0.040,	974, 164, 1138
0.120, 0.080, 0.040,	974, 184, 1158
0.130, 0.080, 0.040,	974, 184, 1158
0.140, 0.080, 0.040,	974, 204, 1178
0.150, 0.080, 0.040,	974, 212, 1186
0.160, 0.080, 0.040,	974, 228, 1202
0.170, 0.080, 0.040,	974, 244, 1218
0.180, 0.080, 0.040,	974, 264, 1238
0.190, 0.080, 0.040,	974, 272, 1246
0.200, 0.080, 0.040,	974, 284, 1258
0.090, 0.090, 0.040,	974, 156, 1130
0.100, 0.090, 0.040,	974, 164, 1138
0.110, 0.090, 0.040,	974, 172, 1146
0.120, 0.090, 0.040,	974, 192, 1166
0.130, 0.090, 0.040,	974, 192, 1166
0.140, 0.090, 0.040,	974, 212, 1186
0.150, 0.090, 0.040,	974, 220, 1194
0.160, 0.090, 0.040,	974, 236, 1210
0.170, 0.090, 0.040,	974, 252, 1226
0.180, 0.090, 0.040,	974, 272, 1246
0.190, 0.090, 0.040,	974, 280, 1254
0.200, 0.090, 0.040,	974, 292, 1266
0.100, 0.100, 0.040,	974, 168, 1142
0.110, 0.100, 0.040,	974, 176, 1150
0.120, 0.100, 0.040,	974, 196, 1170
0.130, 0.100, 0.040,	974, 196, 1170
0.140, 0.100, 0.040,	974, 216, 1190
0.150, 0.100, 0.040,	974, 224, 1198
0.160, 0.100, 0.040,	974, 240, 1214
0.170, 0.100, 0.040,	974, 256, 1230
0.180, 0.100, 0.040,	974, 276, 1250
0.190, 0.100, 0.040,	974, 284, 1258
0.200, 0.100, 0.040,	974, 296, 1270
0.110, 0.110, 0.040,	974, 184, 1158
0.120, 0.110, 0.040,	974, 204, 1178
0.130, 0.110, 0.040,	974, 204, 1178
0.140, 0.110, 0.040,	974, 224, 1198
0.150, 0.110, 0.040,	974, 232, 1206
0.160, 0.110, 0.040,	974, 248, 1222
0.170, 0.110, 0.040,	974, 264, 1238
0.180, 0.110, 0.040,	974, 284, 1258
0.190, 0.110, 0.040,	974, 292, 1266
0.200, 0.110, 0.040,	974, 304, 1278
0.120, 0.120, 0.040,	974, 212, 1186
0.130, 0.120, 0.040,	974, 212, 1186
0.140, 0.120, 0.040,	974, 232, 1206
0.150, 0.120, 0.040,	974, 240, 1214
0.160, 0.120, 0.040,	974, 256, 1230
0.170, 0.120, 0.040,	974, 272, 1246
0.180, 0.120, 0.040,	974, 292, 1266
0.190, 0.120, 0.040,	974, 300, 1274
0.200, 0.120, 0.040,	974, 312, 1286
0.130, 0.130, 0.040,	974, 212, 1186
0.140, 0.130, 0.040,	974, 232, 1206
0.150, 0.130, 0.040,	974, 240, 1214
0.160, 0.130, 0.040,	974, 256, 1230
0.170, 0.130, 0.040,	974, 272, 1246
0.180, 0.130, 0.040,	974, 292, 1266
0.190, 0.130, 0.040,	974, 300, 1274
0.200, 0.130, 0.040,	974, 312, 1286
0.140, 0.140, 0.040,	974, 248, 1222
0.150, 0.140, 0.040,	974, 256, 1230
0.160, 0.140, 0.040,	974, 272, 1246
0.170, 0.140, 0.040,	974, 288, 1262
0.180, 0.140, 0.040,	974, 308, 1282
0.190, 0.140, 0.040,	974, 316, 1290
0.200, 0.140, 0.040,	974, 328, 1302
0.150, 0.150, 0.040,	974, 256, 1230
0.160, 0.150, 0.040,	974, 272, 1246
0.170, 0.150, 0.040,	974, 288, 1262
0.180, 0.150, 0.040,	974, 308, 1282
0.190, 0.150, 0.040,	974, 316, 1290
0.200, 0.150, 0.040,	974, 328, 1302
0.160, 0.160, 0.040,	974, 280, 1254
0.170, 0.160, 0.040,	974, 296, 1270
0.180, 0.160, 0.040,	974, 316, 1290
0.190, 0.160, 0.040,	974, 324, 1298
0.200, 0.160, 0.040,	974, 336, 1310
0.170, 0.170, 0.040,	974, 308, 1282
0.180, 0.170, 0.040,	974, 328, 1302
0.190, 0.170, 0.040,	974, 336, 1310
0.200, 0.170, 0.040,	974, 348, 1322
0.180, 0.180, 0.040,	974, 336, 1310
0.190, 0.180, 0.040,	974, 344, 1318
0.200, 0.180, 0.040,	974, 356, 1330
0.190, 0.190, 0.040,	974, 352, 1326
0.200, 0.190, 0.040,	974, 364, 1338
0.200, 0.200, 0.040,	974, 368, 1342
0.050, 0.050, 0.050,	974, 140, 1114
0.060, 0.050, 0.050,	974, 144, 1118
0.070, 0.050, 0.050,	974, 152, 1126
0.080, 0.050, 0.050,	974, 156, 1130
0.090, 0.050, 0.050,	974, 172, 1146
0.100, 0.050, 0.050,	974, 180, 1154
0.110, 0.050, 0.050,	974, 188, 1162
0.120, 0.050, 0.050,	974, 208, 1182
0.130, 0.050, 0.050,	974, 208, 1182
0.140, 0.050, 0.050,	974, 228, 1202
0.150, 0.050, 0.050,	974, 236, 1210
0.160, 0.050, 0.050,	974, 252, 1226
0.170, 0.050, 0.050,	974, 268, 1242
0.180, 0.050, 0.050,	974, 288, 1262
0.190, 0.050, 0.050,	974, 296, 1270
0.200, 0.050, 0.050,	974, 308, 1282
0.060, 0.060, 0.050,	974, 144, 1118
0.070, 0.060, 0.050,	974, 152, 1126
0.080, 0.060, 0.050,	974, 156, 1130
0.090, 0.060, 0.050,	974, 172, 1146
0.100, 0.060, 0.050,	974, 180, 1154
0.110, 0.060, 0.050,	974, 188, 1162
0.120, 0.060, 0.050,	974, 208, 1182
0.130, 0.060, 0.050,	974, 208, 1182
0.140, 0.060, 0.050,	974, 228, 1202
0.150, 0.060, 0.050,	974, 236, 1210
0.160, 0.060, 0.050,	974, 252, 1226
0.170, 0.060, 0.050,	974, 268, 1242
0.180, 0.060, 0.050,	974, 288, 1262
0.190, 0.060, 0.050,	974, 296, 1270
0.200, 0.060, 0.050,	974, 308, 1282
0.070, 0.070, 0.050,	974, 156, 1130
0.080, 0.070, 0.050,	974, 160, 1134
0.090, 0.070, 0.050,	974, 176, 1150
0.100, 0.070, 0.050,	974, 184, 1158
0.110, 0.070, 0.050,	974, 192, 1166
0.120, 0.070, 0.050,	974, 212, 1186
0.130, 0.070, 0.050,	974, 212, 1186
0.140, 0.070, 0.050,	974, 232, 1206
0.150, 0.070, 0.050,	974, 240, 1214
0.160, 0.070, 0.050,	974, 256, 1230
0.170, 0.070, 0.050,	974, 272, 1246
0.180, 0.070, 0.050,	974, 292, 1266
0.190, 0.070, 0.050,	974, 300, 1274
0.200, 0.070, 0.050,	974, 312, 1286
0.080, 0.080, 0.050,	974, 164, 1138
0.090, 0.080, 0.050,	974, 180, 1154
0.100, 0.080, 0.050,	974, 188, 1162
0.110, 0.080, 0.050,	974, 196, 1170
0.120, 0.080, 0.050,	974, 216, 1190
0.130, 0.080, 0.050,	974, 216, 1190
0.140, 0.080, 0.050,	974, 236, 1210
0.150, 0.080, 0.050,	974, 244, 1218
0.160, 0.080, 0.050,	974, 260, 1234
0.170, 0.080, 0.050,	974, 276, 1250
0.180, 0.080, 0.050,	974, 296, 1270
0.190, 0.080, 0.050,	974, 304, 1278
0.200, 0.080, 0.050,	974, 316, 1290
0.090, 0.090, 0.050,	974, 188, 1162
0.100, 0.090, 0.050,	974, 196, 1170
0.110, 0.090, 0.050,	974, 204, 1178
0.120, 0.090, 0.050,	974, 224, 1198
0.130, 0.090, 0.050,	974, 224, 1198
0.140, 0.090, 0.050,	974, 244, 1218
0.150, 0.090, 0.050,	974, 252, 1226
0.160, 0.090, 0.050,	974, 268, 1242
0.170, 0.090, 0.050,	974, 284, 1258
0.180, 0.090, 0.050,	974, 304, 1278
0.190, 0.090, 0.050,	974, 312, 1286
0.200, 0.090, 0.050,	974, 324, 1298
0.100, 0.100, 0.050,	974, 200, 1174
0.110, 0.100, 0.050,	974, 208, 1182
0.120, 0.100, 0.050,	974, 228, 1202
0.130, 0.100, 0.050,	974, 228, 1202
0.140, 0.100, 0.050,	974, 248, 1222
0.150, 0.100, 0.050,	974, 256, 1230
0.160, 0.100, 0.050,	974, 272, 1246
0.170, 0.100, 0.050,	974, 288, 1262
0.180, 0.100, 0.050,	974, 308, 1282
0.190, 0.100, 0.050,	974, 316, 1290
0.200, 0.100, 0.050,	974, 328, 1302
0.110, 0.110, 0.050,	974, 216, 1190
0.120, 0.110, 0.050,	974, 236, 1210
0.130, 0.110, 0.050,	974, 236, 1210
0.140, 0.110, 0.050,	974, 256, 1230
0.150, 0.110, 0.050,	974, 264, 1238
0.160, 0.110, 0.050,	974, 280, 1254
0.170, 0.110, 0.050,	974, 296, 1270
0.180, 0.110, 0.050,	974, 316, 1290
0.190, 0.110, 0.050,	974, 324, 1298
0.200, 0.110, 0.050,	974, 336, 1310
0.120, 0.120, 0.050,	974, 244, 1218
0.130, 0.120, 0.050,	974, 244, 1218
0.140, 0.120, 0.050,	974, 264, 1238
0.150, 0.120, 0.050,	974, 272, 1246
0.160, 0.120, 0.050,	974, 288, 1262
0.170, 0.120, 0.050,	974, 304, 1278
0.180, 0.120, 0.050,	974, 324, 1298
0.190, 0.120, 0.050,	974, 332, 1306
0.200, 0.120, 0.050,	974, 344, 1318
0.130, 0.130, 0.050,	974, 244, 1218
0.140, 0.130, 0.050,	974, 264, 1238
0.150, 0.130, 0.050,	974, 272, 1246
0.160, 0.130, 0.050,	974, 288, 1262
0.170, 0.130, 0.050,	974, 304, 1278
0.180, 0.130, 0.050,	974, 324, 1298
0.190, 0.130, 0.050,	974, 332, 1306
0.200, 0.130, 0.050,	974, 344, 1318
0.140, 0.140, 0.050,	974, 280, 1254
0.150, 0.140, 0.050,	974, 288, 1262
0.160, 0.140, 0.050,	974, 304, 1278
0.170, 0.140, 0.050,	974, 320, 1294
0.180, 0.140, 0.050,	974, 340, 1314
0.190, 0.140, 0.050,	974, 348, 1322
0.200, 0.140, 0.050,	974, 360, 1334
0.150, 0.150, 0.050,	974, 288, 1262
0.160, 0.150, 0.050,	974, 304, 1278
0.170, 0.150, 0.050,	974, 320, 1294
0.180, 0.150, 0.050,	974, 340, 1314
0.190, 0.150, 0.050,	974, 348, 1322
0.200, 0.150, 0.050,	974, 360, 1334
0.160, 0.160, 0.050,	974, 312, 1286
0.170, 0.160, 0.050,	974, 328, 1302
0.180, 0.160, 0.050,	974, 348, 1322
0.190, 0.160, 0.050,	974, 356, 1330
0.200, 0.160, 0.050,	974, 368, 1342
0.170, 0.170, 0.050,	974, 340, 1314
0.180, 0.170, 0.050,	974, 360, 1334
0.190, 0.170, 0.050,	974, 368, 1342
0.200, 0.170, 0.050,	974, 380, 1354
0.180, 0.180, 0.050,	974, 368, 1342
0.190, 0.180, 0.050,	974, 376, 1350
0.200, 0.180, 0.050,	974, 388, 1362
0.190, 0.190, 0.050,	974, 384, 1358
0.200, 0.190, 0.050,	974, 396, 1370
0.200, 0.200, 0.050,	974, 400, 1374
0.060, 0.060, 0.060,	974, 160, 1134
0.070, 0.060, 0.060,	974, 168, 1142
0.080, 0.060, 0.060,	974, 172, 1146
0.090, 0.060, 0.060,	974, 188, 1162
0.100, 0.060, 0.060,	974, 196, 1170
0.110, 0.060, 0.060,	974, 204, 1178
0.120, 0.060, 0.060,	974, 224, 1198
0.130, 0.060, 0.060,	974, 224, 1198
0.140, 0.060, 0.060,	974, 244, 1218
0.150, 0.060, 0.060,	974, 252, 1226
0.160, 0.060, 0.060,	974, 268, 1242
0.170, 0.060, 0.060,	974, 284, 1258
0.180, 0.060, 0.060,	974, 304, 1278
0.190, 0.060, 0.060,	974, 312, 1286
0.200, 0.060, 0.060,	974, 324, 1298
0.070, 0.070, 0.060,	974, 172, 1146
0.080, 0.070, 0.060,	974, 176, 1150
0.090, 0.070, 0.060,	974, 192, 1166
0.100, 0.070, 0.060,	974, 200, 1174
0.110, 0.070, 0.060,	974, 208, 1182
0.120, 0.070, 0.060,	974, 228, 1202
0.130, 0.070, 0.060,	974, 228, 1202
0.140, 0.070, 0.060,	974, 248, 1222
0.150, 0.070, 0.060,	974, 256, 1230
0.160, 0.070, 0.060,	974, 272, 1246
0.170, 0.070, 0.060,	974, 288, 1262
0.180, 0.070, 0.060,	974, 308, 1282
0.190, 0.070, 0.060,	974, 316, 1290
0.200, 0.070, 0.060,	974, 328, 1302
0.080, 0.080, 0.060,	974, 180, 1154
0.090, 0.080, 0.060,	974, 196, 1170
0.100, 0.080, 0.060,	974, 204, 1178
0.110, 0.080, 0.060,	974, 212, 1186
0.120, 0.080, 0.060,	974, 232, 1206
0.130, 0.080, 0.060,	974, 232, 1206
0.140, 0.080, 0.060,	974, 252, 1226
0.150, 0.080, 0.060,	974, 260, 1234
0.160, 0.080, 0.060,	974, 276, 1250
0.170, 0.080, 0.060,	974, 292, 1266
0.180, 0.080, 0.060,	974, 312, 1286
0.190, 0.080, 0.060,	974, 320, 1294
0.200, 0.080, 0.060,	974, 332, 1306
0.090, 0.090, 0.060,	974, 204, 1178
0.100, 0.090, 0.060,	974, 212, 1186
0.110, 0.090, 0.060,	974, 220, 1194
0.120, 0.090, 0.060,	974, 240, 1214
0.130, 0.090, 0.060,	974, 240, 1214
0.140, 0.090, 0.060,	974, 260, 1234
0.150, 0.090, 0.060,	974, 268, 1242
0.160, 0.090, 0.060,	974, 284, 1258
0.170, 0.090, 0.060,	974, 300, 1274
0.180, 0.090, 0.060,	974, 320, 1294
0.190, 0.090, 0.060,	974, 328, 1302
0.200, 0.090, 0.060,	974, 340, 1314
0.100, 0.100, 0.060,	974, 216, 1190
0.110, 0.100, 0.060,	974, 224, 1198
0.120, 0.100, 0.060,	974, 244, 1218
0.130, 0.100, 0.060,	974, 244, 1218
0.140, 0.100, 0.060,	974, 264, 1238
0.150, 0.100, 0.060,	974, 272, 1246
0.160, 0.100, 0.060,	974, 288, 1262
0.170, 0.100, 0.060,	974, 304, 1278
0.180, 0.100, 0.060,	974, 324, 1298
0.190, 0.100, 0.060,	974, 332, 1306
0.200, 0.100, 0.060,	974, 344, 1318
0.110, 0.110, 0.060,	974, 232, 1206
0.120, 0.110, 0.060,	974, 252, 1226
0.130, 0.110, 0.060,	974, 252, 1226
0.140, 0.110, 0.060,	974, 272, 1246
0.150, 0.110, 0.060,	974, 280, 1254
0.160, 0.110, 0.060,	974, 296, 1270
0.170, 0.110, 0.060,	974, 312, 1286
0.180, 0.110, 0.060,	974, 332, 1306
0.190, 0.110, 0.060,	974, 340, 1314
0.200, 0.110, 0.060,	974, 352, 1326
0.120, 0.120, 0.060,	974, 260, 1234
0.130, 0.120, 0.060,	974, 260, 1234
0.140, 0.120, 0.060,	974, 280, 1254
0.150, 0.120, 0.060,	974, 288, 1262
0.160, 0.120, 0.060,	974, 304, 1278
0.170, 0.120, 0.060,	974, 320, 1294
0.180, 0.120, 0.060,	974, 340, 1314
0.190, 0.120, 0.060,	974, 348, 1322
0.200, 0.120, 0.060,	974, 360, 1334
0.130, 0.130, 0.060,	974, 260, 1234
0.140, 0.130, 0.060,	974, 280, 1254
0.150, 0.130, 0.060,	974, 288, 1262
0.160, 0.130, 0.060,	974, 304, 1278
0.170, 0.130, 0.060,	974, 320, 1294
0.180, 0.130, 0.060,	974, 340, 1314
0.190, 0.130, 0.060,	974, 348, 1322
0.200, 0.130, 0.060,	974, 360, 1334
0.140, 0.140, 0.060,	974, 296, 1270
0.150, 0.140, 0.060,	974, 304, 1278
0.160, 0.140, 0.060,	974, 320, 1294
0.170, 0.140, 0.060,	974, 336, 1310
0.180, 0.140, 0.060,	974, 356, 1330
0.190, 0.140, 0.060,	974, 364, 1338
0.200, 0.140, 0.060,	974, 376, 1350
0.150, 0.150, 0.060,	974, 304, 1278
0.160, 0.150, 0.060,	974, 320, 1294
0.170, 0.150, 0.060,	974, 336, 1310
0.180, 0.150, 0.060,	974, 356, 1330
0.190, 0.150, 0.060,	974, 364, 1338
0.200, 0.150, 0.060,	974, 376, 1350
0.160, 0.160, 0.060,	974, 328, 1302
0.170, 0.160, 0.060,	974, 344, 1318
0.180, 0.160, 0.060,	974, 364, 1338
0.190, 0.160, 0.060,	974, 372, 1346
0.200, 0.160, 0.060,	974, 384, 1358
0.170, 0.170, 0.060,	974, 356, 1330
0.180, 0.170, 0.060,	974, 376, 1350
0.190, 0.170, 0.060,	974, 384, 1358
0.200, 0.170, 0.060,	974, 396, 1370
0.180, 0.180, 0.060,	974, 384, 1358
0.190, 0.180, 0.060,	974, 392, 1366
0.200, 0.180, 0.060,	974, 404, 1378
0.190, 0.190, 0.060,	974, 400, 1374
0.200, 0.190, 0.060,	974, 412, 1386
0.200, 0.200, 0.060,	974, 416, 1390
0.070, 0.070, 0.070,	974, 204, 1178
0.080, 0.070, 0.070,	974, 208, 1182
0.090, 0.070, 0.070,	974, 224, 1198
0.100, 0.070, 0.070,	974, 232, 1206
0.110, 0.070, 0.070,	974, 240, 1214
0.120, 0.070, 0.070,	974, 260, 1234
0.130, 0.070, 0.070,	974, 260, 1234
0.140, 0.070, 0.070,	974, 280, 1254
0.150, 0.070, 0.070,	974, 288, 1262
0.160, 0.070, 0.070,	974, 304, 1278
0.170, 0.070, 0.070,	974, 320, 1294
0.180, 0.070, 0.070,	974, 340, 1314
0.190, 0.070, 0.070,	974, 348, 1322
0.200, 0.070, 0.070,	974, 360, 1334
0.080, 0.080, 0.070,	974, 212, 1186
0.090, 0.080, 0.070,	974, 228, 1202
0.100, 0.080, 0.070,	974, 236, 1210
0.110, 0.080, 0.070,	974, 244, 1218
0.120, 0.080, 0.070,	974, 264, 1238
0.130, 0.080, 0.070,	974, 264, 1238
0.140, 0.080, 0.070,	974, 284, 1258
0.150, 0.080, 0.070,	974, 292, 1266
0.160, 0.080, 0.070,	974, 308, 1282
0.170, 0.080, 0.070,	974, 324, 1298
0.180, 0.080, 0.070,	974, 344, 1318
0.190, 0.080, 0.070,	974, 352, 1326
0.200, 0.080, 0.070,	974, 364, 1338
0.090, 0.090, 0.070,	974, 236, 1210
0.100, 0.090, 0.070,	974, 244, 1218
0.110, 0.090, 0.070,	974, 252, 1226
0.120, 0.090, 0.070,	974, 272, 1246
0.130, 0.090, 0.070,	974, 272, 1246
0.140, 0.090, 0.070,	974, 292, 1266
0.150, 0.090, 0.070,	974, 300, 1274
0.160, 0.090, 0.070,	974, 316, 1290
0.170, 0.090, 0.070,	974, 332, 1306
0.180, 0.090, 0.070,	974, 352, 1326
0.190, 0.090, 0.070,	974, 360, 1334
0.200, 0.090, 0.070,	974, 372, 1346
0.100, 0.100, 0.070,	974, 248, 1222
0.110, 0.100, 0.070,	974, 256, 1230
0.120, 0.100, 0.070,	974, 276, 1250
0.130, 0.100, 0.070,	974, 276, 1250
0.140, 0.100, 0.070,	974, 296, 1270
0.150, 0.100, 0.070,	974, 304, 1278
0.160, 0.100, 0.070,	974, 320, 1294
0.170, 0.100, 0.070,	974, 336, 1310
0.180, 0.100, 0.070,	974, 356, 1330
0.190, 0.100, 0.070,	974, 364, 1338
0.200, 0.100, 0.070,	974, 376, 1350
0.110, 0.110, 0.070,	974, 264, 1238
0.120, 0.110, 0.070,	974, 284, 1258
0.130, 0.110, 0.070,	974, 284, 1258
0.140, 0.110, 0.070,	974, 304, 1278
0.150, 0.110, 0.070,	974, 312, 1286
0.160, 0.110, 0.070,	974, 328, 1302
0.170, 0.110, 0.070,	974, 344, 1318
0.180, 0.110, 0.070,	974, 364, 1338
0.190, 0.110, 0.070,	974, 372, 1346
0.200, 0.110, 0.070,	974, 384, 1358
0.120, 0.120, 0.070,	974, 292, 1266
0.130, 0.120, 0.070,	974, 292, 1266
0.140, 0.120, 0.070,	974, 312, 1286
0.150, 0.120, 0.070,	974, 320, 1294
0.160, 0.120, 0.070,	974, 336, 1310
0.170, 0.120, 0.070,	974, 352, 1326
0.180, 0.120, 0.070,	974, 372, 1346
0.190, 0.120, 0.070,	974, 380, 1354
0.200, 0.120, 0.070,	974, 392, 1366
0.130, 0.130, 0.070,	974, 292, 1266
0.140, 0.130, 0.070,	974, 312, 1286
0.150, 0.130, 0.070,	974, 320, 1294
0.160, 0.130, 0.070,	974, 336, 1310
0.170, 0.130, 0.070,	974, 352, 1326
0.180, 0.130, 0.070,	974, 372, 1346
0.190, 0.130, 0.070,	974, 380, 1354
0.200, 0.130, 0.070,	974, 392, 1366
0.140, 0.140, 0.070,	974, 328, 1302
0.150, 0.140, 0.070,	974, 336, 1310
0.160, 0.140, 0.070,	974, 352, 1326
0.170, 0.140, 0.070,	974, 368, 1342
0.180, 0.140, 0.070,	974, 388, 1362
0.190, 0.140, 0.070,	974, 396, 1370
0.200, 0.140, 0.070,	974, 408, 1382
0.150, 0.150, 0.070,	974, 336, 1310
0.160, 0.150, 0.070,	974, 352, 1326
0.170, 0.150, 0.070,	974, 368, 1342
0.180, 0.150, 0.070,	974, 388, 1362
0.190, 0.150, 0.070,	974, 396, 1370
0.200, 0.150, 0.070,	974, 408, 1382
0.160, 0.160, 0.070,	974, 360, 1334
0.170, 0.160, 0.070,	974, 376, 1350
0.180, 0.160, 0.070,	974, 396, 1370
0.190, 0.160, 0.070,	974, 404, 1378
0.200, 0.160, 0.070,	974, 416, 1390
0.170, 0.170, 0.070,	974, 388, 1362
0.180, 0.170, 0.070,	974, 408, 1382
0.190, 0.170, 0.070,	974, 416, 1390
0.200, 0.170, 0.070,	974, 428, 1402
0.180, 0.180, 0.070,	974, 416, 1390
0.190, 0.180, 0.070,	974, 424, 1398
0.200, 0.180, 0.070,	974, 436, 1410
0.190, 0.190, 0.070,	974, 432, 1406
0.200, 0.190, 0.070,	974, 444, 1418
0.200, 0.200, 0.070,	974, 448, 1422
0.080, 0.080, 0.080,	974, 228, 1202
0.090, 0.080, 0.080,	974, 244, 1218
0.100, 0.080, 0.080,	974, 252, 1226
0.110, 0.080, 0.080,	974, 260, 1234
0.120, 0.080, 0.080,	974, 280, 1254
0.130, 0.080, 0.080,	974, 280, 1254
0.140, 0.080, 0.080,	974, 300, 1274
0.150, 0.080, 0.080,	974, 308, 1282
0.160, 0.080, 0.080,	974, 324, 1298
0.170, 0.080, 0.080,	974, 340, 1314
0.180, 0.080, 0.080,	974, 360, 1334
0.190, 0.080, 0.080,	974, 368, 1342
0.200, 0.080, 0.080,	974, 380, 1354
0.090, 0.090, 0.080,	974, 252, 1226
0.100, 0.090, 0.080,	974, 260, 1234
0.110, 0.090, 0.080,	974, 268, 1242
0.120, 0.090, 0.080,	974, 288, 1262
0.130, 0.090, 0.080,	974, 288, 1262
0.140, 0.090, 0.080,	974, 308, 1282
0.150, 0.090, 0.080,	974, 316, 1290
0.160, 0.090, 0.080,	974, 332, 1306
0.170, 0.090, 0.080,	974, 348, 1322
0.180, 0.090, 0.080,	974, 368, 1342
0.190, 0.090, 0.080,	974, 376, 1350
0.200, 0.090, 0.080,	974, 388, 1362
0.100, 0.100, 0.080,	974, 264, 1238
0.110, 0.100, 0.080,	974, 272, 1246
0.120, 0.100, 0.080,	974, 292, 1266
0.130, 0.100, 0.080,	974, 292, 1266
0.140, 0.100, 0.080,	974, 312, 1286
0.150, 0.100, 0.080,	974, 320, 1294
0.160, 0.100, 0.080,	974, 336, 1310
0.170, 0.100, 0.080,	974, 352, 1326
0.180, 0.100, 0.080,	974, 372, 1346
0.190, 0.100, 0.080,	974, 380, 1354
0.200, 0.100, 0.080,	974, 392, 1366
0.110, 0.110, 0.080,	974, 280, 1254
0.120, 0.110, 0.080,	974, 300, 1274
0.130, 0.110, 0.080,	974, 300, 1274
0.140, 0.110, 0.080,	974, 320, 1294
0.150, 0.110, 0.080,	974, 328, 1302
0.160, 0.110, 0.080,	974, 344, 1318
0.170, 0.110, 0.080,	974, 360, 1334
0.180, 0.110, 0.080,	974, 380, 1354
0.190, 0.110, 0.080,	974, 388, 1362
0.200, 0.110, 0.080,	974, 400, 1374
0.120, 0.120, 0.080,	974, 308, 1282
0.130, 0.120, 0.080,	974, 308, 1282
0.140, 0.120, 0.080,	974, 328, 1302
0.150, 0.120, 0.080,	974, 336, 1310
0.160, 0.120, 0.080,	974, 352, 1326
0.170, 0.120, 0.080,	974, 368, 1342
0.180, 0.120, 0.080,	974, 388, 1362
0.190, 0.120, 0.080,	974, 396, 1370
0.200, 0.120, 0.080,	974, 408, 1382
0.130, 0.130, 0.080,	974, 308, 1282
0.140, 0.130, 0.080,	974, 328, 1302
0.150, 0.130, 0.080,	974, 336, 1310
0.160, 0.130, 0.080,	974, 352, 1326
0.170, 0.130, 0.080,	974, 368, 1342
0.180, 0.130, 0.080,	974, 388, 1362
0.190, 0.130, 0.080,	974, 396, 1370
0.200, 0.130, 0.080,	974, 408, 1382
0.140, 0.140, 0.080,	974, 344, 1318
0.150, 0.140, 0.080,	974, 352, 1326
0.160, 0.140, 0.080,	974, 368, 1342
0.170, 0.140, 0.080,	974, 384, 1358
0.180, 0.140, 0.080,	974, 404, 1378
0.190, 0.140, 0.080,	974, 412, 1386
0.200, 0.140, 0.080,	974, 424, 1398
0.150, 0.150, 0.080,	974, 352, 1326
0.160, 0.150, 0.080,	974, 368, 1342
0.170, 0.150, 0.080,	974, 384, 1358
0.180, 0.150, 0.080,	974, 404, 1378
0.190, 0.150, 0.080,	974, 412, 1386
0.200, 0.150, 0.080,	974, 424, 1398
0.160, 0.160, 0.080,	974, 376, 1350
0.170, 0.160, 0.080,	974, 392, 1366
0.180, 0.160, 0.080,	974, 412, 1386
0.190, 0.160, 0.080,	974, 420, 1394
0.200, 0.160, 0.080,	974, 432, 1406
0.170, 0.170, 0.080,	974, 404, 1378
0.180, 0.170, 0.080,	974, 424, 1398
0.190, 0.170, 0.080,	974, 432, 1406
0.200, 0.170, 0.080,	974, 444, 1418
0.180, 0.180, 0.080,	974, 432, 1406
0.190, 0.180, 0.080,	974, 440, 1414
0.200, 0.180, 0.080,	974, 452, 1426
0.190, 0.190, 0.080,	974, 448, 1422
0.200, 0.190, 0.080,	974, 460, 1434
0.200, 0.200, 0.080,	974, 464, 1438
0.090, 0.090, 0.090,	974, 316, 1290
0.100, 0.090, 0.090,	974, 324, 1298
0.110, 0.090, 0.090,	974, 332, 1306
0.120, 0.090, 0.090,	974, 352, 1326
0.130, 0.090, 0.090,	974, 352, 1326
0.140, 0.090, 0.090,	974, 372, 1346
0.150, 0.090, 0.090,	974, 380, 1354
0.160, 0.090, 0.090,	974, 396, 1370
0.170, 0.090, 0.090,	974, 412, 1386
0.180, 0.090, 0.090,	974, 432, 1406
0.190, 0.090, 0.090,	974, 440, 1414
0.200, 0.090, 0.090,	974, 452, 1426
0.100, 0.100, 0.090,	974, 328, 1302
0.110, 0.100, 0.090,	974, 336, 1310
0.120, 0.100, 0.090,	974, 356, 1330
0.130, 0.100, 0.090,	974, 356, 1330
0.140, 0.100, 0.090,	974, 376, 1350
0.150, 0.100, 0.090,	974, 384, 1358
0.160, 0.100, 0.090,	974, 400, 1374
0.170, 0.100, 0.090,	974, 416, 1390
0.180, 0.100, 0.090,	974, 436, 1410
0.190, 0.100, 0.090,	974, 444, 1418
0.200, 0.100, 0.090,	974, 456, 1430
0.110, 0.110, 0.090,	974, 344, 1318
0.120, 0.110, 0.090,	974, 364, 1338
0.130, 0.110, 0.090,	974, 364, 1338
0.140, 0.110, 0.090,	974, 384, 1358
0.150, 0.110, 0.090,	974, 392, 1366
0.160, 0.110, 0.090,	974, 408, 1382
0.170, 0.110, 0.090,	974, 424, 1398
0.180, 0.110, 0.090,	974, 444, 1418
0.190, 0.110, 0.090,	974, 452, 1426
0.200, 0.110, 0.090,	974, 464, 1438
0.120, 0.120, 0.090,	974, 372, 1346
0.130, 0.120, 0.090,	974, 372, 1346
0.140, 0.120, 0.090,	974, 392, 1366
0.150, 0.120, 0.090,	974, 400, 1374
0.160, 0.120, 0.090,	974, 416, 1390
0.170, 0.120, 0.090,	974, 432, 1406
0.180, 0.120, 0.090,	974, 452, 1426
0.190, 0.120, 0.090,	974, 460, 1434
0.200, 0.120, 0.090,	974, 472, 1446
0.130, 0.130, 0.090,	974, 372, 1346
0.140, 0.130, 0.090,	974, 392, 1366
0.150, 0.130, 0.090,	974, 400, 1374
0.160, 0.130, 0.090,	974, 416, 1390
0.170, 0.130, 0.090,	974, 432, 1406
0.180, 0.130, 0.090,	974, 452, 1426
0.190, 0.130, 0.090,	974, 460, 1434
0.200, 0.130, 0.090,	974, 472, 1446
0.140, 0.140, 0.090,	974, 408, 1382
0.150, 0.140, 0.090,	974, 416, 1390
0.160, 0.140, 0.090,	974, 432, 1406
0.170, 0.140, 0.090,	974, 448, 1422
0.180, 0.140, 0.090,	974, 468, 1442
0.190, 0.140, 0.090,	974, 476, 1450
0.200, 0.140, 0.090,	974, 488, 1462
0.150, 0.150, 0.090,	974, 416, 1390
0.160, 0.150, 0.090,	974, 432, 1406
0.170, 0.150, 0.090,	974, 448, 1422
0.180, 0.150, 0.090,	974, 468, 1442
0.190, 0.150, 0.090,	974, 476, 1450
0.200, 0.150, 0.090,	974, 488, 1462
0.160, 0.160, 0.090,	974, 440, 1414
0.170, 0.160, 0.090,	974, 456, 1430
0.180, 0.160, 0.090,	974, 476, 1450
0.190, 0.160, 0.090,	974, 484, 1458
0.200, 0.160, 0.090,	974, 496, 1470
0.170, 0.170, 0.090,	974, 468, 1442
0.180, 0.170, 0.090,	974, 488, 1462
0.190, 0.170, 0.090,	974, 496, 1470
0.200, 0.170, 0.090,	974, 508, 1482
0.180, 0.180, 0.090,	974, 496, 1470
0.190, 0.180, 0.090,	974, 504, 1478
0.200, 0.180, 0.090,	974, 516, 1490
0.190, 0.190, 0.090,	974, 512, 1486
0.200, 0.190, 0.090,	974, 524, 1498
0.200, 0.200, 0.090,	974, 528, 1502
0.100, 0.100, 0.100,	974, 360, 1334
0.110, 0.100, 0.100,	974, 368, 1342
0.120, 0.100, 0.100,	974, 388, 1362
0.130, 0.100, 0.100,	974, 388, 1362
0.140, 0.100, 0.100,	974, 408, 1382
0.150, 0.100, 0.100,	974, 416, 1390
0.160, 0.100, 0.100,	974, 432, 1406
0.170, 0.100, 0.100,	974, 448, 1422
0.180, 0.100, 0.100,	974, 468, 1442
0.190, 0.100, 0.100,	974, 476, 1450
0.200, 0.100, 0.100,	974, 488, 1462
0.110, 0.110, 0.100,	974, 376, 1350
0.120, 0.110, 0.100,	974, 396, 1370
0.130, 0.110, 0.100,	974, 396, 1370
0.140, 0.110, 0.100,	974, 416, 1390
0.150, 0.110, 0.100,	974, 424, 1398
0.160, 0.110, 0.100,	974, 440, 1414
0.170, 0.110, 0.100,	974, 456, 1430
0.180, 0.110, 0.100,	974, 476, 1450
0.190, 0.110, 0.100,	974, 484, 1458
0.200, 0.110, 0.100,	974, 496, 1470
0.120, 0.120, 0.100,	974, 404, 1378
0.130, 0.120, 0.100,	974, 404, 1378
0.140, 0.120, 0.100,	974, 424, 1398
0.150, 0.120, 0.100,	974, 432, 1406
0.160, 0.120, 0.100,	974, 448, 1422
0.170, 0.120, 0.100,	974, 464, 1438
0.180, 0.120, 0.100,	974, 484, 1458
0.190, 0.120, 0.100,	974, 492, 1466
0.200, 0.120, 0.100,	974, 504, 1478
0.130, 0.130, 0.100,	974, 404, 1378
0.140, 0.130, 0.100,	974, 424, 1398
0.150, 0.130, 0.100,	974, 432, 1406
0.160, 0.130, 0.100,	974, 448, 1422
0.170, 0.130, 0.100,	974, 464, 1438
0.180, 0.130, 0.100,	974, 484, 1458
0.190, 0.130, 0.100,	974, 492, 1466
0.200, 0.130, 0.100,	974, 504, 1478
0.140, 0.140, 0.100,	974, 440, 1414
0.150, 0.140, 0.100,	974, 448, 1422
0.160, 0.140, 0.100,	974, 464, 1438
0.170, 0.140, 0.100,	974, 480, 1454
0.180, 0.140, 0.100,	974, 500, 1474
0.190, 0.140, 0.100,	974, 508, 1482
0.200, 0.140, 0.100,	974, 520, 1494
0.150, 0.150, 0.100,	974, 448, 1422
0.160, 0.150, 0.100,	974, 464, 1438
0.170, 0.150, 0.100,	974, 480, 1454
0.180, 0.150, 0.100,	974, 500, 1474
0.190, 0.150, 0.100,	974, 508, 1482
0.200, 0.150, 0.100,	974, 520, 1494
0.160, 0.160, 0.100,	974, 472, 1446
0.170, 0.160, 0.100,	974, 488, 1462
0.180, 0.160, 0.100,	974, 508, 1482
0.190, 0.160, 0.100,	974, 516, 1490
0.200, 0.160, 0.100,	974, 528, 1502
0.170, 0.170, 0.100,	974, 500, 1474
0.180, 0.170, 0.100,	974, 520, 1494
0.190, 0.170, 0.100,	974, 528, 1502
0.200, 0.170, 0.100,	974, 540, 1514
0.180, 0.180, 0.100,	974, 528, 1502
0.190, 0.180, 0.100,	974, 536, 1510
0.200, 0.180, 0.100,	974, 548, 1522
0.190, 0.190, 0.100,	974, 544, 1518
0.200, 0.190, 0.100,	974, 556, 1530
0.200, 0.200, 0.100,	974, 560, 1534
0.110, 0.110, 0.110,	974, 408, 1382
0.120, 0.110, 0.110,	974, 428, 1402
0.130, 0.110, 0.110,	974, 428, 1402
0.140, 0.110, 0.110,	974, 448, 1422
0.150, 0.110, 0.110,	974, 456, 1430
0.160, 0.110, 0.110,	974, 472, 1446
0.170, 0.110, 0.110,	974, 488, 1462
0.180, 0.110, 0.110,	974, 508, 1482
0.190, 0.110, 0.110,	974, 516, 1490
0.200, 0.110, 0.110,	974, 528, 1502
0.120, 0.120, 0.110,	974, 436, 1410
0.130, 0.120, 0.110,	974, 436, 1410
0.140, 0.120, 0.110,	974, 456, 1430
0.150, 0.120, 0.110,	974, 464, 1438
0.160, 0.120, 0.110,	974, 480, 1454
0.170, 0.120, 0.110,	974, 496, 1470
0.180, 0.120, 0.110,	974, 516, 1490
0.190, 0.120, 0.110,	974, 524, 1498
0.200, 0.120, 0.110,	974, 536, 1510
0.130, 0.130, 0.110,	974, 436, 1410
0.140, 0.130, 0.110,	974, 456, 1430
0.150, 0.130, 0.110,	974, 464, 1438
0.160, 0.130, 0.110,	974, 480, 1454
0.170, 0.130, 0.110,	974, 496, 1470
0.180, 0.130, 0.110,	974, 516, 1490
0.190, 0.130, 0.110,	974, 524, 1498
0.200, 0.130, 0.110,	974, 536, 1510
0.140, 0.140, 0.110,	974, 472, 1446
0.150, 0.140, 0.110,	974, 480, 1454
0.160, 0.140, 0.110,	974, 496, 1470
0.170, 0.140, 0.110,	974, 512, 1486
0.180, 0.140, 0.110,	974, 532, 1506
0.190, 0.140, 0.110,	974, 540, 1514
0.200, 0.140, 0.110,	974, 552, 1526
0.150, 0.150, 0.110,	974, 480, 1454
0.160, 0.150, 0.110,	974, 496, 1470
0.170, 0.150, 0.110,	974, 512, 1486
0.180, 0.150, 0.110,	974, 532, 1506
0.190, 0.150, 0.110,	974, 540, 1514
0.200, 0.150, 0.110,	974, 552, 1526
0.160, 0.160, 0.110,	974, 504, 1478
0.170, 0.160, 0.110,	974, 520, 1494
0.180, 0.160, 0.110,	974, 540, 1514
0.190, 0.160, 0.110,	974, 548, 1522
0.200, 0.160, 0.110,	974, 560, 1534
0.170, 0.170, 0.110,	974, 532, 1506
0.180, 0.170, 0.110,	974, 552, 1526
0.190, 0.170, 0.110,	974, 560, 1534
0.200, 0.170, 0.110,	974, 572, 1546
0.180, 0.180, 0.110,	974, 560, 1534
0.190, 0.180, 0.110,	974, 568, 1542
0.200, 0.180, 0.110,	974, 580, 1554
0.190, 0.190, 0.110,	974, 576, 1550
0.200, 0.190, 0.110,	974, 588, 1562
0.200, 0.200, 0.110,	974, 592, 1566
0.120, 0.120, 0.120,	974, 516, 1490
0.130, 0.120, 0.120,	974, 516, 1490
0.140, 0.120, 0.120,	974, 536, 1510
0.150, 0.120, 0.120,	974, 544, 1518
0.160, 0.120, 0.120,	974, 560, 1534
0.170, 0.120, 0.120,	974, 576, 1550
0.180, 0.120, 0.120,	974, 596, 1570
0.190, 0.120, 0.120,	974, 604, 1578
0.200, 0.120, 0.120,	974, 616, 1590
0.130, 0.130, 0.120,	974, 516, 1490
0.140, 0.130, 0.120,	974, 536, 1510
0.150, 0.130, 0.120,	974, 544, 1518
0.160, 0.130, 0.120,	974, 560, 1534
0.170, 0.130, 0.120,	974, 576, 1550
0.180, 0.130, 0.120,	974, 596, 1570
0.190, 0.130, 0.120,	974, 604, 1578
0.200, 0.130, 0.120,	974, 616, 1590
0.140, 0.140, 0.120,	974, 552, 1526
0.150, 0.140, 0.120,	974, 560, 1534
0.160, 0.140, 0.120,	974, 576, 1550
0.170, 0.140, 0.120,	974, 592, 1566
0.180, 0.140, 0.120,	974, 612, 1586
0.190, 0.140, 0.120,	974, 620, 1594
0.200, 0.140, 0.120,	974, 632, 1606
0.150, 0.150, 0.120,	974, 560, 1534
0.160, 0.150, 0.120,	974, 576, 1550
0.170, 0.150, 0.120,	974, 592, 1566
0.180, 0.150, 0.120,	974, 612, 1586
0.190, 0.150, 0.120,	974, 620, 1594
0.200, 0.150, 0.120,	974, 632, 1606
0.160, 0.160, 0.120,	974, 584, 1558
0.170, 0.160, 0.120,	974, 600, 1574
0.180, 0.160, 0.120,	974, 620, 1594
0.190, 0.160, 0.120,	974, 628, 1602
0.200, 0.160, 0.120,	974, 640, 1614
0.170, 0.170, 0.120,	974, 612, 1586
0.180, 0.170, 0.120,	974, 632, 1606
0.190, 0.170, 0.120,	974, 640, 1614
0.200, 0.170, 0.120,	974, 652, 1626
0.180, 0.180, 0.120,	974, 640, 1614
0.190, 0.180, 0.120,	974, 648, 1622
0.200, 0.180, 0.120,	974, 660, 1634
0.190, 0.190, 0.120,	974, 656, 1630
0.200, 0.190, 0.120,	974, 668, 1642
0.200, 0.200, 0.120,	974, 672, 1646
0.130, 0.130, 0.130,	974, 516, 1490
0.140, 0.130, 0.130,	974, 536, 1510
0.150, 0.130, 0.130,	974, 544, 1518
0.160, 0.130, 0.130,	974, 560, 1534
0.170, 0.130, 0.130,	974, 576, 1550
0.180, 0.130, 0.130,	974, 596, 1570
0.190, 0.130, 0.130,	974, 604, 1578
0.200, 0.130, 0.130,	974, 616, 1590
0.140, 0.140, 0.130,	974, 552, 1526
0.150, 0.140, 0.130,	974, 560, 1534
0.160, 0.140, 0.130,	974, 576, 1550
0.170, 0.140, 0.130,	974, 592, 1566
0.180, 0.140, 0.130,	974, 612, 1586
0.190, 0.140, 0.130,	974, 620, 1594
0.200, 0.140, 0.130,	974, 632, 1606
0.150, 0.150, 0.130,	974, 560, 1534
0.160, 0.150, 0.130,	974, 576, 1550
0.170, 0.150, 0.130,	974, 592, 1566
0.180, 0.150, 0.130,	974, 612, 1586
0.190, 0.150, 0.130,	974, 620, 1594
0.200, 0.150, 0.130,	974, 632, 1606
0.160, 0.160, 0.130,	974, 584, 1558
0.170, 0.160, 0.130,	974, 600, 1574
0.180, 0.160, 0.130,	974, 620, 1594
0.190, 0.160, 0.130,	974, 628, 1602
0.200, 0.160, 0.130,	974, 640, 1614
0.170, 0.170, 0.130,	974, 612, 1586
0.180, 0.170, 0.130,	974, 632, 1606
0.190, 0.170, 0.130,	974, 640, 1614
0.200, 0.170, 0.130,	974, 652, 1626
0.180, 0.180, 0.130,	974, 640, 1614
0.190, 0.180, 0.130,	974, 648, 1622
0.200, 0.180, 0.130,	974, 660, 1634
0.190, 0.190, 0.130,	974, 656, 1630
0.200, 0.190, 0.130,	974, 668, 1642
0.200, 0.200, 0.130,	974, 672, 1646
0.140, 0.140, 0.140,	974, 632, 1606
0.150, 0.140, 0.140,	974, 640, 1614
0.160, 0.140, 0.140,	974, 656, 1630
0.170, 0.140, 0.140,	974, 672, 1646
0.180, 0.140, 0.140,	974, 692, 1666
0.190, 0.140, 0.140,	974, 700, 1674
0.200, 0.140, 0.140,	974, 712, 1686
0.150, 0.150, 0.140,	974, 640, 1614
0.160, 0.150, 0.140,	974, 656, 1630
0.170, 0.150, 0.140,	974, 672, 1646
0.180, 0.150, 0.140,	974, 692, 1666
0.190, 0.150, 0.140,	974, 700, 1674
0.200, 0.150, 0.140,	974, 712, 1686
0.160, 0.160, 0.140,	974, 664, 1638
0.170, 0.160, 0.140,	974, 680, 1654
0.180, 0.160, 0.140,	974, 700, 1674
0.190, 0.160, 0.140,	974, 708, 1682
0.200, 0.160, 0.140,	974, 720, 1694
0.170, 0.170, 0.140,	974, 692, 1666
0.180, 0.170, 0.140,	974, 712, 1686
0.190, 0.170, 0.140,	974, 720, 1694
0.200, 0.170, 0.140,	974, 732, 1706
0.180, 0.180, 0.140,	974, 720, 1694
0.190, 0.180, 0.140,	974, 728, 1702
0.200, 0.180, 0.140,	974, 740, 1714
0.190, 0.190, 0.140,	974, 736, 1710
0.200, 0.190, 0.140,	974, 748, 1722
0.200, 0.200, 0.140,	974, 752, 1726
0.150, 0.150, 0.150,	974, 672, 1646
0.160, 0.150, 0.150,	974, 688, 1662
0.170, 0.150, 0.150,	974, 704, 1678
0.180, 0.150, 0.150,	974, 724, 1698
0.190, 0.150, 0.150,	974, 732, 1706
0.200, 0.150, 0.150,	974, 744, 1718
0.160, 0.160, 0.150,	974, 696, 1670
0.170, 0.160, 0.150,	974, 712, 1686
0.180, 0.160, 0.150,	974, 732, 1706
0.190, 0.160, 0.150,	974, 740, 1714
0.200, 0.160, 0.150,	974, 752, 1726
0.170, 0.170, 0.150,	974, 724, 1698
0.180, 0.170, 0.150,	974, 744, 1718
0.190, 0.170, 0.150,	974, 752, 1726
0.200, 0.170, 0.150,	974, 764, 1738
0.180, 0.180, 0.150,	974, 752, 1726
0.190, 0.180, 0.150,	974, 760, 1734
0.200, 0.180, 0.150,	974, 772, 1746
0.190, 0.190, 0.150,	974, 768, 1742
0.200, 0.190, 0.150,	974, 780, 1754
0.200, 0.200, 0.150,	974, 784, 1758
0.160, 0.160, 0.160,	974, 760, 1734
0.170, 0.160, 0.160,	974, 776, 1750
0.180, 0.160, 0.160,	974, 796, 1770
0.190, 0.160, 0.160,	974, 804, 1778
0.200, 0.160, 0.160,	974, 816, 1790
0.170, 0.170, 0.160,	974, 788, 1762
0.180, 0.170, 0.160,	974, 808, 1782
0.190, 0.170, 0.160,	974, 816, 1790
0.200, 0.170, 0.160,	974, 828, 1802
0.180, 0.180, 0.160,	974, 816, 1790
0.190, 0.180, 0.160,	974, 824, 1798
0.200, 0.180, 0.160,	974, 836, 1810
0.190, 0.190, 0.160,	974, 832, 1806
0.200, 0.190, 0.160,	974, 844, 1818
0.200, 0.200, 0.160,	974, 848, 1822
0.170, 0.170, 0.170,	974, 852, 1826
0.180, 0.170, 0.170,	974, 872, 1846
0.190, 0.170, 0.170,	974, 880, 1854
0.200, 0.170, 0.170,	974, 892, 1866
0.180, 0.180, 0.170,	974, 880, 1854
0.190, 0.180, 0.170,	974, 888, 1862
0.200, 0.180, 0.170,	974, 900, 1874
0.190, 0.190, 0.170,	974, 896, 1870
0.200, 0.190, 0.170,	974, 908, 1882
0.200, 0.200, 0.170,	974, 912, 1886
0.180, 0.180, 0.180,	974, 960, 1934
0.190, 0.180, 0.180,	974, 968, 1942
0.200, 0.180, 0.180,	974, 980, 1954
0.190, 0.190, 0.180,	974, 976, 1950
0.200, 0.190, 0.180,	974, 988, 1962
0.200, 0.200, 0.180,	974, 992, 1966
0.190, 0.190, 0.190,	974, 1008, 1982
0.200, 0.190, 0.190,	974, 1020, 1994
0.200, 0.200, 0.190,	974, 1024, 1998
0.200, 0.200, 0.200,	974, 1072, 2046
