order = 59
 ref0,  ref1,  ref2,    nR,  nG, nDir
0.000, 0.000, 0.000,	1202,   0, 1202
0.010, 0.000, 0.000,	1202,   4, 1206
0.020, 0.000, 0.000,	1202,   8, 1210
0.030, 0.000, 0.000,	1202,  16, 1218
0.040, 0.000, 0.000,	1202,  16, 1218
0.050, 0.000, 0.000,	1202,  28, 1230
0.060, 0.000, 0.000,	1202,  36, 1238
0.070, 0.000, 0.000,	1202,  40, 1242
0.080, 0.000, 0.000,	1202,  56, 1258
0.090, 0.000, 0.000,	1202,  64, 1266
0.100, 0.000, 0.000,	1202,  72, 1274
0.110, 0.000, 0.000,	1202,  92, 1294
0.120, 0.000, 0.000,	1202, 104, 1306
0.130, 0.000, 0.000,	1202, 120, 1322
0.140, 0.000, 0.000,	1202, 136, 1338
0.150, 0.000, 0.000,	1202, 152, 1354
0.160, 0.000, 0.000,	1202, 172, 1374
0.170, 0.000, 0.000,	1202, 188, 1390
0.180, 0.000, 0.000,	1202, 200, 1402
0.190, 0.000, 0.000,	1202, 232, 1434
0.200, 0.000, 0.000,	1202, 240, 1442
0.010, 0.010, 0.000,	1202,   8, 1210
0.020, 0.010, 0.000,	1202,  12, 1214
0.030, 0.010, 0.000,	1202,  20, 1222
0.040, 0.010, 0.000,	1202,  20, 1222
0.050, 0.010, 0.000,	1202,  32, 1234
0.060, 0.010, 0.000,	1202,  40, 1242
0.070, 0.010, 0.000,	1202,  44, 1246
0.080, 0.010, 0.000,	1202,  60, 1262
0.090, 0.010, 0.000,	1202,  68, 1270
0.100, 0.010, 0.000,	1202,  76, 1278
0.110, 0.010, 0.000,	1202,  96, 1298
0.120, 0.010, 0.000,	1202, 108, 1310
0.130, 0.010, 0.000,	1202, 124, 1326
0.140, 0.010, 0.000,	1202, 140, 1342
0.150, 0.010, 0.000,	1202, 156, 1358
0.160, 0.010, 0.000,	1202, 176, 1378
0.170, 0.010, 0.000,	1202, 192, 1394
0.180, 0.010, 0.000,	1202, 204, 1406
0.190, 0.010, 0.000,	1202, 236, 1438
0.200, 0.010, 0.000,	1202, 244, 1446
0.020, 0.020, 0.000,	1202,  16, 1218
0.030, 0.020, 0.000,	1202,  24, 1226
0.040, 0.020, 0.000,	1202,  24, 1226
0.050, 0.020, 0.000,	1202,  36, 1238
0.060, 0.020, 0.000,	1202,  44, 1246
0.070, 0.020, 0.000,	1202,  48, 1250
0.080, 0.020, 0.000,	1202,  64, 1266
0.090, 0.020, 0.000,	1202,  72, 1274
0.100, 0.020, 0.000,	1202,  80, 1282
0.110, 0.020, 0.000,	1202, 100, 1302
0.120, 0.020, 0.000,	1202, 112, 1314
0.130, 0.020, 0.000,	1202, 128, 1330
0.140, 0.020, 0.000,	1202, 144, 1346
0.150, 0.020, 0.000,	1202, 160, 1362
0.160, 0.020, 0.000,	1202, 180, 1382
0.170, 0.020, 0.000,	1202, 196, 1398
0.180, 0.020, 0.000,	1202, 208, 1410
0.190, 0.020, 0.000,	1202, 240, 1442
0.200, 0.020, 0.000,	1202, 248, 1450
0.030, 0.030, 0.000,	1202,  28, 1230
0.040, 0.030, 0.000,	1202,  28, 1230
0.050, 0.030, 0.000,	1202,  40, 1242
0.060, 0.030, 0.000,	1202,  48, 1250
0.070, 0.030, 0.000,	1202,  52, 1254
0.080, 0.030, 0.000,	1202,  68, 1270
0.090, 0.030, 0.000,	1202,  76, 1278
0.100, 0.030, 0.000,	1202,  84, 1286
0.110, 0.030, 0.000,	1202, 104, 1306
0.120, 0.030, 0.000,	1202, 116, 1318
0.130, 0.030, 0.000,	1202, 132, 1334
0.140, 0.030, 0.000,	1202, 148, 1350
0.150, 0.030, 0.000,	1202, 164, 1366
0.160, 0.030, 0.000,	1202, 184, 1386
0.170, 0.030, 0.000,	1202, 200, 1402
0.180, 0.030, 0.000,	1202, 212, 1414
0.190, 0.030, 0.000,	1202, 244, 1446
0.200, 0.030, 0.000,	1202, 252, 1454
0.040, 0.040, 0.000,	1202,  28, 1230
0.050, 0.040, 0.000,	1202,  40, 1242
0.060, 0.040, 0.000,	1202,  48, 1250
0.070, 0.040, 0.000,	1202,  52, 1254
0.080, 0.040, 0.000,	1202,  68, 1270
0.090, 0.040, 0.000,	1202,  76, 1278
0.100, 0.040, 0.000,	1202,  84, 1286
0.110, 0.040, 0.000,	1202, 104, 1306
0.120, 0.040, 0.000,	1202, 116, 1318
0.130, 0.040, 0.000,	1202, 132, 1334
0.140, 0.040, 0.000,	1202, 148, 1350
0.150, 0.040, 0.000,	1202, 164, 1366
0.160, 0.040, 0.000,	1202, 184, 1386
0.170, 0.040, 0.000,	1202, 200, 1402
0.180, 0.040, 0.000,	1202, 212, 1414
0.190, 0.040, 0.000,	1202, 244, 1446
0.200, 0.040, 0.000,	1202, 252, 1454
0.050, 0.050, 0.000,	1202,  48, 1250
0.060, 0.050, 0.000,	1202,  56, 1258
0.070, 0.050, 0.000,	1202,  60, 1262
0.080, 0.050, 0.000,	1202,  76, 1278
0.090, 0.050, 0.000,	1202,  84, 1286
0.100, 0.050, 0.000,	1202,  92, 1294
0.110, 0.050, 0.000,	1202, 112, 1314
0.120, 0.050, 0.000,	1202, 124, 1326
0.130, 0.050, 0.000,	1202, 140, 1342
0.140, 0.050, 0.000,	1202, 156, 1358
0.150, 0.050, 0.000,	1202, 172, 1374
0.160, 0.050, 0.000,	1202, 192, 1394
0.170, 0.050, 0.000,	1202, 208, 1410
0.180, 0.050, 0.000,	1202, 220, 1422
0.190, 0.050, 0.000,	1202, 252, 1454
0.200, 0.050, 0.000,	1202, 260, 1462
0.060, 0.060, 0.000,	1202,  60, 1262
0.070, 0.060, 0.000,	1202,  64, 1266
0.080, 0.060, 0.000,	1202,  80, 1282
0.090, 0.060, 0.000,	1202,  88, 1290
0.100, 0.060, 0.000,	1202,  96, 1298
0.110, 0.060, 0.000,	1202, 116, 1318
0.120, 0.060, 0.000,	1202, 128, 1330
0.130, 0.060, 0.000,	1202, 144, 1346
0.140, 0.060, 0.000,	1202, 160, 1362
0.150, 0.060, 0.000,	1202, 176, 1378
0.160, 0.060, 0.000,	1202, 196, 1398
0.170, 0.060, 0.000,	1202, 212, 1414
0.180, 0.060, 0.000,	1202, 224, 1426
0.190, 0.060, 0.000,	1202, 256, 1458
0.200, 0.060, 0.000,	1202, 264, 1466
0.070, 0.070, 0.000,	1202,  68, 1270
0.080, 0.070, 0.000,	1202,  84, 1286
0.090, 0.070, 0.000,	1202,  92, 1294
0.100, 0.070, 0.000,	1202, 100, 1302
0.110, 0.070, 0.000,	1202, 120, 1322
0.120, 0.070, 0.000,	1202, 132, 1334
0.130, 0.070, 0.000,	1202, 148, 1350
0.140, 0.070, 0.000,	1202, 164, 1366
0.150, 0.070, 0.000,	1202, 180, 1382
0.160, 0.070, 0.000,	1202, 200, 1402
0.170, 0.070, 0.000,	1202, 216, 1418
0.180, 0.070, 0.000,	1202, 228, 1430
0.190, 0.070, 0.000,	1202, 260, 1462
0.200, 0.070, 0.000,	1202, 268, 1470
0.080, 0.080, 0.000,	1202,  92, 1294
0.090, 0.080, 0.000,	1202, 100, 1302
0.100, 0.080, 0.000,	1202, 108, 1310
0.110, 0.080, 0.000,	1202, 128, 1330
0.120, 0.080, 0.000,	1202, 140, 1342
0.130, 0.080, 0.000,	1202, 156, 1358
0.140, 0.080, 0.000,	1202, 172, 1374
0.150, 0.080, 0.000,	1202, 188, 1390
0.160, 0.080, 0.000,	1202, 208, 1410
0.170, 0.080, 0.000,	1202, 224, 1426
0.180, 0.080, 0.000,	1202, 236, 1438
0.190, 0.080, 0.000,	1202, 268, 1470
0.200, 0.080, 0.000,	1202, 276, 1478
0.090, 0.090, 0.000,	1202, 104, 1306
0.100, 0.090, 0.000,	1202, 112, 1314
0.110, 0.090, 0.000,	1202, 132, 1334
0.120, 0.090, 0.000,	1202, 144, 1346
0.130, 0.090, 0.000,	1202, 160, 1362
0.140, 0.090, 0.000,	1202, 176, 1378
0.150, 0.090, 0.000,	1202, 192, 1394
0.160, 0.090, 0.000,	1202, 212, 1414
0.170, 0.090, 0.000,	1202, 228, 1430
0.180, 0.090, 0.000,	1202, 240, 1442
0.190, 0.090, 0.000,	1202, 272, 1474
0.200, 0.090, 0.000,	1202, 280, 1482
0.100, 0.100, 0.000,	1202, 120, 1322
0.110, 0.100, 0.000,	1202, 140, 1342
0.120, 0.100, 0.000,	1202, 152, 1354
0.130, 0.100, 0.000,	1202, 168, 1370
0.140, 0.100, 0.000,	1202, 184, 1386
0.150, 0.100, 0.000,	1202, 200, 1402
0.160, 0.100, 0.000,	1202, 220, 1422
0.170, 0.100, 0.000,	1202, 236, 1438
0.180, 0.100, 0.000,	1202, 248, 1450
0.190, 0.100, 0.000,	1202, 280, 1482
0.200, 0.100, 0.000,	1202, 288, 1490
0.110, 0.110, 0.000,	1202, 148, 1350
0.120, 0.110, 0.000,	1202, 160, 1362
0.130, 0.110, 0.000,	1202, 176, 1378
0.140, 0.110, 0.000,	1202, 192, 1394
0.150, 0.110, 0.000,	1202, 208, 1410
0.160, 0.110, 0.000,	1202, 228, 1430
0.170, 0.110, 0.000,	1202, 244, 1446
0.180, 0.110, 0.000,	1202, 256, 1458
0.190, 0.110, 0.000,	1202, 288, 1490
0.200, 0.110, 0.000,	1202, 296, 1498
0.120, 0.120, 0.000,	1202, 168, 1370
0.130, 0.120, 0.000,	1202, 184, 1386
0.140, 0.120, 0.000,	1202, 200, 1402
0.150, 0.120, 0.000,	1202, 216, 1418
0.160, 0.120, 0.000,	1202, 236, 1438
0.170, 0.120, 0.000,	1202, 252, 1454
0.180, 0.120, 0.000,	1202, 264, 1466
0.190, 0.120, 0.000,	1202, 296, 1498
0.200, 0.120, 0.000,	1202, 304, 1506
0.130, 0.130, 0.000,	1202, 192, 1394
0.140, 0.130, 0.000,	1202, 208, 1410
0.150, 0.130, 0.000,	1202, 224, 1426
0.160, 0.130, 0.000,	1202, 244, 1446
0.170, 0.130, 0.000,	1202, 260, 1462
0.180, 0.130, 0.000,	1202, 272, 1474
0.190, 0.130, 0.000,	1202, 304, 1506
0.200, 0.130, 0.000,	1202, 312, 1514
0.140, 0.140, 0.000,	1202, 216, 1418
0.150, 0.140, 0.000,	1202, 232, 1434
0.160, 0.140, 0.000,	1202, 252, 1454
0.170, 0.140, 0.000,	1202, 268, 1470
0.180, 0.140, 0.000,	1202, 280, 1482
0.190, 0.140, 0.000,	1202, 312, 1514
0.200, 0.140, 0.000,	1202, 320, 1522
0.150, 0.150, 0.000,	1202, 244, 1446
0.160, 0.150, 0.000,	1202, 264, 1466
0.170, 0.150, 0.000,	1202, 280, 1482
0.180, 0.150, 0.000,	1202, 292, 1494
0.190, 0.150, 0.000,	1202, 324, 1526
0.200, 0.150, 0.000,	1202, 332, 1534
0.160, 0.160, 0.000,	1202, 272, 1474
0.170, 0.160, 0.000,	1202, 288, 1490
0.180, 0.160, 0.000,	1202, 300, 1502
0.190, 0.160, 0.000,	1202, 332, 1534
0.200, 0.160, 0.000,	1202, 340, 1542
0.170, 0.170, 0.000,	1202, 296, 1498
0.180, 0.170, 0.000,	1202, 308, 1510
0.190, 0.170, 0.000,	1202, 340, 1542
0.200, 0.170, 0.000,	1202, 348, 1550
0.180, 0.180, 0.000,	1202, 320, 1522
0.190, 0.180, 0.000,	1202, 352, 1554
0.200, 0.180, 0.000,	1202, 360, 1562
0.190, 0.190, 0.000,	1202, 364, 1566
0.200, 0.190, 0.000,	1202, 372, 1574
0.200, 0.200, 0.000,	1202, 380, 1582
0.010, 0.010, 0.010,	1202,  24, 1226
0.020, 0.010, 0.010,	1202,  28, 1230
0.030, 0.010, 0.010,	1202,  36, 1238
0.040, 0.010, 0.010,	1202,  36, 1238
0.050, 0.010, 0.010,	1202,  48, 1250
0.060, 0.010, 0.010,	1202,  56, 1258
0.070, 0.010, 0.010,	1202,  60, 1262
0.080, 0.010, 0.010,	1202,  76, 1278
0.090, 0.010, 0.010,	1202,  84, 1286
0.100, 0.010, 0.010,	1202,  92, 1294
0.110, 0.010, 0.010,	1202, 112, 1314
0.120, 0.010, 0.010,	1202, 124, 1326
0.130, 0.010, 0.010,	1202, 140, 1342
0.140, 0.010, 0.010,	1202, 156, 1358
0.150, 0.010, 0.010,	1202, 172, 1374
0.160, 0.010, 0.010,	1202, 192, 1394
0.170, 0.010, 0.010,	1202, 208, 1410
0.180, 0.010, 0.010,	1202, 220, 1422
0.190, 0.010, 0.010,	1202, 252, 1454
0.200, 0.010, 0.010,	1202, 260, 1462
0.020, 0.020, 0.010,	1202,  32, 1234
0.030, 0.020, 0.010,	1202,  40, 1242
0.040, 0.020, 0.010,	1202,  40, 1242
0.050, 0.020, 0.010,	1202,  52, 1254
0.060, 0.020, 0.010,	1202,  60, 1262
0.070, 0.020, 0.010,	1202,  64, 1266
0.080, 0.020, 0.010,	1202,  80, 1282
0.090, 0.020, 0.010,	1202,  88, 1290
0.100, 0.020, 0.010,	1202,  96, 1298
0.110, 0.020, 0.010,	1202, 116, 1318
0.120, 0.020, 0.010,	1202, 128, 1330
0.130, 0.020, 0.010,	1202, 144, 1346
0.140, 0.020, 0.010,	1202, 160, 1362
0.150, 0.020, 0.010,	1202, 176, 1378
0.160, 0.020, 0.010,	1202, 196, 1398
0.170, 0.020, 0.010,	1202, 212, 1414
0.180, 0.020, 0.010,	1202, 224, 1426
0.190, 0.020, 0.010,	1202, 256, 1458
0.200, 0.020, 0.010,	1202, 264, 1466
0.030, 0.030, 0.010,	1202,  44, 1246
0.040, 0.030, 0.010,	1202,  44, 1246
0.050, 0.030, 0.010,	1202,  56, 1258
0.060, 0.030, 0.010,	1202,  64, 1266
0.070, 0.030, 0.010,	1202,  68, 1270
0.080, 0.030, 0.010,	1202,  84, 1286
0.090, 0.030, 0.010,	1202,  92, 1294
0.100, 0.030, 0.010,	1202, 100, 1302
0.110, 0.030, 0.010,	1202, 120, 1322
0.120, 0.030, 0.010,	1202, 132, 1334
0.130, 0.030, 0.010,	1202, 148, 1350
0.140, 0.030, 0.010,	1202, 164, 1366
0.150, 0.030, 0.010,	1202, 180, 1382
0.160, 0.030, 0.010,	1202, 200, 1402
0.170, 0.030, 0.010,	1202, 216, 1418
0.180, 0.030, 0.010,	1202, 228, 1430
0.190, 0.030, 0.010,	1202, 260, 1462
0.200, 0.030, 0.010,	1202, 268, 1470
0.040, 0.040, 0.010,	1202,  44, 1246
0.050, 0.040, 0.010,	1202,  56, 1258
0.060, 0.040, 0.010,	1202,  64, 1266
0.070, 0.040, 0.010,	1202,  68, 1270
0.080, 0.040, 0.010,	1202,  84, 1286
0.090, 0.040, 0.010,	1202,  92, 1294
0.100, 0.040, 0.010,	1202, 100, 1302
0.110, 0.040, 0.010,	1202, 120, 1322
0.120, 0.040, 0.010,	1202, 132, 1334
0.130, 0.040, 0.010,	1202, 148, 1350
0.140, 0.040, 0.010,	1202, 164, 1366
0.150, 0.040, 0.010,	1202, 180, 1382
0.160, 0.040, 0.010,	1202, 200, 1402
0.170, 0.040, 0.010,	1202, 216, 1418
0.180, 0.040, 0.010,	1202, 228, 1430
0.190, 0.040, 0.010,	1202, 260, 1462
0.200, 0.040, 0.010,	1202, 268, 1470
0.050, 0.050, 0.010,	1202,  64, 1266
0.060, 0.050, 0.010,	1202,  72, 1274
0.070, 0.050, 0.010,	1202,  76, 1278
0.080, 0.050, 0.010,	1202,  92, 1294
0.090, 0.050, 0.010,	1202, 100, 1302
0.100, 0.050, 0.010,	1202, 108, 1310
0.110, 0.050, 0.010,	1202, 128, 1330
0.120, 0.050, 0.010,	1202, 140, 1342
0.130, 0.050, 0.010,	1202, 156, 1358
0.140, 0.050, 0.010,	1202, 172, 1374
0.150, 0.050, 0.010,	1202, 188, 1390
0.160, 0.050, 0.010,	1202, 208, 1410
0.170, 0.050, 0.010,	1202, 224, 1426
0.180, 0.050, 0.010,	1202, 236, 1438
0.190, 0.050, 0.010,	1202, 268, 1470
0.200, 0.050, 0.010,	1202, 276, 1478
0.060, 0.060, 0.010,	1202,  76, 1278
0.070, 0.060, 0.010,	1202,  80, 1282
0.080, 0.060, 0.010,	1202,  96, 1298
0.090, 0.060, 0.010,	1202, 104, 1306
0.100, 0.060, 0.010,	1202, 112, 1314
0.110, 0.060, 0.010,	1202, 132, 1334
0.120, 0.060, 0.010,	1202, 144, 1346
0.130, 0.060, 0.010,	1202, 160, 1362
0.140, 0.060, 0.010,	1202, 176, 1378
0.150, 0.060, 0.010,	1202, 192, 1394
0.160, 0.060, 0.010,	1202, 212, 1414
0.170, 0.060, 0.010,	1202, 228, 1430
0.180, 0.060, 0.010,	1202, 240, 1442
0.190, 0.060, 0.010,	1202, 272, 1474
0.200, 0.060, 0.010,	1202, 280, 1482
0.070, 0.070, 0.010,	1202,  84, 1286
0.080, 0.070, 0.010,	1202, 100, 1302
0.090, 0.070, 0.010,	1202, 108, 1310
0.100, 0.070, 0.010,	1202, 116, 1318
0.110, 0.070, 0.010,	1202, 136, 1338
0.120, 0.070, 0.010,	1202, 148, 1350
0.130, 0.070, 0.010,	1202, 164, 1366
0.140, 0.070, 0.010,	1202, 180, 1382
0.150, 0.070, 0.010,	1202, 196, 1398
0.160, 0.070, 0.010,	1202, 216, 1418
0.170, 0.070, 0.010,	1202, 232, 1434
0.180, 0.070, 0.010,	1202, 244, 1446
0.190, 0.070, 0.010,	1202, 276, 1478
0.200, 0.070, 0.010,	1202, 284, 1486
0.080, 0.080, 0.010,	1202, 108, 1310
0.090, 0.080, 0.010,	1202, 116, 1318
0.100, 0.080, 0.010,	1202, 124, 1326
0.110, 0.080, 0.010,	1202, 144, 1346
0.120, 0.080, 0.010,	1202, 156, 1358
0.130, 0.080, 0.010,	1202, 172, 1374
0.140, 0.080, 0.010,	1202, 188, 1390
0.150, 0.080, 0.010,	1202, 204, 1406
0.160, 0.080, 0.010,	1202, 224, 1426
0.170, 0.080, 0.010,	1202, 240, 1442
0.180, 0.080, 0.010,	1202, 252, 1454
0.190, 0.080, 0.010,	1202, 284, 1486
0.200, 0.080, 0.010,	1202, 292, 1494
0.090, 0.090, 0.010,	1202, 120, 1322
0.100, 0.090, 0.010,	1202, 128, 1330
0.110, 0.090, 0.010,	1202, 148, 1350
0.120, 0.090, 0.010,	1202, 160, 1362
0.130, 0.090, 0.010,	1202, 176, 1378
0.140, 0.090, 0.010,	1202, 192, 1394
0.150, 0.090, 0.010,	1202, 208, 1410
0.160, 0.090, 0.010,	1202, 228, 1430
0.170, 0.090, 0.010,	1202, 244, 1446
0.180, 0.090, 0.010,	1202, 256, 1458
0.190, 0.090, 0.010,	1202, 288, 1490
0.200, 0.090, 0.010,	1202, 296, 1498
0.100, 0.100, 0.010,	1202, 136, 1338
0.110, 0.100, 0.010,	1202, 156, 1358
0.120, 0.100, 0.010,	1202, 168, 1370
0.130, 0.100, 0.010,	1202, 184, 1386
0.140, 0.100, 0.010,	1202, 200, 1402
0.150, 0.100, 0.010,	1202, 216, 1418
0.160, 0.100, 0.010,	1202, 236, 1438
0.170, 0.100, 0.010,	1202, 252, 1454
0.180, 0.100, 0.010,	1202, 264, 1466
0.190, 0.100, 0.010,	1202, 296, 1498
0.200, 0.100, 0.010,	1202, 304, 1506
0.110, 0.110, 0.010,	1202, 164, 1366
0.120, 0.110, 0.010,	1202, 176, 1378
0.130, 0.110, 0.010,	1202, 192, 1394
0.140, 0.110, 0.010,	1202, 208, 1410
0.150, 0.110, 0.010,	1202, 224, 1426
0.160, 0.110, 0.010,	1202, 244, 1446
0.170, 0.110, 0.010,	1202, 260, 1462
0.180, 0.110, 0.010,	1202, 272, 1474
0.190, 0.110, 0.010,	1202, 304, 1506
0.200, 0.110, 0.010,	1202, 312, 1514
0.120, 0.120, 0.010,	1202, 184, 1386
0.130, 0.120, 0.010,	1202, 200, 1402
0.140, 0.120, 0.010,	1202, 216, 1418
0.150, 0.120, 0.010,	1202, 232, 1434
0.160, 0.120, 0.010,	1202, 252, 1454
0.170, 0.120, 0.010,	1202, 268, 1470
0.180, 0.120, 0.010,	1202, 280, 1482
0.190, 0.120, 0.010,	1202, 312, 1514
0.200, 0.120, 0.010,	1202, 320, 1522
0.130, 0.130, 0.010,	1202, 208, 1410
0.140, 0.130, 0.010,	1202, 224, 1426
0.150, 0.130, 0.010,	1202, 240, 1442
0.160, 0.130, 0.010,	1202, 260, 1462
0.170, 0.130, 0.010,	1202, 276, 1478
0.180, 0.130, 0.010,	1202, 288, 1490
0.190, 0.130, 0.010,	1202, 320, 1522
0.200, 0.130, 0.010,	1202, 328, 1530
0.140, 0.140, 0.010,	1202, 232, 1434
0.150, 0.140, 0.010,	1202, 248, 1450
0.160, 0.140, 0.010,	1202, 268, 1470
0.170, 0.140, 0.010,	1202, 284, 1486
0.180, 0.140, 0.010,	1202, 296, 1498
0.190, 0.140, 0.010,	1202, 328, 1530
0.200, 0.140, 0.010,	1202, 336, 1538
0.150, 0.150, 0.010,	1202, 260, 1462
0.160, 0.150, 0.010,	1202, 280, 1482
0.170, 0.150, 0.010,	1202, 296, 1498
0.180, 0.150, 0.010,	1202, 308, 1510
0.190, 0.150, 0.010,	1202, 340, 1542
0.200, 0.150, 0.010,	1202, 348, 1550
0.160, 0.160, 0.010,	1202, 288, 1490
0.170, 0.160, 0.010,	1202, 304, 1506
0.180, 0.160, 0.010,	1202, 316, 1518
0.190, 0.160, 0.010,	1202, 348, 1550
0.200, 0.160, 0.010,	1202, 356, 1558
0.170, 0.170, 0.010,	1202, 312, 1514
0.180, 0.170, 0.010,	1202, 324, 1526
0.190, 0.170, 0.010,	1202, 356, 1558
0.200, 0.170, 0.010,	1202, 364, 1566
0.180, 0.180, 0.010,	1202, 336, 1538
0.190, 0.180, 0.010,	1202, 368, 1570
0.200, 0.180, 0.010,	1202, 376, 1578
0.190, 0.190, 0.010,	1202, 380, 1582
0.200, 0.190, 0.010,	1202, 388, 1590
0.200, 0.200, 0.010,	1202, 396, 1598
0.020, 0.020, 0.020,	1202,  48, 1250
0.030, 0.020, 0.020,	1202,  56, 1258
0.040, 0.020, 0.020,	1202,  56, 1258
0.050, 0.020, 0.020,	1202,  68, 1270
0.060, 0.020, 0.020,	1202,  76, 1278
0.070, 0.020, 0.020,	1202,  80, 1282
0.080, 0.020, 0.020,	1202,  96, 1298
0.090, 0.020, 0.020,	1202, 104, 1306
0.100, 0.020, 0.020,	1202, 112, 1314
0.110, 0.020, 0.020,	1202, 132, 1334
0.120, 0.020, 0.020,	1202, 144, 1346
0.130, 0.020, 0.020,	1202, 160, 1362
0.140, 0.020, 0.020,	1202, 176, 1378
0.150, 0.020, 0.020,	1202, 192, 1394
0.160, 0.020, 0.020,	1202, 212, 1414
0.170, 0.020, 0.020,	1202, 228, 1430
0.180, 0.020, 0.020,	1202, 240, 1442
0.190, 0.020, 0.020,	1202, 272, 1474
0.200, 0.020, 0.020,	1202, 280, 1482
0.030, 0.030, 0.020,	1202,  60, 1262
0.040, 0.030, 0.020,	1202,  60, 1262
0.050, 0.030, 0.020,	1202,  72, 1274
0.060, 0.030, 0.020,	1202,  80, 1282
0.070, 0.030, 0.020,	1202,  84, 1286
0.080, 0.030, 0.020,	1202, 100, 1302
0.090, 0.030, 0.020,	1202, 108, 1310
0.100, 0.030, 0.020,	1202, 116, 1318
0.110, 0.030, 0.020,	1202, 136, 1338
0.120, 0.030, 0.020,	1202, 148, 1350
0.130, 0.030, 0.020,	1202, 164, 1366
0.140, 0.030, 0.020,	1202, 180, 1382
0.150, 0.030, 0.020,	1202, 196, 1398
0.160, 0.030, 0.020,	1202, 216, 1418
0.170, 0.030, 0.020,	1202, 232, 1434
0.180, 0.030, 0.020,	1202, 244, 1446
0.190, 0.030, 0.020,	1202, 276, 1478
0.200, 0.030, 0.020,	1202, 284, 1486
0.040, 0.040, 0.020,	1202,  60, 1262
0.050, 0.040, 0.020,	1202,  72, 1274
0.060, 0.040, 0.020,	1202,  80, 1282
0.070, 0.040, 0.020,	1202,  84, 1286
0.080, 0.040, 0.020,	1202, 100, 1302
0.090, 0.040, 0.020,	1202, 108, 1310
0.100, 0.040, 0.020,	1202, 116, 1318
0.110, 0.040, 0.020,	1202, 136, 1338
0.120, 0.040, 0.020,	1202, 148, 1350
0.130, 0.040, 0.020,	1202, 164, 1366
0.140, 0.040, 0.020,	1202, 180, 1382
0.150, 0.040, 0.020,	1202, 196, 1398
0.160, 0.040, 0.020,	1202, 216, 1418
0.170, 0.040, 0.020,	1202, 232, 1434
0.180, 0.040, 0.020,	1202, 244, 1446
0.190, 0.040, 0.020,	1202, 276, 1478
0.200, 0.040, 0.020,	1202, 284, 1486
0.050, 0.050, 0.020,	1202,  80, 1282
0.060, 0.050, 0.020,	1202,  88, 1290
0.070, 0.050, 0.020,	1202,  92, 1294
0.080, 0.050, 0.020,	1202, 108, 1310
0.090, 0.050, 0.020,	1202, 116, 1318
0.100, 0.050, 0.020,	1202, 124, 1326
0.110, 0.050, 0.020,	1202, 144, 1346
0.120, 0.050, 0.020,	1202, 156, 1358
0.130, 0.050, 0.020,	1202, 172, 1374
0.140, 0.050, 0.020,	1202, 188, 1390
0.150, 0.050, 0.020,	1202, 204, 1406
0.160, 0.050, 0.020,	1202, 224, 1426
0.170, 0.050, 0.020,	1202, 240, 1442
0.180, 0.050, 0.020,	1202, 252, 1454
0.190, 0.050, 0.020,	1202, 284, 1486
0.200, 0.050, 0.020,	1202, 292, 1494
0.060, 0.060, 0.020,	1202,  92, 1294
0.070, 0.060, 0.020,	1202,  96, 1298
0.080, 0.060, 0.020,	1202, 112, 1314
0.090, 0.060, 0.020,	1202, 120, 1322
0.100, 0.060, 0.020,	1202, 128, 1330
0.110, 0.060, 0.020,	1202, 148, 1350
0.120, 0.060, 0.020,	1202, 160, 1362
0.130, 0.060, 0.020,	1202, 176, 1378
0.140, 0.060, 0.020,	1202, 192, 1394
0.150, 0.060, 0.020,	1202, 208, 1410
0.160, 0.060, 0.020,	1202, 228, 1430
0.170, 0.060, 0.020,	1202, 244, 1446
0.180, 0.060, 0.020,	1202, 256, 1458
0.190, 0.060, 0.020,	1202, 288, 1490
0.200, 0.060, 0.020,	1202, 296, 1498
0.070, 0.070, 0.020,	1202, 100, 1302
0.080, 0.070, 0.020,	1202, 116, 1318
0.090, 0.070, 0.020,	1202, 124, 1326
0.100, 0.070, 0.020,	1202, 132, 1334
0.110, 0.070, 0.020,	1202, 152, 1354
0.120, 0.070, 0.020,	1202, 164, 1366
0.130, 0.070, 0.020,	1202, 180, 1382
0.140, 0.070, 0.020,	1202, 196, 1398
0.150, 0.070, 0.020,	1202, 212, 1414
0.160, 0.070, 0.020,	1202, 232, 1434
0.170, 0.070, 0.020,	1202, 248, 1450
0.180, 0.070, 0.020,	1202, 260, 1462
0.190, 0.070, 0.020,	1202, 292, 1494
0.200, 0.070, 0.020,	1202, 300, 1502
0.080, 0.080, 0.020,	1202, 124, 1326
0.090, 0.080, 0.020,	1202, 132, 1334
0.100, 0.080, 0.020,	1202, 140, 1342
0.110, 0.080, 0.020,	1202, 160, 1362
0.120, 0.080, 0.020,	1202, 172, 1374
0.130, 0.080, 0.020,	1202, 188, 1390
0.140, 0.080, 0.020,	1202, 204, 1406
0.150, 0.080, 0.020,	1202, 220, 1422
0.160, 0.080, 0.020,	1202, 240, 1442
0.170, 0.080, 0.020,	1202, 256, 1458
0.180, 0.080, 0.020,	1202, 268, 1470
0.190, 0.080, 0.020,	1202, 300, 1502
0.200, 0.080, 0.020,	1202, 308, 1510
0.090, 0.090, 0.020,	1202, 136, 1338
0.100, 0.090, 0.020,	1202, 144, 1346
0.110, 0.090, 0.020,	1202, 164, 1366
0.120, 0.090, 0.020,	1202, 176, 1378
0.130, 0.090, 0.020,	1202, 192, 1394
0.140, 0.090, 0.020,	1202, 208, 1410
0.150, 0.090, 0.020,	1202, 224, 1426
0.160, 0.090, 0.020,	1202, 244, 1446
0.170, 0.090, 0.020,	1202, 260, 1462
0.180, 0.090, 0.020,	1202, 272, 1474
0.190, 0.090, 0.020,	1202, 304, 1506
0.200, 0.090, 0.020,	1202, 312, 1514
0.100, 0.100, 0.020,	1202, 152, 1354
0.110, 0.100, 0.020,	1202, 172, 1374
0.120, 0.100, 0.020,	1202, 184, 1386
0.130, 0.100, 0.020,	1202, 200, 1402
0.140, 0.100, 0.020,	1202, 216, 1418
0.150, 0.100, 0.020,	1202, 232, 1434
0.160, 0.100, 0.020,	1202, 252, 1454
0.170, 0.100, 0.020,	1202, 268, 1470
0.180, 0.100, 0.020,	1202, 280, 1482
0.190, 0.100, 0.020,	1202, 312, 1514
0.200, 0.100, 0.020,	1202, 320, 1522
0.110, 0.110, 0.020,	1202, 180, 1382
0.120, 0.110, 0.020,	1202, 192, 1394
0.130, 0.110, 0.020,	1202, 208, 1410
0.140, 0.110, 0.020,	1202, 224, 1426
0.150, 0.110, 0.020,	1202, 240, 1442
0.160, 0.110, 0.020,	1202, 260, 1462
0.170, 0.110, 0.020,	1202, 276, 1478
0.180, 0.110, 0.020,	1202, 288, 1490
0.190, 0.110, 0.020,	1202, 320, 1522
0.200, 0.110, 0.020,	1202, 328, 1530
0.120, 0.120, 0.020,	1202, 200, 1402
0.130, 0.120, 0.020,	1202, 216, 1418
0.140, 0.120, 0.020,	1202, 232, 1434
0.150, 0.120, 0.020,	1202, 248, 1450
0.160, 0.120, 0.020,	1202, 268, 1470
0.170, 0.120, 0.020,	1202, 284, 1486
0.180, 0.120, 0.020,	1202, 296, 1498
0.190, 0.120, 0.020,	1202, 328, 1530
0.200, 0.120, 0.020,	1202, 336, 1538
0.130, 0.130, 0.020,	1202, 224, 1426
0.140, 0.130, 0.020,	1202, 240, 1442
0.150, 0.130, 0.020,	1202, 256, 1458
0.160, 0.130, 0.020,	1202, 276, 1478
0.170, 0.130, 0.020,	1202, 292, 1494
0.180, 0.130, 0.020,	1202, 304, 1506
0.190, 0.130, 0.020,	1202, 336, 1538
0.200, 0.130, 0.020,	1202, 344, 1546
0.140, 0.140, 0.020,	1202, 248, 1450
0.150, 0.140, 0.020,	1202, 264, 1466
0.160, 0.140, 0.020,	1202, 284, 1486
0.170, 0.140, 0.020,	1202, 300, 1502
0.180, 0.140, 0.020,	1202, 312, 1514
0.190, 0.140, 0.020,	1202, 344, 1546
0.200, 0.140, 0.020,	1202, 352, 1554
0.150, 0.150, 0.020,	1202, 276, 1478
0.160, 0.150, 0.020,	1202, 296, 1498
0.170, 0.150, 0.020,	1202, 312, 1514
0.180, 0.150, 0.020,	1202, 324, 1526
0.190, 0.150, 0.020,	1202, 356, 1558
0.200, 0.150, 0.020,	1202, 364, 1566
0.160, 0.160, 0.020,	1202, 304, 1506
0.170, 0.160, 0.020,	1202, 320, 1522
0.180, 0.160, 0.020,	1202, 332, 1534
0.190, 0.160, 0.020,	1202, 364, 1566
0.200, 0.160, 0.020,	1202, 372, 1574
0.170, 0.170, 0.020,	1202, 328, 1530
0.180, 0.170, 0.020,	1202, 340, 1542
0.190, 0.170, 0.020,	1202, 372, 1574
0.200, 0.170, 0.020,	1202, 380, 1582
0.180, 0.180, 0.020,	1202, 352, 1554
0.190, 0.180, 0.020,	1202, 384, 1586
0.200, 0.180, 0.020,	1202, 392, 1594
0.190, 0.190, 0.020,	1202, 396, 1598
0.200, 0.190, 0.020,	1202, 404, 1606
0.200, 0.200, 0.020,	1202, 412, 1614
0.030, 0.030, 0.030,	1202,  92, 1294
0.040, 0.030, 0.030,	1202,  92, 1294
0.050, 0.030, 0.030,	1202, 104, 1306
0.060, 0.030, 0.030,	1202, 112, 1314
0.070, 0.030, 0.030,	1202, 116, 1318
0.080, 0.030, 0.030,	1202, 132, 1334
0.090, 0.030, 0.030,	1202, 140, 1342
0.100, 0.030, 0.030,	1202, 148, 1350
0.110, 0.030, 0.030,	1202, 168, 1370
0.120, 0.030, 0.030,	1202, 180, 1382
0.130, 0.030, 0.030,	1202, 196, 1398
0.140, 0.030, 0.030,	1202, 212, 1414
0.150, 0.030, 0.030,	1202, 228, 1430
0.160, 0.030, 0.030,	1202, 248, 1450
0.170, 0.030, 0.030,	1202, 264, 1466
0.180, 0.030, 0.030,	1202, 276, 1478
0.190, 0.030, 0.030,	1202, 308, 1510
0.200, 0.030, 0.030,	1202, 316, 1518
0.040, 0.040, 0.030,	1202,  92, 1294
0.050, 0.040, 0.030,	1202, 104, 1306
0.060, 0.040, 0.030,	1202, 112, 1314
0.070, 0.040, 0.030,	1202, 116, 1318
0.080, 0.040, 0.030,	1202, 132, 1334
0.090, 0.040, 0.030,	1202, 140, 1342
0.100, 0.040, 0.030,	1202, 148, 1350
0.110, 0.040, 0.030,	1202, 168, 1370
0.120, 0.040, 0.030,	1202, 180, 1382
0.130, 0.040, 0.030,	1202, 196, 1398
0.140, 0.040, 0.030,	1202, 212, 1414
0.150, 0.040, 0.030,	1202, 228, 1430
0.160, 0.040, 0.030,	1202, 248, 1450
0.170, 0.040, 0.030,	1202, 264, 1466
0.180, 0.040, 0.030,	1202, 276, 1478
0.190, 0.040, 0.030,	1202, 308, 1510
0.200, 0.040, 0.030,	1202, 316, 1518
0.050, 0.050, 0.030,	1202, 112, 1314
0.060, 0.050, 0.030,	1202, 120, 1322
0.070, 0.050, 0.030,	1202, 124, 1326
0.080, 0.050, 0.030,	1202, 140, 1342
0.090, 0.050, 0.030,	1202, 148, 1350
0.100, 0.050, 0.030,	1202, 156, 1358
0.110, 0.050, 0.030,	1202, 176, 1378
0.120, 0.050, 0.030,	1202, 188, 1390
0.130, 0.050, 0.030,	1202, 204, 1406
0.140, 0.050, 0.030,	1202, 220, 1422
0.150, 0.050, 0.030,	1202, 236, 1438
0.160, 0.050, 0.030,	1202, 256, 1458
0.170, 0.050, 0.030,	1202, 272, 1474
0.180, 0.050, 0.030,	1202, 284, 1486
0.190, 0.050, 0.030,	1202, 316, 1518
0.200, 0.050, 0.030,	1202, 324, 1526
0.060, 0.060, 0.030,	1202, 124, 1326
0.070, 0.060, 0.030,	1202, 128, 1330
0.080, 0.060, 0.030,	1202, 144, 1346
0.090, 0.060, 0.030,	1202, 152, 1354
0.100, 0.060, 0.030,	1202, 160, 1362
0.110, 0.060, 0.030,	1202, 180, 1382
0.120, 0.060, 0.030,	1202, 192, 1394
0.130, 0.060, 0.030,	1202, 208, 1410
0.140, 0.060, 0.030,	1202, 224, 1426
0.150, 0.060, 0.030,	1202, 240, 1442
0.160, 0.060, 0.030,	1202, 260, 1462
0.170, 0.060, 0.030,	1202, 276, 1478
0.180, 0.060, 0.030,	1202, 288, 1490
0.190, 0.060, 0.030,	1202, 320, 1522
0.200, 0.060, 0.030,	1202, 328, 1530
0.070, 0.070, 0.030,	1202, 132, 1334
0.080, 0.070, 0.030,	1202, 148, 1350
0.090, 0.070, 0.030,	1202, 156, 1358
0.100, 0.070, 0.030,	1202, 164, 1366
0.110, 0.070, 0.030,	1202, 184, 1386
0.120, 0.070, 0.030,	1202, 196, 1398
0.130, 0.070, 0.030,	1202, 212, 1414
0.140, 0.070, 0.030,	1202, 228, 1430
0.150, 0.070, 0.030,	1202, 244, 1446
0.160, 0.070, 0.030,	1202, 264, 1466
0.170, 0.070, 0.030,	1202, 280, 1482
0.180, 0.070, 0.030,	1202, 292, 1494
0.190, 0.070, 0.030,	1202, 324, 1526
0.200, 0.070, 0.030,	1202, 332, 1534
0.080, 0.080, 0.030,	1202, 156, 1358
0.090, 0.080, 0.030,	1202, 164, 1366
0.100, 0.080, 0.030,	1202, 172, 1374
0.110, 0.080, 0.030,	1202, 192, 1394
0.120, 0.080, 0.030,	1202, 204, 1406
0.130, 0.080, 0.030,	1202, 220, 1422
0.140, 0.080, 0.030,	1202, 236, 1438
0.150, 0.080, 0.030,	1202, 252, 1454
0.160, 0.080, 0.030,	1202, 272, 1474
0.170, 0.080, 0.030,	1202, 288, 1490
0.180, 0.080, 0.030,	1202, 300, 1502
0.190, 0.080, 0.030,	1202, 332, 1534
0.200, 0.080, 0.030,	1202, 340, 1542
0.090, 0.090, 0.030,	1202, 168, 1370
0.100, 0.090, 0.030,	1202, 176, 1378
0.110, 0.090, 0.030,	1202, 196, 1398
0.120, 0.090, 0.030,	1202, 208, 1410
0.130, 0.090, 0.030,	1202, 224, 1426
0.140, 0.090, 0.030,	1202, 240, 1442
0.150, 0.090, 0.030,	1202, 256, 1458
0.160, 0.090, 0.030,	1202, 276, 1478
0.170, 0.090, 0.030,	1202, 292, 1494
0.180, 0.090, 0.030,	1202, 304, 1506
0.190, 0.090, 0.030,	1202, 336, 1538
0.200, 0.090, 0.030,	1202, 344, 1546
0.100, 0.100, 0.030,	1202, 184, 1386
0.110, 0.100, 0.030,	1202, 204, 1406
0.120, 0.100, 0.030,	1202, 216, 1418
0.130, 0.100, 0.030,	1202, 232, 1434
0.140, 0.100, 0.030,	1202, 248, 1450
0.150, 0.100, 0.030,	1202, 264, 1466
0.160, 0.100, 0.030,	1202, 284, 1486
0.170, 0.100, 0.030,	1202, 300, 1502
0.180, 0.100, 0.030,	1202, 312, 1514
0.190, 0.100, 0.030,	1202, 344, 1546
0.200, 0.100, 0.030,	1202, 352, 1554
0.110, 0.110, 0.030,	1202, 212, 1414
0.120, 0.110, 0.030,	1202, 224, 1426
0.130, 0.110, 0.030,	1202, 240, 1442
0.140, 0.110, 0.030,	1202, 256, 1458
0.150, 0.110, 0.030,	1202, 272, 1474
0.160, 0.110, 0.030,	1202, 292, 1494
0.170, 0.110, 0.030,	1202, 308, 1510
0.180, 0.110, 0.030,	1202, 320, 1522
0.190, 0.110, 0.030,	1202, 352, 1554
0.200, 0.110, 0.030,	1202, 360, 1562
0.120, 0.120, 0.030,	1202, 232, 1434
0.130, 0.120, 0.030,	1202, 248, 1450
0.140, 0.120, 0.030,	1202, 264, 1466
0.150, 0.120, 0.030,	1202, 280, 1482
0.160, 0.120, 0.030,	1202, 300, 1502
0.170, 0.120, 0.030,	1202, 316, 1518
0.180, 0.120, 0.030,	1202, 328, 1530
0.190, 0.120, 0.030,	1202, 360, 1562
0.200, 0.120, 0.030,	1202, 368, 1570
0.130, 0.130, 0.030,	1202, 256, 1458
0.140, 0.130, 0.030,	1202, 272, 1474
0.150, 0.130, 0.030,	1202, 288, 1490
0.160, 0.130, 0.030,	1202, 308, 1510
0.170, 0.130, 0.030,	1202, 324, 1526
0.180, 0.130, 0.030,	1202, 336, 1538
0.190, 0.130, 0.030,	1202, 368, 1570
0.200, 0.130, 0.030,	1202, 376, 1578
0.140, 0.140, 0.030,	1202, 280, 1482
0.150, 0.140, 0.030,	1202, 296, 1498
0.160, 0.140, 0.030,	1202, 316, 1518
0.170, 0.140, 0.030,	1202, 332, 1534
0.180, 0.140, 0.030,	1202, 344, 1546
0.190, 0.140, 0.030,	1202, 376, 1578
0.200, 0.140, 0.030,	1202, 384, 1586
0.150, 0.150, 0.030,	1202, 308, 1510
0.160, 0.150, 0.030,	1202, 328, 1530
0.170, 0.150, 0.030,	1202, 344, 1546
0.180, 0.150, 0.030,	1202, 356, 1558
0.190, 0.150, 0.030,	1202, 388, 1590
0.200, 0.150, 0.030,	1202, 396, 1598
0.160, 0.160, 0.030,	1202, 336, 1538
0.170, 0.160, 0.030,	1202, 352, 1554
0.180, 0.160, 0.030,	1202, 364, 1566
0.190, 0.160, 0.030,	1202, 396, 1598
0.200, 0.160, 0.030,	1202, 404, 1606
0.170, 0.170, 0.030,	1202, 360, 1562
0.180, 0.170, 0.030,	1202, 372, 1574
0.190, 0.170, 0.030,	1202, 404, 1606
0.200, 0.170, 0.030,	1202, 412, 1614
0.180, 0.180, 0.030,	1202, 384, 1586
0.190, 0.180, 0.030,	1202, 416, 1618
0.200, 0.180, 0.030,	1202, 424, 1626
0.190, 0.190, 0.030,	1202, 428, 1630
0.200, 0.190, 0.030,	1202, 436, 1638
0.200, 0.200, 0.030,	1202, 444, 1646
0.040, 0.040, 0.040,	1202,  92, 1294
0.050, 0.040, 0.040,	1202, 104, 1306
0.060, 0.040, 0.040,	1202, 112, 1314
0.070, 0.040, 0.040,	1202, 116, 1318
0.080, 0.040, 0.040,	1202, 132, 1334
0.090, 0.040, 0.040,	1202, 140, 1342
0.100, 0.040, 0.040,	1202, 148, 1350
0.110, 0.040, 0.040,	1202, 168, 1370
0.120, 0.040, 0.040,	1202, 180, 1382
0.130, 0.040, 0.040,	1202, 196, 1398
0.140, 0.040, 0.040,	1202, 212, 1414
0.150, 0.040, 0.040,	1202, 228, 1430
0.160, 0.040, 0.040,	1202, 248, 1450
0.170, 0.040, 0.040,	1202, 264, 1466
0.180, 0.040, 0.040,	1202, 276, 1478
0.190, 0.040, 0.040,	1202, 308, 1510
0.200, 0.040, 0.040,	1202, 316, 1518
0.050, 0.050, 0.040,	1202, 112, 1314
0.060, 0.050, 0.040,	1202, 120, 1322
0.070, 0.050, 0.040,	1202, 124, 1326
0.080, 0.050, 0.040,	1202, 140, 1342
0.090, 0.050, 0.040,	1202, 148, 1350
0.100, 0.050, 0.040,	1202, 156, 1358
0.110, 0.050, 0.040,	1202, 176, 1378
0.120, 0.050, 0.040,	1202, 188, 1390
0.130, 0.050, 0.040,	1202, 204, 1406
0.140, 0.050, 0.040,	1202, 220, 1422
0.150, 0.050, 0.040,	1202, 236, 1438
0.160, 0.050, 0.040,	1202, 256, 1458
0.170, 0.050, 0.040,	1202, 272, 1474
0.180, 0.050, 0.040,	1202, 284, 1486
0.190, 0.050, 0.040,	1202, 316, 1518
0.200, 0.050, 0.040,	1202, 324, 1526
0.060, 0.060, 0.040,	1202, 124, 1326
0.070, 0.060, 0.040,	1202, 128, 1330
0.080, 0.060, 0.040,	1202, 144, 1346
0.090, 0.060, 0.040,	1202, 152, 1354
0.100, 0.060, 0.040,	1202, 160, 1362
0.110, 0.060, 0.040,	1202, 180, 1382
0.120, 0.060, 0.040,	1202, 192, 1394
0.130, 0.060, 0.040,	1202, 208, 1410
0.140, 0.060, 0.040,	1202, 224, 1426
0.150, 0.060, 0.040,	1202, 240, 1442
0.160, 0.060, 0.040,	1202, 260, 1462
0.170, 0.060, 0.040,	1202, 276, 1478
0.180, 0.060, 0.040,	1202, 288, 1490
0.190, 0.060, 0.040,	1202, 320, 1522
0.200, 0.060, 0.040,	1202, 328, 1530
0.070, 0.070, 0.040,	1202, 132, 1334
0.080, 0.070, 0.040,	1202, 148, 1350
0.090, 0.070, 0.040,	1202, 156, 1358
0.100, 0.070, 0.040,	1202, 164, 1366
0.110, 0.070, 0.040,	1202, 184, 1386
0.120, 0.070, 0.040,	1202, 196, 1398
0.130, 0.070, 0.040,	1202, 212, 1414
0.140, 0.070, 0.040,	1202, 228, 1430
0.150, 0.070, 0.040,	1202, 244, 1446
0.160, 0.070, 0.040,	1202, 264, 1466
0.170, 0.070, 0.040,	1202, 280, 1482
0.180, 0.070, 0.040,	1202, 292, 1494
0.190, 0.070, 0.040,	1202, 324, 1526
0.200, 0.070, 0.040,	1202, 332, 1534
0.080, 0.080, 0.040,	1202, 156, 1358
0.090, 0.080, 0.040,	1202, 164, 1366
0.100, 0.080, 0.040,	1202, 172, 1374
0.110, 0.080, 0.040,	1202, 192, 1394
0.120, 0.080, 0.040,	1202, 204, 1406
0.130, 0.080, 0.040,	1202, 220, 1422
0.140, 0.080, 0.040,	1202, 236, 1438
0.150, 0.080, 0.040,	1202, 252, 1454
0.160, 0.080, 0.040,	1202, 272, 1474
0.170, 0.080, 0.040,	1202, 288, 1490
0.180, 0.080, 0.040,	1202, 300, 1502
0.190, 0.080, 0.040,	1202, 332, 1534
0.200, 0.080, 0.040,	1202, 340, 1542
0.090, 0.090, 0.040,	1202, 168, 1370
0.100, 0.090, 0.040,	1202, 176, 1378
0.110, 0.090, 0.040,	1202, 196, 1398
0.120, 0.090, 0.040,	1202, 208, 1410
0.130, 0.090, 0.040,	1202, 224, 1426
0.140, 0.090, 0.040,	1202, 240, 1442
0.150, 0.090, 0.040,	1202, 256, 1458
0.160, 0.090, 0.040,	1202, 276, 1478
0.170, 0.090, 0.040,	1202, 292, 1494
0.180, 0.090, 0.040,	1202, 304, 1506
0.190, 0.090, 0.040,	1202, 336, 1538
0.200, 0.090, 0.040,	1202, 344, 1546
0.100, 0.100, 0.040,	1202, 184, 1386
0.110, 0.100, 0.040,	1202, 204, 1406
0.120, 0.100, 0.040,	1202, 216, 1418
0.130, 0.100, 0.040,	1202, 232, 1434
0.140, 0.100, 0.040,	1202, 248, 1450
0.150, 0.100, 0.040,	1202, 264, 1466
0.160, 0.100, 0.040,	1202, 284, 1486
0.170, 0.100, 0.040,	1202, 300, 1502
0.180, 0.100, 0.040,	1202, 312, 1514
0.190, 0.100, 0.040,	1202, 344, 1546
0.200, 0.100, 0.040,	1202, 352, 1554
0.110, 0.110, 0.040,	1202, 212, 1414
0.120, 0.110, 0.040,	1202, 224, 1426
0.130, 0.110, 0.040,	1202, 240, 1442
0.140, 0.110, 0.040,	1202, 256, 1458
0.150, 0.110, 0.040,	1202, 272, 1474
0.160, 0.110, 0.040,	1202, 292, 1494
0.170, 0.110, 0.040,	1202, 308, 1510
0.180, 0.110, 0.040,	1202, 320, 1522
0.190, 0.110, 0.040,	1202, 352, 1554
0.200, 0.110, 0.040,	1202, 360, 1562
0.120, 0.120, 0.040,	1202, 232, 1434
0.130, 0.120, 0.040,	1202, 248, 1450
0.140, 0.120, 0.040,	1202, 264, 1466
0.150, 0.120, 0.040,	1202, 280, 1482
0.160, 0.120, 0.040,	1202, 300, 1502
0.170, 0.120, 0.040,	1202, 316, 1518
0.180, 0.120, 0.040,	1202, 328, 1530
0.190, 0.120, 0.040,	1202, 360, 1562
0.200, 0.120, 0.040,	1202, 368, 1570
0.130, 0.130, 0.040,	1202, 256, 1458
0.140, 0.130, 0.040,	1202, 272, 1474
0.150, 0.130, 0.040,	1202, 288, 1490
0.160, 0.130, 0.040,	1202, 308, 1510
0.170, 0.130, 0.040,	1202, 324, 1526
0.180, 0.130, 0.040,	1202, 336, 1538
0.190, 0.130, 0.040,	1202, 368, 1570
0.200, 0.130, 0.040,	1202, 376, 1578
0.140, 0.140, 0.040,	1202, 280, 1482
0.150, 0.140, 0.040,	1202, 296, 1498
0.160, 0.140, 0.040,	1202, 316, 1518
0.170, 0.140, 0.040,	1202, 332, 1534
0.180, 0.140, 0.040,	1202, 344, 1546
0.190, 0.140, 0.040,	1202, 376, 1578
0.200, 0.140, 0.040,	1202, 384, 1586
0.150, 0.150, 0.040,	1202, 308, 1510
0.160, 0.150, 0.040,	1202, 328, 1530
0.170, 0.150, 0.040,	1202, 344, 1546
0.180, 0.150, 0.040,	1202, 356, 1558
0.190, 0.150, 0.040,	1202, 388, 1590
0.200, 0.150, 0.040,	1202, 396, 1598
0.160, 0.160, 0.040,	1202, 336, 1538
0.170, 0.160, 0.040,	1202, 352, 1554
0.180, 0.160, 0.040,	1202, 364, 1566
0.190, 0.160, 0.040,	1202, 396, 1598
0.200, 0.160, 0.040,	1202, 404, 1606
0.170, 0.170, 0.040,	1202, 360, 1562
0.180, 0.170, 0.040,	1202, 372, 1574
0.190, 0.170, 0.040,	1202, 404, 1606
0.200, 0.170, 0.040,	1202, 412, 1614
0.180, 0.180, 0.040,	1202, 384, 1586
0.190, 0.180, 0.040,	1202, 416, 1618
0.200, 0.180, 0.040,	1202, 424, 1626
0.190, 0.190, 0.040,	1202, 428, 1630
0.200, 0.190, 0.040,	1202, 436, 1638
0.200, 0.200, 0.040,	1202, 444, 1646
0.050, 0.050, 0.050,	1202, 160, 1362
0.060, 0.050, 0.050,	1202, 168, 1370
0.070, 0.050, 0.050,	1202, 172, 1374
0.080, 0.050, 0.050,	1202, 188, 1390
0.090, 0.050, 0.050,	1202, 196, 1398
0.100, 0.050, 0.050,	1202, 204, 1406
0.110, 0.050, 0.050,	1202, 224, 1426
0.120, 0.050, 0.050,	1202, 236, 1438
0.130, 0.050, 0.050,	1202, 252, 1454
0.140, 0.050, 0.050,	1202, 268, 1470
0.150, 0.050, 0.050,	1202, 284, 1486
0.160, 0.050, 0.050,	1202, 304, 1506
0.170, 0.050, 0.050,	1202, 320, 1522
0.180, 0.050, 0.050,	1202, 332, 1534
0.190, 0.050, 0.050,	1202, 364, 1566
0.200, 0.050, 0.050,	1202, 372, 1574
0.060, 0.060, 0.050,	1202, 172, 1374
0.070, 0.060, 0.050,	1202, 176, 1378
0.080, 0.060, 0.050,	1202, 192, 1394
0.090, 0.060, 0.050,	1202, 200, 1402
0.100, 0.060, 0.050,	1202, 208, 1410
0.110, 0.060, 0.050,	1202, 228, 1430
0.120, 0.060, 0.050,	1202, 240, 1442
0.130, 0.060, 0.050,	1202, 256, 1458
0.140, 0.060, 0.050,	1202, 272, 1474
0.150, 0.060, 0.050,	1202, 288, 1490
0.160, 0.060, 0.050,	1202, 308, 1510
0.170, 0.060, 0.050,	1202, 324, 1526
0.180, 0.060, 0.050,	1202, 336, 1538
0.190, 0.060, 0.050,	1202, 368, 1570
0.200, 0.060, 0.050,	1202, 376, 1578
0.070, 0.070, 0.050,	1202, 180, 1382
0.080, 0.070, 0.050,	1202, 196, 1398
0.090, 0.070, 0.050,	1202, 204, 1406
0.100, 0.070, 0.050,	1202, 212, 1414
0.110, 0.070, 0.050,	1202, 232, 1434
0.120, 0.070, 0.050,	1202, 244, 1446
0.130, 0.070, 0.050,	1202, 260, 1462
0.140, 0.070, 0.050,	1202, 276, 1478
0.150, 0.070, 0.050,	1202, 292, 1494
0.160, 0.070, 0.050,	1202, 312, 1514
0.170, 0.070, 0.050,	1202, 328, 1530
0.180, 0.070, 0.050,	1202, 340, 1542
0.190, 0.070, 0.050,	1202, 372, 1574
0.200, 0.070, 0.050,	1202, 380, 1582
0.080, 0.080, 0.050,	1202, 204, 1406
0.090, 0.080, 0.050,	1202, 212, 1414
0.100, 0.080, 0.050,	1202, 220, 1422
0.110, 0.080, 0.050,	1202, 240, 1442
0.120, 0.080, 0.050,	1202, 252, 1454
0.130, 0.080, 0.050,	1202, 268, 1470
0.140, 0.080, 0.050,	1202, 284, 1486
0.150, 0.080, 0.050,	1202, 300, 1502
0.160, 0.080, 0.050,	1202, 320, 1522
0.170, 0.080, 0.050,	1202, 336, 1538
0.180, 0.080, 0.050,	1202, 348, 1550
0.190, 0.080, 0.050,	1202, 380, 1582
0.200, 0.080, 0.050,	1202, 388, 1590
0.090, 0.090, 0.050,	1202, 216, 1418
0.100, 0.090, 0.050,	1202, 224, 1426
0.110, 0.090, 0.050,	1202, 244, 1446
0.120, 0.090, 0.050,	1202, 256, 1458
0.130, 0.090, 0.050,	1202, 272, 1474
0.140, 0.090, 0.050,	1202, 288, 1490
0.150, 0.090, 0.050,	1202, 304, 1506
0.160, 0.090, 0.050,	1202, 324, 1526
0.170, 0.090, 0.050,	1202, 340, 1542
0.180, 0.090, 0.050,	1202, 352, 1554
0.190, 0.090, 0.050,	1202, 384, 1586
0.200, 0.090, 0.050,	1202, 392, 1594
0.100, 0.100, 0.050,	1202, 232, 1434
0.110, 0.100, 0.050,	1202, 252, 1454
0.120, 0.100, 0.050,	1202, 264, 1466
0.130, 0.100, 0.050,	1202, 280, 1482
0.140, 0.100, 0.050,	1202, 296, 1498
0.150, 0.100, 0.050,	1202, 312, 1514
0.160, 0.100, 0.050,	1202, 332, 1534
0.170, 0.100, 0.050,	1202, 348, 1550
0.180, 0.100, 0.050,	1202, 360, 1562
0.190, 0.100, 0.050,	1202, 392, 1594
0.200, 0.100, 0.050,	1202, 400, 1602
0.110, 0.110, 0.050,	1202, 260, 1462
0.120, 0.110, 0.050,	1202, 272, 1474
0.130, 0.110, 0.050,	1202, 288, 1490
0.140, 0.110, 0.050,	1202, 304, 1506
0.150, 0.110, 0.050,	1202, 320, 1522
0.160, 0.110, 0.050,	1202, 340, 1542
0.170, 0.110, 0.050,	1202, 356, 1558
0.180, 0.110, 0.050,	1202, 368, 1570
0.190, 0.110, 0.050,	1202, 400, 1602
0.200, 0.110, 0.050,	1202, 408, 1610
0.120, 0.120, 0.050,	1202, 280, 1482
0.130, 0.120, 0.050,	1202, 296, 1498
0.140, 0.120, 0.050,	1202, 312, 1514
0.150, 0.120, 0.050,	1202, 328, 1530
0.160, 0.120, 0.050,	1202, 348, 1550
0.170, 0.120, 0.050,	1202, 364, 1566
0.180, 0.120, 0.050,	1202, 376, 1578
0.190, 0.120, 0.050,	1202, 408, 1610
0.200, 0.120, 0.050,	1202, 416, 1618
0.130, 0.130, 0.050,	1202, 304, 1506
0.140, 0.130, 0.050,	1202, 320, 1522
0.150, 0.130, 0.050,	1202, 336, 1538
0.160, 0.130, 0.050,	1202, 356, 1558
0.170, 0.130, 0.050,	1202, 372, 1574
0.180, 0.130, 0.050,	1202, 384, 1586
0.190, 0.130, 0.050,	1202, 416, 1618
0.200, 0.130, 0.050,	1202, 424, 1626
0.140, 0.140, 0.050,	1202, 328, 1530
0.150, 0.140, 0.050,	1202, 344, 1546
0.160, 0.140, 0.050,	1202, 364, 1566
0.170, 0.140, 0.050,	1202, 380, 1582
0.180, 0.140, 0.050,	1202, 392, 1594
0.190, 0.140, 0.050,	1202, 424, 1626
0.200, 0.140, 0.050,	1202, 432, 1634
0.150, 0.150, 0.050,	1202, 356, 1558
0.160, 0.150, 0.050,	1202, 376, 1578
0.170, 0.150, 0.050,	1202, 392, 1594
0.180, 0.150, 0.050,	1202, 404, 1606
0.190, 0.150, 0.050,	1202, 436, 1638
0.200, 0.150, 0.050,	1202, 444, 1646
0.160, 0.160, 0.050,	1202, 384, 1586
0.170, 0.160, 0.050,	1202, 400, 1602
0.180, 0.160, 0.050,	1202, 412, 1614
0.190, 0.160, 0.050,	1202, 444, 1646
0.200, 0.160, 0.050,	1202, 452, 1654
0.170, 0.170, 0.050,	1202, 408, 1610
0.180, 0.170, 0.050,	1202, 420, 1622
0.190, 0.170, 0.050,	1202, 452, 1654
0.200, 0.170, 0.050,	1202, 460, 1662
0.180, 0.180, 0.050,	1202, 432, 1634
0.190, 0.180, 0.050,	1202, 464, 1666
0.200, 0.180, 0.050,	1202, 472, 1674
0.190, 0.190, 0.050,	1202, 476, 1678
0.200, 0.190, 0.050,	1202, 484, 1686
0.200, 0.200, 0.050,	1202, 492, 1694
0.060, 0.060, 0.060,	1202, 204, 1406
0.070, 0.060, 0.060,	1202, 208, 1410
0.080, 0.060, 0.060,	1202, 224, 1426
0.090, 0.060, 0.060,	1202, 232, 1434
0.100, 0.060, 0.060,	1202, 240, 1442
0.110, 0.060, 0.060,	1202, 260, 1462
0.120, 0.060, 0.060,	1202, 272, 1474
0.130, 0.060, 0.060,	1202, 288, 1490
0.140, 0.060, 0.060,	1202, 304, 1506
0.150, 0.060, 0.060,	1202, 320, 1522
0.160, 0.060, 0.060,	1202, 340, 1542
0.170, 0.060, 0.060,	1202, 356, 1558
0.180, 0.060, 0.060,	1202, 368, 1570
0.190, 0.060, 0.060,	1202, 400, 1602
0.200, 0.060, 0.060,	1202, 408, 1610
0.070, 0.070, 0.060,	1202, 212, 1414
0.080, 0.070, 0.060,	1202, 228, 1430
0.090, 0.070, 0.060,	1202, 236, 1438
0.100, 0.070, 0.060,	1202, 244, 1446
0.110, 0.070, 0.060,	1202, 264, 1466
0.120, 0.070, 0.060,	1202, 276, 1478
0.130, 0.070, 0.060,	1202, 292, 1494
0.140, 0.070, 0.060,	1202, 308, 1510
0.150, 0.070, 0.060,	1202, 324, 1526
0.160, 0.070, 0.060,	1202, 344, 1546
0.170, 0.070, 0.060,	1202, 360, 1562
0.180, 0.070, 0.060,	1202, 372, 1574
0.190, 0.070, 0.060,	1202, 404, 1606
0.200, 0.070, 0.060,	1202, 412, 1614
0.080, 0.080, 0.060,	1202, 236, 1438
0.090, 0.080, 0.060,	1202, 244, 1446
0.100, 0.080, 0.060,	1202, 252, 1454
0.110, 0.080, 0.060,	1202, 272, 1474
0.120, 0.080, 0.060,	1202, 284, 1486
0.130, 0.080, 0.060,	1202, 300, 1502
0.140, 0.080, 0.060,	1202, 316, 1518
0.150, 0.080, 0.060,	1202, 332, 1534
0.160, 0.080, 0.060,	1202, 352, 1554
0.170, 0.080, 0.060,	1202, 368, 1570
0.180, 0.080, 0.060,	1202, 380, 1582
0.190, 0.080, 0.060,	1202, 412, 1614
0.200, 0.080, 0.060,	1202, 420, 1622
0.090, 0.090, 0.060,	1202, 248, 1450
0.100, 0.090, 0.060,	1202, 256, 1458
0.110, 0.090, 0.060,	1202, 276, 1478
0.120, 0.090, 0.060,	1202, 288, 1490
0.130, 0.090, 0.060,	1202, 304, 1506
0.140, 0.090, 0.060,	1202, 320, 1522
0.150, 0.090, 0.060,	1202, 336, 1538
0.160, 0.090, 0.060,	1202, 356, 1558
0.170, 0.090, 0.060,	1202, 372, 1574
0.180, 0.090, 0.060,	1202, 384, 1586
0.190, 0.090, 0.060,	1202, 416, 1618
0.200, 0.090, 0.060,	1202, 424, 1626
0.100, 0.100, 0.060,	1202, 264, 1466
0.110, 0.100, 0.060,	1202, 284, 1486
0.120, 0.100, 0.060,	1202, 296, 1498
0.130, 0.100, 0.060,	1202, 312, 1514
0.140, 0.100, 0.060,	1202, 328, 1530
0.150, 0.100, 0.060,	1202, 344, 1546
0.160, 0.100, 0.060,	1202, 364, 1566
0.170, 0.100, 0.060,	1202, 380, 1582
0.180, 0.100, 0.060,	1202, 392, 1594
0.190, 0.100, 0.060,	1202, 424, 1626
0.200, 0.100, 0.060,	1202, 432, 1634
0.110, 0.110, 0.060,	1202, 292, 1494
0.120, 0.110, 0.060,	1202, 304, 1506
0.130, 0.110, 0.060,	1202, 320, 1522
0.140, 0.110, 0.060,	1202, 336, 1538
0.150, 0.110, 0.060,	1202, 352, 1554
0.160, 0.110, 0.060,	1202, 372, 1574
0.170, 0.110, 0.060,	1202, 388, 1590
0.180, 0.110, 0.060,	1202, 400, 1602
0.190, 0.110, 0.060,	1202, 432, 1634
0.200, 0.110, 0.060,	1202, 440, 1642
0.120, 0.120, 0.060,	1202, 312, 1514
0.130, 0.120, 0.060,	1202, 328, 1530
0.140, 0.120, 0.060,	1202, 344, 1546
0.150, 0.120, 0.060,	1202, 360, 1562
0.160, 0.120, 0.060,	1202, 380, 1582
0.170, 0.120, 0.060,	1202, 396, 1598
0.180, 0.120, 0.060,	1202, 408, 1610
0.190, 0.120, 0.060,	1202, 440, 1642
0.200, 0.120, 0.060,	1202, 448, 1650
0.130, 0.130, 0.060,	1202, 336, 1538
0.140, 0.130, 0.060,	1202, 352, 1554
0.150, 0.130, 0.060,	1202, 368, 1570
0.160, 0.130, 0.060,	1202, 388, 1590
0.170, 0.130, 0.060,	1202, 404, 1606
0.180, 0.130, 0.060,	1202, 416, 1618
0.190, 0.130, 0.060,	1202, 448, 1650
0.200, 0.130, 0.060,	1202, 456, 1658
0.140, 0.140, 0.060,	1202, 360, 1562
0.150, 0.140, 0.060,	1202, 376, 1578
0.160, 0.140, 0.060,	1202, 396, 1598
0.170, 0.140, 0.060,	1202, 412, 1614
0.180, 0.140, 0.060,	1202, 424, 1626
0.190, 0.140, 0.060,	1202, 456, 1658
0.200, 0.140, 0.060,	1202, 464, 1666
0.150, 0.150, 0.060,	1202, 388, 1590
0.160, 0.150, 0.060,	1202, 408, 1610
0.170, 0.150, 0.060,	1202, 424, 1626
0.180, 0.150, 0.060,	1202, 436, 1638
0.190, 0.150, 0.060,	1202, 468, 1670
0.200, 0.150, 0.060,	1202, 476, 1678
0.160, 0.160, 0.060,	1202, 416, 1618
0.170, 0.160, 0.060,	1202, 432, 1634
0.180, 0.160, 0.060,	1202, 444, 1646
0.190, 0.160, 0.060,	1202, 476, 1678
0.200, 0.160, 0.060,	1202, 484, 1686
0.170, 0.170, 0.060,	1202, 440, 1642
0.180, 0.170, 0.060,	1202, 452, 1654
0.190, 0.170, 0.060,	1202, 484, 1686
0.200, 0.170, 0.060,	1202, 492, 1694
0.180, 0.180, 0.060,	1202, 464, 1666
0.190, 0.180, 0.060,	1202, 496, 1698
0.200, 0.180, 0.060,	1202, 504, 1706
0.190, 0.190, 0.060,	1202, 508, 1710
0.200, 0.190, 0.060,	1202, 516, 1718
0.200, 0.200, 0.060,	1202, 524, 1726
0.070, 0.070, 0.070,	1202, 228, 1430
0.080, 0.070, 0.070,	1202, 244, 1446
0.090, 0.070, 0.070,	1202, 252, 1454
0.100, 0.070, 0.070,	1202, 260, 1462
0.110, 0.070, 0.070,	1202, 280, 1482
0.120, 0.070, 0.070,	1202, 292, 1494
0.130, 0.070, 0.070,	1202, 308, 1510
0.140, 0.070, 0.070,	1202, 324, 1526
0.150, 0.070, 0.070,	1202, 340, 1542
0.160, 0.070, 0.070,	1202, 360, 1562
0.170, 0.070, 0.070,	1202, 376, 1578
0.180, 0.070, 0.070,	1202, 388, 1590
0.190, 0.070, 0.070,	1202, 420, 1622
0.200, 0.070, 0.070,	1202, 428, 1630
0.080, 0.080, 0.070,	1202, 252, 1454
0.090, 0.080, 0.070,	1202, 260, 1462
0.100, 0.080, 0.070,	1202, 268, 1470
0.110, 0.080, 0.070,	1202, 288, 1490
0.120, 0.080, 0.070,	1202, 300, 1502
0.130, 0.080, 0.070,	1202, 316, 1518
0.140, 0.080, 0.070,	1202, 332, 1534
0.150, 0.080, 0.070,	1202, 348, 1550
0.160, 0.080, 0.070,	1202, 368, 1570
0.170, 0.080, 0.070,	1202, 384, 1586
0.180, 0.080, 0.070,	1202, 396, 1598
0.190, 0.080, 0.070,	1202, 428, 1630
0.200, 0.080, 0.070,	1202, 436, 1638
0.090, 0.090, 0.070,	1202, 264, 1466
0.100, 0.090, 0.070,	1202, 272, 1474
0.110, 0.090, 0.070,	1202, 292, 1494
0.120, 0.090, 0.070,	1202, 304, 1506
0.130, 0.090, 0.070,	1202, 320, 1522
0.140, 0.090, 0.070,	1202, 336, 1538
0.150, 0.090, 0.070,	1202, 352, 1554
0.160, 0.090, 0.070,	1202, 372, 1574
0.170, 0.090, 0.070,	1202, 388, 1590
0.180, 0.090, 0.070,	1202, 400, 1602
0.190, 0.090, 0.070,	1202, 432, 1634
0.200, 0.090, 0.070,	1202, 440, 1642
0.100, 0.100, 0.070,	1202, 280, 1482
0.110, 0.100, 0.070,	1202, 300, 1502
0.120, 0.100, 0.070,	1202, 312, 1514
0.130, 0.100, 0.070,	1202, 328, 1530
0.140, 0.100, 0.070,	1202, 344, 1546
0.150, 0.100, 0.070,	1202, 360, 1562
0.160, 0.100, 0.070,	1202, 380, 1582
0.170, 0.100, 0.070,	1202, 396, 1598
0.180, 0.100, 0.070,	1202, 408, 1610
0.190, 0.100, 0.070,	1202, 440, 1642
0.200, 0.100, 0.070,	1202, 448, 1650
0.110, 0.110, 0.070,	1202, 308, 1510
0.120, 0.110, 0.070,	1202, 320, 1522
0.130, 0.110, 0.070,	1202, 336, 1538
0.140, 0.110, 0.070,	1202, 352, 1554
0.150, 0.110, 0.070,	1202, 368, 1570
0.160, 0.110, 0.070,	1202, 388, 1590
0.170, 0.110, 0.070,	1202, 404, 1606
0.180, 0.110, 0.070,	1202, 416, 1618
0.190, 0.110, 0.070,	1202, 448, 1650
0.200, 0.110, 0.070,	1202, 456, 1658
0.120, 0.120, 0.070,	1202, 328, 1530
0.130, 0.120, 0.070,	1202, 344, 1546
0.140, 0.120, 0.070,	1202, 360, 1562
0.150, 0.120, 0.070,	1202, 376, 1578
0.160, 0.120, 0.070,	1202, 396, 1598
0.170, 0.120, 0.070,	1202, 412, 1614
0.180, 0.120, 0.070,	1202, 424, 1626
0.190, 0.120, 0.070,	1202, 456, 1658
0.200, 0.120, 0.070,	1202, 464, 1666
0.130, 0.130, 0.070,	1202, 352, 1554
0.140, 0.130, 0.070,	1202, 368, 1570
0.150, 0.130, 0.070,	1202, 384, 1586
0.160, 0.130, 0.070,	1202, 404, 1606
0.170, 0.130, 0.070,	1202, 420, 1622
0.180, 0.130, 0.070,	1202, 432, 1634
0.190, 0.130, 0.070,	1202, 464, 1666
0.200, 0.130, 0.070,	1202, 472, 1674
0.140, 0.140, 0.070,	1202, 376, 1578
0.150, 0.140, 0.070,	1202, 392, 1594
0.160, 0.140, 0.070,	1202, 412, 1614
0.170, 0.140, 0.070,	1202, 428, 1630
0.180, 0.140, 0.070,	1202, 440, 1642
0.190, 0.140, 0.070,	1202, 472, 1674
0.200, 0.140, 0.070,	1202, 480, 1682
0.150, 0.150, 0.070,	1202, 404, 1606
0.160, 0.150, 0.070,	1202, 424, 1626
0.170, 0.150, 0.070,	1202, 440, 1642
0.180, 0.150, 0.070,	1202, 452, 1654
0.190, 0.150, 0.070,	1202, 484, 1686
0.200, 0.150, 0.070,	1202, 492, 1694
0.160, 0.160, 0.070,	1202, 432, 1634
0.170, 0.160, 0.070,	1202, 448, 1650
0.180, 0.160, 0.070,	1202, 460, 1662
0.190, 0.160, 0.070,	1202, 492, 1694
0.200, 0.160, 0.070,	1202, 500, 1702
0.170, 0.170, 0.070,	1202, 456, 1658
0.180, 0.170, 0.070,	1202, 468, 1670
0.190, 0.170, 0.070,	1202, 500, 1702
0.200, 0.170, 0.070,	1202, 508, 1710
0.180, 0.180, 0.070,	1202, 480, 1682
0.190, 0.180, 0.070,	1202, 512, 1714
0.200, 0.180, 0.070,	1202, 520, 1722
0.190, 0.190, 0.070,	1202, 524, 1726
0.200, 0.190, 0.070,	1202, 532, 1734
0.200, 0.200, 0.070,	1202, 540, 1742
0.080, 0.080, 0.080,	1202, 316, 1518
0.090, 0.080, 0.080,	1202, 324, 1526
0.100, 0.080, 0.080,	1202, 332, 1534
0.110, 0.080, 0.080,	1202, 352, 1554
0.120, 0.080, 0.080,	1202, 364, 1566
0.130, 0.080, 0.080,	1202, 380, 1582
0.140, 0.080, 0.080,	1202, 396, 1598
0.150, 0.080, 0.080,	1202, 412, 1614
0.160, 0.080, 0.080,	1202, 432, 1634
0.170, 0.080, 0.080,	1202, 448, 1650
0.180, 0.080, 0.080,	1202, 460, 1662
0.190, 0.080, 0.080,	1202, 492, 1694
0.200, 0.080, 0.080,	1202, 500, 1702
0.090, 0.090, 0.080,	1202, 328, 1530
0.100, 0.090, 0.080,	1202, 336, 1538
0.110, 0.090, 0.080,	1202, 356, 1558
0.120, 0.090, 0.080,	1202, 368, 1570
0.130, 0.090, 0.080,	1202, 384, 1586
0.140, 0.090, 0.080,	1202, 400, 1602
0.150, 0.090, 0.080,	1202, 416, 1618
0.160, 0.090, 0.080,	1202, 436, 1638
0.170, 0.090, 0.080,	1202, 452, 1654
0.180, 0.090, 0.080,	1202, 464, 1666
0.190, 0.090, 0.080,	1202, 496, 1698
0.200, 0.090, 0.080,	1202, 504, 1706
0.100, 0.100, 0.080,	1202, 344, 1546
0.110, 0.100, 0.080,	1202, 364, 1566
0.120, 0.100, 0.080,	1202, 376, 1578
0.130, 0.100, 0.080,	1202, 392, 1594
0.140, 0.100, 0.080,	1202, 408, 1610
0.150, 0.100, 0.080,	1202, 424, 1626
0.160, 0.100, 0.080,	1202, 444, 1646
0.170, 0.100, 0.080,	1202, 460, 1662
0.180, 0.100, 0.080,	1202, 472, 1674
0.190, 0.100, 0.080,	1202, 504, 1706
0.200, 0.100, 0.080,	1202, 512, 1714
0.110, 0.110, 0.080,	1202, 372, 1574
0.120, 0.110, 0.080,	1202, 384, 1586
0.130, 0.110, 0.080,	1202, 400, 1602
0.140, 0.110, 0.080,	1202, 416, 1618
0.150, 0.110, 0.080,	1202, 432, 1634
0.160, 0.110, 0.080,	1202, 452, 1654
0.170, 0.110, 0.080,	1202, 468, 1670
0.180, 0.110, 0.080,	1202, 480, 1682
0.190, 0.110, 0.080,	1202, 512, 1714
0.200, 0.110, 0.080,	1202, 520, 1722
0.120, 0.120, 0.080,	1202, 392, 1594
0.130, 0.120, 0.080,	1202, 408, 1610
0.140, 0.120, 0.080,	1202, 424, 1626
0.150, 0.120, 0.080,	1202, 440, 1642
0.160, 0.120, 0.080,	1202, 460, 1662
0.170, 0.120, 0.080,	1202, 476, 1678
0.180, 0.120, 0.080,	1202, 488, 1690
0.190, 0.120, 0.080,	1202, 520, 1722
0.200, 0.120, 0.080,	1202, 528, 1730
0.130, 0.130, 0.080,	1202, 416, 1618
0.140, 0.130, 0.080,	1202, 432, 1634
0.150, 0.130, 0.080,	1202, 448, 1650
0.160, 0.130, 0.080,	1202, 468, 1670
0.170, 0.130, 0.080,	1202, 484, 1686
0.180, 0.130, 0.080,	1202, 496, 1698
0.190, 0.130, 0.080,	1202, 528, 1730
0.200, 0.130, 0.080,	1202, 536, 1738
0.140, 0.140, 0.080,	1202, 440, 1642
0.150, 0.140, 0.080,	1202, 456, 1658
0.160, 0.140, 0.080,	1202, 476, 1678
0.170, 0.140, 0.080,	1202, 492, 1694
0.180, 0.140, 0.080,	1202, 504, 1706
0.190, 0.140, 0.080,	1202, 536, 1738
0.200, 0.140, 0.080,	1202, 544, 1746
0.150, 0.150, 0.080,	1202, 468, 1670
0.160, 0.150, 0.080,	1202, 488, 1690
0.170, 0.150, 0.080,	1202, 504, 1706
0.180, 0.150, 0.080,	1202, 516, 1718
0.190, 0.150, 0.080,	1202, 548, 1750
0.200, 0.150, 0.080,	1202, 556, 1758
0.160, 0.160, 0.080,	1202, 496, 1698
0.170, 0.160, 0.080,	1202, 512, 1714
0.180, 0.160, 0.080,	1202, 524, 1726
0.190, 0.160, 0.080,	1202, 556, 1758
0.200, 0.160, 0.080,	1202, 564, 1766
0.170, 0.170, 0.080,	1202, 520, 1722
0.180, 0.170, 0.080,	1202, 532, 1734
0.190, 0.170, 0.080,	1202, 564, 1766
0.200, 0.170, 0.080,	1202, 572, 1774
0.180, 0.180, 0.080,	1202, 544, 1746
0.190, 0.180, 0.080,	1202, 576, 1778
0.200, 0.180, 0.080,	1202, 584, 1786
0.190, 0.190, 0.080,	1202, 588, 1790
0.200, 0.190, 0.080,	1202, 596, 1798
0.200, 0.200, 0.080,	1202, 604, 1806
0.090, 0.090, 0.090,	1202, 360, 1562
0.100, 0.090, 0.090,	1202, 368, 1570
0.110, 0.090, 0.090,	1202, 388, 1590
0.120, 0.090, 0.090,	1202, 400, 1602
0.130, 0.090, 0.090,	1202, 416, 1618
0.140, 0.090, 0.090,	1202, 432, 1634
0.150, 0.090, 0.090,	1202, 448, 1650
0.160, 0.090, 0.090,	1202, 468, 1670
0.170, 0.090, 0.090,	1202, 484, 1686
0.180, 0.090, 0.090,	1202, 496, 1698
0.190, 0.090, 0.090,	1202, 528, 1730
0.200, 0.090, 0.090,	1202, 536, 1738
0.100, 0.100, 0.090,	1202, 376, 1578
0.110, 0.100, 0.090,	1202, 396, 1598
0.120, 0.100, 0.090,	1202, 408, 1610
0.130, 0.100, 0.090,	1202, 424, 1626
0.140, 0.100, 0.090,	1202, 440, 1642
0.150, 0.100, 0.090,	1202, 456, 1658
0.160, 0.100, 0.090,	1202, 476, 1678
0.170, 0.100, 0.090,	1202, 492, 1694
0.180, 0.100, 0.090,	1202, 504, 1706
0.190, 0.100, 0.090,	1202, 536, 1738
0.200, 0.100, 0.090,	1202, 544, 1746
0.110, 0.110, 0.090,	1202, 404, 1606
0.120, 0.110, 0.090,	1202, 416, 1618
0.130, 0.110, 0.090,	1202, 432, 1634
0.140, 0.110, 0.090,	1202, 448, 1650
0.150, 0.110, 0.090,	1202, 464, 1666
0.160, 0.110, 0.090,	1202, 484, 1686
0.170, 0.110, 0.090,	1202, 500, 1702
0.180, 0.110, 0.090,	1202, 512, 1714
0.190, 0.110, 0.090,	1202, 544, 1746
0.200, 0.110, 0.090,	1202, 552, 1754
0.120, 0.120, 0.090,	1202, 424, 1626
0.130, 0.120, 0.090,	1202, 440, 1642
0.140, 0.120, 0.090,	1202, 456, 1658
0.150, 0.120, 0.090,	1202, 472, 1674
0.160, 0.120, 0.090,	1202, 492, 1694
0.170, 0.120, 0.090,	1202, 508, 1710
0.180, 0.120, 0.090,	1202, 520, 1722
0.190, 0.120, 0.090,	1202, 552, 1754
0.200, 0.120, 0.090,	1202, 560, 1762
0.130, 0.130, 0.090,	1202, 448, 1650
0.140, 0.130, 0.090,	1202, 464, 1666
0.150, 0.130, 0.090,	1202, 480, 1682
0.160, 0.130, 0.090,	1202, 500, 1702
0.170, 0.130, 0.090,	1202, 516, 1718
0.180, 0.130, 0.090,	1202, 528, 1730
0.190, 0.130, 0.090,	1202, 560, 1762
0.200, 0.130, 0.090,	1202, 568, 1770
0.140, 0.140, 0.090,	1202, 472, 1674
0.150, 0.140, 0.090,	1202, 488, 1690
0.160, 0.140, 0.090,	1202, 508, 1710
0.170, 0.140, 0.090,	1202, 524, 1726
0.180, 0.140, 0.090,	1202, 536, 1738
0.190, 0.140, 0.090,	1202, 568, 1770
0.200, 0.140, 0.090,	1202, 576, 1778
0.150, 0.150, 0.090,	1202, 500, 1702
0.160, 0.150, 0.090,	1202, 520, 1722
0.170, 0.150, 0.090,	1202, 536, 1738
0.180, 0.150, 0.090,	1202, 548, 1750
0.190, 0.150, 0.090,	1202, 580, 1782
0.200, 0.150, 0.090,	1202, 588, 1790
0.160, 0.160, 0.090,	1202, 528, 1730
0.170, 0.160, 0.090,	1202, 544, 1746
0.180, 0.160, 0.090,	1202, 556, 1758
0.190, 0.160, 0.090,	1202, 588, 1790
0.200, 0.160, 0.090,	1202, 596, 1798
0.170, 0.170, 0.090,	1202, 552, 1754
0.180, 0.170, 0.090,	1202, 564, 1766
0.190, 0.170, 0.090,	1202, 596, 1798
0.200, 0.170, 0.090,	1202, 604, 1806
0.180, 0.180, 0.090,	1202, 576, 1778
0.190, 0.180, 0.090,	1202, 608, 1810
0.200, 0.180, 0.090,	1202, 616, 1818
0.190, 0.190, 0.090,	1202, 620, 1822
0.200, 0.190, 0.090,	1202, 628, 1830
0.200, 0.200, 0.090,	1202, 636, 1838
0.100, 0.100, 0.100,	1202, 408, 1610
0.110, 0.100, 0.100,	1202, 428, 1630
0.120, 0.100, 0.100,	1202, 440, 1642
0.130, 0.100, 0.100,	1202, 456, 1658
0.140, 0.100, 0.100,	1202, 472, 1674
0.150, 0.100, 0.100,	1202, 488, 1690
0.160, 0.100, 0.100,	1202, 508, 1710
0.170, 0.100, 0.100,	1202, 524, 1726
0.180, 0.100, 0.100,	1202, 536, 1738
0.190, 0.100, 0.100,	1202, 568, 1770
0.200, 0.100, 0.100,	1202, 576, 1778
0.110, 0.110, 0.100,	1202, 436, 1638
0.120, 0.110, 0.100,	1202, 448, 1650
0.130, 0.110, 0.100,	1202, 464, 1666
0.140, 0.110, 0.100,	1202, 480, 1682
0.150, 0.110, 0.100,	1202, 496, 1698
0.160, 0.110, 0.100,	1202, 516, 1718
0.170, 0.110, 0.100,	1202, 532, 1734
0.180, 0.110, 0.100,	1202, 544, 1746
0.190, 0.110, 0.100,	1202, 576, 1778
0.200, 0.110, 0.100,	1202, 584, 1786
0.120, 0.120, 0.100,	1202, 456, 1658
0.130, 0.120, 0.100,	1202, 472, 1674
0.140, 0.120, 0.100,	1202, 488, 1690
0.150, 0.120, 0.100,	1202, 504, 1706
0.160, 0.120, 0.100,	1202, 524, 1726
0.170, 0.120, 0.100,	1202, 540, 1742
0.180, 0.120, 0.100,	1202, 552, 1754
0.190, 0.120, 0.100,	1202, 584, 1786
0.200, 0.120, 0.100,	1202, 592, 1794
0.130, 0.130, 0.100,	1202, 480, 1682
0.140, 0.130, 0.100,	1202, 496, 1698
0.150, 0.130, 0.100,	1202, 512, 1714
0.160, 0.130, 0.100,	1202, 532, 1734
0.170, 0.130, 0.100,	1202, 548, 1750
0.180, 0.130, 0.100,	1202, 560, 1762
0.190, 0.130, 0.100,	1202, 592, 1794
0.200, 0.130, 0.100,	1202, 600, 1802
0.140, 0.140, 0.100,	1202, 504, 1706
0.150, 0.140, 0.100,	1202, 520, 1722
0.160, 0.140, 0.100,	1202, 540, 1742
0.170, 0.140, 0.100,	1202, 556, 1758
0.180, 0.140, 0.100,	1202, 568, 1770
0.190, 0.140, 0.100,	1202, 600, 1802
0.200, 0.140, 0.100,	1202, 608, 1810
0.150, 0.150, 0.100,	1202, 532, 1734
0.160, 0.150, 0.100,	1202, 552, 1754
0.170, 0.150, 0.100,	1202, 568, 1770
0.180, 0.150, 0.100,	1202, 580, 1782
0.190, 0.150, 0.100,	1202, 612, 1814
0.200, 0.150, 0.100,	1202, 620, 1822
0.160, 0.160, 0.100,	1202, 560, 1762
0.170, 0.160, 0.100,	1202, 576, 1778
0.180, 0.160, 0.100,	1202, 588, 1790
0.190, 0.160, 0.100,	1202, 620, 1822
0.200, 0.160, 0.100,	1202, 628, 1830
0.170, 0.170, 0.100,	1202, 584, 1786
0.180, 0.170, 0.100,	1202, 596, 1798
0.190, 0.170, 0.100,	1202, 628, 1830
0.200, 0.170, 0.100,	1202, 636, 1838
0.180, 0.180, 0.100,	1202, 608, 1810
0.190, 0.180, 0.100,	1202, 640, 1842
0.200, 0.180, 0.100,	1202, 648, 1850
0.190, 0.190, 0.100,	1202, 652, 1854
0.200, 0.190, 0.100,	1202, 660, 1862
0.200, 0.200, 0.100,	1202, 668, 1870
0.110, 0.110, 0.110,	1202, 516, 1718
0.120, 0.110, 0.110,	1202, 528, 1730
0.130, 0.110, 0.110,	1202, 544, 1746
0.140, 0.110, 0.110,	1202, 560, 1762
0.150, 0.110, 0.110,	1202, 576, 1778
0.160, 0.110, 0.110,	1202, 596, 1798
0.170, 0.110, 0.110,	1202, 612, 1814
0.180, 0.110, 0.110,	1202, 624, 1826
0.190, 0.110, 0.110,	1202, 656, 1858
0.200, 0.110, 0.110,	1202, 664, 1866
0.120, 0.120, 0.110,	1202, 536, 1738
0.130, 0.120, 0.110,	1202, 552, 1754
0.140, 0.120, 0.110,	1202, 568, 1770
0.150, 0.120, 0.110,	1202, 584, 1786
0.160, 0.120, 0.110,	1202, 604, 1806
0.170, 0.120, 0.110,	1202, 620, 1822
0.180, 0.120, 0.110,	1202, 632, 1834
0.190, 0.120, 0.110,	1202, 664, 1866
0.200, 0.120, 0.110,	1202, 672, 1874
0.130, 0.130, 0.110,	1202, 560, 1762
0.140, 0.130, 0.110,	1202, 576, 1778
0.150, 0.130, 0.110,	1202, 592, 1794
0.160, 0.130, 0.110,	1202, 612, 1814
0.170, 0.130, 0.110,	1202, 628, 1830
0.180, 0.130, 0.110,	1202, 640, 1842
0.190, 0.130, 0.110,	1202, 672, 1874
0.200, 0.130, 0.110,	1202, 680, 1882
0.140, 0.140, 0.110,	1202, 584, 1786
0.150, 0.140, 0.110,	1202, 600, 1802
0.160, 0.140, 0.110,	1202, 620, 1822
0.170, 0.140, 0.110,	1202, 636, 1838
0.180, 0.140, 0.110,	1202, 648, 1850
0.190, 0.140, 0.110,	1202, 680, 1882
0.200, 0.140, 0.110,	1202, 688, 1890
0.150, 0.150, 0.110,	1202, 612, 1814
0.160, 0.150, 0.110,	1202, 632, 1834
0.170, 0.150, 0.110,	1202, 648, 1850
0.180, 0.150, 0.110,	1202, 660, 1862
0.190, 0.150, 0.110,	1202, 692, 1894
0.200, 0.150, 0.110,	1202, 700, 1902
0.160, 0.160, 0.110,	1202, 640, 1842
0.170, 0.160, 0.110,	1202, 656, 1858
0.180, 0.160, 0.110,	1202, 668, 1870
0.190, 0.160, 0.110,	1202, 700, 1902
0.200, 0.160, 0.110,	1202, 708, 1910
0.170, 0.170, 0.110,	1202, 664, 1866
0.180, 0.170, 0.110,	1202, 676, 1878
0.190, 0.170, 0.110,	1202, 708, 1910
0.200, 0.170, 0.110,	1202, 716, 1918
0.180, 0.180, 0.110,	1202, 688, 1890
0.190, 0.180, 0.110,	1202, 720, 1922
0.200, 0.180, 0.110,	1202, 728, 1930
0.190, 0.190, 0.110,	1202, 732, 1934
0.200, 0.190, 0.110,	1202, 740, 1942
0.200, 0.200, 0.110,	1202, 748, 1950
0.120, 0.120, 0.120,	1202, 584, 1786
0.130, 0.120, 0.120,	1202, 600, 1802
0.140, 0.120, 0.120,	1202, 616, 1818
0.150, 0.120, 0.120,	1202, 632, 1834
0.160, 0.120, 0.120,	1202, 652, 1854
0.170, 0.120, 0.120,	1202, 668, 1870
0.180, 0.120, 0.120,	1202, 680, 1882
0.190, 0.120, 0.120,	1202, 712, 1914
0.200, 0.120, 0.120,	1202, 720, 1922
0.130, 0.130, 0.120,	1202, 608, 1810
0.140, 0.130, 0.120,	1202, 624, 1826
0.150, 0.130, 0.120,	1202, 640, 1842
0.160, 0.130, 0.120,	1202, 660, 1862
0.170, 0.130, 0.120,	1202, 676, 1878
0.180, 0.130, 0.120,	1202, 688, 1890
0.190, 0.130, 0.120,	1202, 720, 1922
0.200, 0.130, 0.120,	1202, 728, 1930
0.140, 0.140, 0.120,	1202, 632, 1834
0.150, 0.140, 0.120,	1202, 648, 1850
0.160, 0.140, 0.120,	1202, 668, 1870
0.170, 0.140, 0.120,	1202, 684, 1886
0.180, 0.140, 0.120,	1202, 696, 1898
0.190, 0.140, 0.120,	1202, 728, 1930
0.200, 0.140, 0.120,	1202, 736, 1938
0.150, 0.150, 0.120,	1202, 660, 1862
0.160, 0.150, 0.120,	1202, 680, 1882
0.170, 0.150, 0.120,	1202, 696, 1898
0.180, 0.150, 0.120,	1202, 708, 1910
0.190, 0.150, 0.120,	1202, 740, 1942
0.200, 0.150, 0.120,	1202, 748, 1950
0.160, 0.160, 0.120,	1202, 688, 1890
0.170, 0.160, 0.120,	1202, 704, 1906
0.180, 0.160, 0.120,	1202, 716, 1918
0.190, 0.160, 0.120,	1202, 748, 1950
0.200, 0.160, 0.120,	1202, 756, 1958
0.170, 0.170, 0.120,	1202, 712, 1914
0.180, 0.170, 0.120,	1202, 724, 1926
0.190, 0.170, 0.120,	1202, 756, 1958
0.200, 0.170, 0.120,	1202, 764, 1966
0.180, 0.180, 0.120,	1202, 736, 1938
0.190, 0.180, 0.120,	1202, 768, 1970
0.200, 0.180, 0.120,	1202, 776, 1978
0.190, 0.190, 0.120,	1202, 780, 1982
0.200, 0.190, 0.120,	1202, 788, 1990
0.200, 0.200, 0.120,	1202, 796, 1998
0.130, 0.130, 0.130,	1202, 672, 1874
0.140, 0.130, 0.130,	1202, 688, 1890
0.150, 0.130, 0.130,	1202, 704, 1906
0.160, 0.130, 0.130,	1202, 724, 1926
0.170, 0.130, 0.130,	1202, 740, 1942
0.180, 0.130, 0.130,	1202, 752, 1954
0.190, 0.130, 0.130,	1202, 784, 1986
0.200, 0.130, 0.130,	1202, 792, 1994
0.140, 0.140, 0.130,	1202, 696, 1898
0.150, 0.140, 0.130,	1202, 712, 1914
0.160, 0.140, 0.130,	1202, 732, 1934
0.170, 0.140, 0.130,	1202, 748, 1950
0.180, 0.140, 0.130,	1202, 760, 1962
0.190, 0.140, 0.130,	1202, 792, 1994
0.200, 0.140, 0.130,	1202, 800, 2002
0.150, 0.150, 0.130,	1202, 724, 1926
0.160, 0.150, 0.130,	1202, 744, 1946
0.170, 0.150, 0.130,	1202, 760, 1962
0.180, 0.150, 0.130,	1202, 772, 1974
0.190, 0.150, 0.130,	1202, 804, 2006
0.200, 0.150, 0.130,	1202, 812, 2014
0.160, 0.160, 0.130,	1202, 752, 1954
0.170, 0.160, 0.130,	1202, 768, 1970
0.180, 0.160, 0.130,	1202, 780, 1982
0.190, 0.160, 0.130,	1202, 812, 2014
0.200, 0.160, 0.130,	1202, 820, 2022
0.170, 0.170, 0.130,	1202, 776, 1978
0.180, 0.170, 0.130,	1202, 788, 1990
0.190, 0.170, 0.130,	1202, 820, 2022
0.200, 0.170, 0.130,	1202, 828, 2030
0.180, 0.180, 0.130,	1202, 800, 2002
0.190, 0.180, 0.130,	1202, 832, 2034
0.200, 0.180, 0.130,	1202, 840, 2042
0.190, 0.190, 0.130,	1202, 844, 2046
0.200, 0.190, 0.130,	1202, 852, 2054
0.200, 0.200, 0.130,	1202, 860, 2062
0.140, 0.140, 0.140,	1202, 760, 1962
0.150, 0.140, 0.140,	1202, 776, 1978
0.160, 0.140, 0.140,	1202, 796, 1998
0.170, 0.140, 0.140,	1202, 812, 2014
0.180, 0.140, 0.140,	1202, 824, 2026
0.190, 0.140, 0.140,	1202, 856, 2058
0.200, 0.140, 0.140,	1202, 864, 2066
0.150, 0.150, 0.140,	1202, 788, 1990
0.160, 0.150, 0.140,	1202, 808, 2010
0.170, 0.150, 0.140,	1202, 824, 2026
0.180, 0.150, 0.140,	1202, 836, 2038
0.190, 0.150, 0.140,	1202, 868, 2070
0.200, 0.150, 0.140,	1202, 876, 2078
0.160, 0.160, 0.140,	1202, 816, 2018
0.170, 0.160, 0.140,	1202, 832, 2034
0.180, 0.160, 0.140,	1202, 844, 2046
0.190, 0.160, 0.140,	1202, 876, 2078
0.200, 0.160, 0.140,	1202, 884, 2086
0.170, 0.170, 0.140,	1202, 840, 2042
0.180, 0.170, 0.140,	1202, 852, 2054
0.190, 0.170, 0.140,	1202, 884, 2086
0.200, 0.170, 0.140,	1202, 892, 2094
0.180, 0.180, 0.140,	1202, 864, 2066
0.190, 0.180, 0.140,	1202, 896, 2098
0.200, 0.180, 0.140,	1202, 904, 2106
0.190, 0.190, 0.140,	1202, 908, 2110
0.200, 0.190, 0.140,	1202, 916, 2118
0.200, 0.200, 0.140,	1202, 924, 2126
0.150, 0.150, 0.150,	1202, 852, 2054
0.160, 0.150, 0.150,	1202, 872, 2074
0.170, 0.150, 0.150,	1202, 888, 2090
0.180, 0.150, 0.150,	1202, 900, 2102
0.190, 0.150, 0.150,	1202, 932, 2134
0.200, 0.150, 0.150,	1202, 940, 2142
0.160, 0.160, 0.150,	1202, 880, 2082
0.170, 0.160, 0.150,	1202, 896, 2098
0.180, 0.160, 0.150,	1202, 908, 2110
0.190, 0.160, 0.150,	1202, 940, 2142
0.200, 0.160, 0.150,	1202, 948, 2150
0.170, 0.170, 0.150,	1202, 904, 2106
0.180, 0.170, 0.150,	1202, 916, 2118
0.190, 0.170, 0.150,	1202, 948, 2150
0.200, 0.170, 0.150,	1202, 956, 2158
0.180, 0.180, 0.150,	1202, 928, 2130
0.190, 0.180, 0.150,	1202, 960, 2162
0.200, 0.180, 0.150,	1202, 968, 2170
0.190, 0.190, 0.150,	1202, 972, 2174
0.200, 0.190, 0.150,	1202, 980, 2182
0.200, 0.200, 0.150,	1202, 988, 2190
0.160, 0.160, 0.160,	1202, 960, 2162
0.170, 0.160, 0.160,	1202, 976, 2178
0.180, 0.160, 0.160,	1202, 988, 2190
0.190, 0.160, 0.160,	1202, 1020, 2222
0.200, 0.160, 0.160,	1202, 1028, 2230
0.170, 0.170, 0.160,	1202, 984, 2186
0.180, 0.170, 0.160,	1202, 996, 2198
0.190, 0.170, 0.160,	1202, 1028, 2230
0.200, 0.170, 0.160,	1202, 1036, 2238
0.180, 0.180, 0.160,	1202, 1008, 2210
0.190, 0.180, 0.160,	1202, 1040, 2242
0.200, 0.180, 0.160,	1202, 1048, 2250
0.190, 0.190, 0.160,	1202, 1052, 2254
0.200, 0.190, 0.160,	1202, 1060, 2262
0.200, 0.200, 0.160,	1202, 1068, 2270
0.170, 0.170, 0.170,	1202, 1048, 2250
0.180, 0.170, 0.170,	1202, 1060, 2262
0.190, 0.170, 0.170,	1202, 1092, 2294
0.200, 0.170, 0.170,	1202, 1100, 2302
0.180, 0.180, 0.170,	1202, 1072, 2274
0.190, 0.180, 0.170,	1202, 1104, 2306
0.200, 0.180, 0.170,	1202, 1112, 2314
0.190, 0.190, 0.170,	1202, 1116, 2318
0.200, 0.190, 0.170,	1202, 1124, 2326
0.200, 0.200, 0.170,	1202, 1132, 2334
0.180, 0.180, 0.180,	1202, 1120, 2322
0.190, 0.180, 0.180,	1202, 1152, 2354
0.200, 0.180, 0.180,	1202, 1160, 2362
0.190, 0.190, 0.180,	1202, 1164, 2366
0.200, 0.190, 0.180,	1202, 1172, 2374
0.200, 0.200, 0.180,	1202, 1180, 2382
0.190, 0.190, 0.190,	1202, 1292, 2494
0.200, 0.190, 0.190,	1202, 1300, 2502
0.200, 0.200, 0.190,	1202, 1308, 2510
0.200, 0.200, 0.200,	1202, 1340, 2542
