order = 71
 ref0,  ref1,  ref2,    nR,  nG, nDir
0.000, 0.000, 0.000,	1730,   0, 1730
0.010, 0.000, 0.000,	1730,   4, 1734
0.020, 0.000, 0.000,	1730,   8, 1738
0.030, 0.000, 0.000,	1730,  16, 1746
0.040, 0.000, 0.000,	1730,  28, 1758
0.050, 0.000, 0.000,	1730,  36, 1766
0.060, 0.000, 0.000,	1730,  56, 1786
0.070, 0.000, 0.000,	1730,  64, 1794
0.080, 0.000, 0.000,	1730,  84, 1814
0.090, 0.000, 0.000,	1730,  92, 1822
0.100, 0.000, 0.000,	1730, 112, 1842
0.110, 0.000, 0.000,	1730, 136, 1866
0.120, 0.000, 0.000,	1730, 152, 1882
0.130, 0.000, 0.000,	1730, 172, 1902
0.140, 0.000, 0.000,	1730, 192, 1922
0.150, 0.000, 0.000,	1730, 224, 1954
0.160, 0.000, 0.000,	1730, 240, 1970
0.170, 0.000, 0.000,	1730, 264, 1994
0.180, 0.000, 0.000,	1730, 300, 2030
0.190, 0.000, 0.000,	1730, 328, 2058
0.200, 0.000, 0.000,	1730, 352, 2082
0.010, 0.010, 0.000,	1730,   8, 1738
0.020, 0.010, 0.000,	1730,  12, 1742
0.030, 0.010, 0.000,	1730,  20, 1750
0.040, 0.010, 0.000,	1730,  32, 1762
0.050, 0.010, 0.000,	1730,  40, 1770
0.060, 0.010, 0.000,	1730,  60, 1790
0.070, 0.010, 0.000,	1730,  68, 1798
0.080, 0.010, 0.000,	1730,  88, 1818
0.090, 0.010, 0.000,	1730,  96, 1826
0.100, 0.010, 0.000,	1730, 116, 1846
0.110, 0.010, 0.000,	1730, 140, 1870
0.120, 0.010, 0.000,	1730, 156, 1886
0.130, 0.010, 0.000,	1730, 176, 1906
0.140, 0.010, 0.000,	1730, 196, 1926
0.150, 0.010, 0.000,	1730, 228, 1958
0.160, 0.010, 0.000,	1730, 244, 1974
0.170, 0.010, 0.000,	1730, 268, 1998
0.180, 0.010, 0.000,	1730, 304, 2034
0.190, 0.010, 0.000,	1730, 332, 2062
0.200, 0.010, 0.000,	1730, 356, 2086
0.020, 0.020, 0.000,	1730,  16, 1746
0.030, 0.020, 0.000,	1730,  24, 1754
0.040, 0.020, 0.000,	1730,  36, 1766
0.050, 0.020, 0.000,	1730,  44, 1774
0.060, 0.020, 0.000,	1730,  64, 1794
0.070, 0.020, 0.000,	1730,  72, 1802
0.080, 0.020, 0.000,	1730,  92, 1822
0.090, 0.020, 0.000,	1730, 100, 1830
0.100, 0.020, 0.000,	1730, 120, 1850
0.110, 0.020, 0.000,	1730, 144, 1874
0.120, 0.020, 0.000,	1730, 160, 1890
0.130, 0.020, 0.000,	1730, 180, 1910
0.140, 0.020, 0.000,	1730, 200, 1930
0.150, 0.020, 0.000,	1730, 232, 1962
0.160, 0.020, 0.000,	1730, 248, 1978
0.170, 0.020, 0.000,	1730, 272, 2002
0.180, 0.020, 0.000,	1730, 308, 2038
0.190, 0.020, 0.000,	1730, 336, 2066
0.200, 0.020, 0.000,	1730, 360, 2090
0.030, 0.030, 0.000,	1730,  28, 1758
0.040, 0.030, 0.000,	1730,  40, 1770
0.050, 0.030, 0.000,	1730,  48, 1778
0.060, 0.030, 0.000,	1730,  68, 1798
0.070, 0.030, 0.000,	1730,  76, 1806
0.080, 0.030, 0.000,	1730,  96, 1826
0.090, 0.030, 0.000,	1730, 104, 1834
0.100, 0.030, 0.000,	1730, 124, 1854
0.110, 0.030, 0.000,	1730, 148, 1878
0.120, 0.030, 0.000,	1730, 164, 1894
0.130, 0.030, 0.000,	1730, 184, 1914
0.140, 0.030, 0.000,	1730, 204, 1934
0.150, 0.030, 0.000,	1730, 236, 1966
0.160, 0.030, 0.000,	1730, 252, 1982
0.170, 0.030, 0.000,	1730, 276, 2006
0.180, 0.030, 0.000,	1730, 312, 2042
0.190, 0.030, 0.000,	1730, 340, 2070
0.200, 0.030, 0.000,	1730, 364, 2094
0.040, 0.040, 0.000,	1730,  48, 1778
0.050, 0.040, 0.000,	1730,  56, 1786
0.060, 0.040, 0.000,	1730,  76, 1806
0.070, 0.040, 0.000,	1730,  84, 1814
0.080, 0.040, 0.000,	1730, 104, 1834
0.090, 0.040, 0.000,	1730, 112, 1842
0.100, 0.040, 0.000,	1730, 132, 1862
0.110, 0.040, 0.000,	1730, 156, 1886
0.120, 0.040, 0.000,	1730, 172, 1902
0.130, 0.040, 0.000,	1730, 192, 1922
0.140, 0.040, 0.000,	1730, 212, 1942
0.150, 0.040, 0.000,	1730, 244, 1974
0.160, 0.040, 0.000,	1730, 260, 1990
0.170, 0.040, 0.000,	1730, 284, 2014
0.180, 0.040, 0.000,	1730, 320, 2050
0.190, 0.040, 0.000,	1730, 348, 2078
0.200, 0.040, 0.000,	1730, 372, 2102
0.050, 0.050, 0.000,	1730,  60, 1790
0.060, 0.050, 0.000,	1730,  80, 1810
0.070, 0.050, 0.000,	1730,  88, 1818
0.080, 0.050, 0.000,	1730, 108, 1838
0.090, 0.050, 0.000,	1730, 116, 1846
0.100, 0.050, 0.000,	1730, 136, 1866
0.110, 0.050, 0.000,	1730, 160, 1890
0.120, 0.050, 0.000,	1730, 176, 1906
0.130, 0.050, 0.000,	1730, 196, 1926
0.140, 0.050, 0.000,	1730, 216, 1946
0.150, 0.050, 0.000,	1730, 248, 1978
0.160, 0.050, 0.000,	1730, 264, 1994
0.170, 0.050, 0.000,	1730, 288, 2018
0.180, 0.050, 0.000,	1730, 324, 2054
0.190, 0.050, 0.000,	1730, 352, 2082
0.200, 0.050, 0.000,	1730, 376, 2106
0.060, 0.060, 0.000,	1730,  92, 1822
0.070, 0.060, 0.000,	1730, 100, 1830
0.080, 0.060, 0.000,	1730, 120, 1850
0.090, 0.060, 0.000,	1730, 128, 1858
0.100, 0.060, 0.000,	1730, 148, 1878
0.110, 0.060, 0.000,	1730, 172, 1902
0.120, 0.060, 0.000,	1730, 188, 1918
0.130, 0.060, 0.000,	1730, 208, 1938
0.140, 0.060, 0.000,	1730, 228, 1958
0.150, 0.060, 0.000,	1730, 260, 1990
0.160, 0.060, 0.000,	1730, 276, 2006
0.170, 0.060, 0.000,	1730, 300, 2030
0.180, 0.060, 0.000,	1730, 336, 2066
0.190, 0.060, 0.000,	1730, 364, 2094
0.200, 0.060, 0.000,	1730, 388, 2118
0.070, 0.070, 0.000,	1730, 104, 1834
0.080, 0.070, 0.000,	1730, 124, 1854
0.090, 0.070, 0.000,	1730, 132, 1862
0.100, 0.070, 0.000,	1730, 152, 1882
0.110, 0.070, 0.000,	1730, 176, 1906
0.120, 0.070, 0.000,	1730, 192, 1922
0.130, 0.070, 0.000,	1730, 212, 1942
0.140, 0.070, 0.000,	1730, 232, 1962
0.150, 0.070, 0.000,	1730, 264, 1994
0.160, 0.070, 0.000,	1730, 280, 2010
0.170, 0.070, 0.000,	1730, 304, 2034
0.180, 0.070, 0.000,	1730, 340, 2070
0.190, 0.070, 0.000,	1730, 368, 2098
0.200, 0.070, 0.000,	1730, 392, 2122
0.080, 0.080, 0.000,	1730, 140, 1870
0.090, 0.080, 0.000,	1730, 148, 1878
0.100, 0.080, 0.000,	1730, 168, 1898
0.110, 0.080, 0.000,	1730, 192, 1922
0.120, 0.080, 0.000,	1730, 208, 1938
0.130, 0.080, 0.000,	1730, 228, 1958
0.140, 0.080, 0.000,	1730, 248, 1978
0.150, 0.080, 0.000,	1730, 280, 2010
0.160, 0.080, 0.000,	1730, 296, 2026
0.170, 0.080, 0.000,	1730, 320, 2050
0.180, 0.080, 0.000,	1730, 356, 2086
0.190, 0.080, 0.000,	1730, 384, 2114
0.200, 0.080, 0.000,	1730, 408, 2138
0.090, 0.090, 0.000,	1730, 148, 1878
0.100, 0.090, 0.000,	1730, 168, 1898
0.110, 0.090, 0.000,	1730, 192, 1922
0.120, 0.090, 0.000,	1730, 208, 1938
0.130, 0.090, 0.000,	1730, 228, 1958
0.140, 0.090, 0.000,	1730, 248, 1978
0.150, 0.090, 0.000,	1730, 280, 2010
0.160, 0.090, 0.000,	1730, 296, 2026
0.170, 0.090, 0.000,	1730, 320, 2050
0.180, 0.090, 0.000,	1730, 356, 2086
0.190, 0.090, 0.000,	1730, 384, 2114
0.200, 0.090, 0.000,	1730, 408, 2138
0.100, 0.100, 0.000,	1730, 184, 1914
0.110, 0.100, 0.000,	1730, 208, 1938
0.120, 0.100, 0.000,	1730, 224, 1954
0.130, 0.100, 0.000,	1730, 244, 1974
0.140, 0.100, 0.000,	1730, 264, 1994
0.150, 0.100, 0.000,	1730, 296, 2026
0.160, 0.100, 0.000,	1730, 312, 2042
0.170, 0.100, 0.000,	1730, 336, 2066
0.180, 0.100, 0.000,	1730, 372, 2102
0.190, 0.100, 0.000,	1730, 400, 2130
0.200, 0.100, 0.000,	1730, 424, 2154
0.110, 0.110, 0.000,	1730, 216, 1946
0.120, 0.110, 0.000,	1730, 232, 1962
0.130, 0.110, 0.000,	1730, 252, 1982
0.140, 0.110, 0.000,	1730, 272, 2002
0.150, 0.110, 0.000,	1730, 304, 2034
0.160, 0.110, 0.000,	1730, 320, 2050
0.170, 0.110, 0.000,	1730, 344, 2074
0.180, 0.110, 0.000,	1730, 380, 2110
0.190, 0.110, 0.000,	1730, 408, 2138
0.200, 0.110, 0.000,	1730, 432, 2162
0.120, 0.120, 0.000,	1730, 244, 1974
0.130, 0.120, 0.000,	1730, 264, 1994
0.140, 0.120, 0.000,	1730, 284, 2014
0.150, 0.120, 0.000,	1730, 316, 2046
0.160, 0.120, 0.000,	1730, 332, 2062
0.170, 0.120, 0.000,	1730, 356, 2086
0.180, 0.120, 0.000,	1730, 392, 2122
0.190, 0.120, 0.000,	1730, 420, 2150
0.200, 0.120, 0.000,	1730, 444, 2174
0.130, 0.130, 0.000,	1730, 272, 2002
0.140, 0.130, 0.000,	1730, 292, 2022
0.150, 0.130, 0.000,	1730, 324, 2054
0.160, 0.130, 0.000,	1730, 340, 2070
0.170, 0.130, 0.000,	1730, 364, 2094
0.180, 0.130, 0.000,	1730, 400, 2130
0.190, 0.130, 0.000,	1730, 428, 2158
0.200, 0.130, 0.000,	1730, 452, 2182
0.140, 0.140, 0.000,	1730, 304, 2034
0.150, 0.140, 0.000,	1730, 336, 2066
0.160, 0.140, 0.000,	1730, 352, 2082
0.170, 0.140, 0.000,	1730, 376, 2106
0.180, 0.140, 0.000,	1730, 412, 2142
0.190, 0.140, 0.000,	1730, 440, 2170
0.200, 0.140, 0.000,	1730, 464, 2194
0.150, 0.150, 0.000,	1730, 356, 2086
0.160, 0.150, 0.000,	1730, 372, 2102
0.170, 0.150, 0.000,	1730, 396, 2126
0.180, 0.150, 0.000,	1730, 432, 2162
0.190, 0.150, 0.000,	1730, 460, 2190
0.200, 0.150, 0.000,	1730, 484, 2214
0.160, 0.160, 0.000,	1730, 380, 2110
0.170, 0.160, 0.000,	1730, 404, 2134
0.180, 0.160, 0.000,	1730, 440, 2170
0.190, 0.160, 0.000,	1730, 468, 2198
0.200, 0.160, 0.000,	1730, 492, 2222
0.170, 0.170, 0.000,	1730, 420, 2150
0.180, 0.170, 0.000,	1730, 456, 2186
0.190, 0.170, 0.000,	1730, 484, 2214
0.200, 0.170, 0.000,	1730, 508, 2238
0.180, 0.180, 0.000,	1730, 468, 2198
0.190, 0.180, 0.000,	1730, 496, 2226
0.200, 0.180, 0.000,	1730, 520, 2250
0.190, 0.190, 0.000,	1730, 516, 2246
0.200, 0.190, 0.000,	1730, 540, 2270
0.200, 0.200, 0.000,	1730, 548, 2278
0.010, 0.010, 0.010,	1730,  24, 1754
0.020, 0.010, 0.010,	1730,  28, 1758
0.030, 0.010, 0.010,	1730,  36, 1766
0.040, 0.010, 0.010,	1730,  48, 1778
0.050, 0.010, 0.010,	1730,  56, 1786
0.060, 0.010, 0.010,	1730,  76, 1806
0.070, 0.010, 0.010,	1730,  84, 1814
0.080, 0.010, 0.010,	1730, 104, 1834
0.090, 0.010, 0.010,	1730, 112, 1842
0.100, 0.010, 0.010,	1730, 132, 1862
0.110, 0.010, 0.010,	1730, 156, 1886
0.120, 0.010, 0.010,	1730, 172, 1902
0.130, 0.010, 0.010,	1730, 192, 1922
0.140, 0.010, 0.010,	1730, 212, 1942
0.150, 0.010, 0.010,	1730, 244, 1974
0.160, 0.010, 0.010,	1730, 260, 1990
0.170, 0.010, 0.010,	1730, 284, 2014
0.180, 0.010, 0.010,	1730, 320, 2050
0.190, 0.010, 0.010,	1730, 348, 2078
0.200, 0.010, 0.010,	1730, 372, 2102
0.020, 0.020, 0.010,	1730,  32, 1762
0.030, 0.020, 0.010,	1730,  40, 1770
0.040, 0.020, 0.010,	1730,  52, 1782
0.050, 0.020, 0.010,	1730,  60, 1790
0.060, 0.020, 0.010,	1730,  80, 1810
0.070, 0.020, 0.010,	1730,  88, 1818
0.080, 0.020, 0.010,	1730, 108, 1838
0.090, 0.020, 0.010,	1730, 116, 1846
0.100, 0.020, 0.010,	1730, 136, 1866
0.110, 0.020, 0.010,	1730, 160, 1890
0.120, 0.020, 0.010,	1730, 176, 1906
0.130, 0.020, 0.010,	1730, 196, 1926
0.140, 0.020, 0.010,	1730, 216, 1946
0.150, 0.020, 0.010,	1730, 248, 1978
0.160, 0.020, 0.010,	1730, 264, 1994
0.170, 0.020, 0.010,	1730, 288, 2018
0.180, 0.020, 0.010,	1730, 324, 2054
0.190, 0.020, 0.010,	1730, 352, 2082
0.200, 0.020, 0.010,	1730, 376, 2106
0.030, 0.030, 0.010,	1730,  44, 1774
0.040, 0.030, 0.010,	1730,  56, 1786
0.050, 0.030, 0.010,	1730,  64, 1794
0.060, 0.030, 0.010,	1730,  84, 1814
0.070, 0.030, 0.010,	1730,  92, 1822
0.080, 0.030, 0.010,	1730, 112, 1842
0.090, 0.030, 0.010,	1730, 120, 1850
0.100, 0.030, 0.010,	1730, 140, 1870
0.110, 0.030, 0.010,	1730, 164, 1894
0.120, 0.030, 0.010,	1730, 180, 1910
0.130, 0.030, 0.010,	1730, 200, 1930
0.140, 0.030, 0.010,	1730, 220, 1950
0.150, 0.030, 0.010,	1730, 252, 1982
0.160, 0.030, 0.010,	1730, 268, 1998
0.170, 0.030, 0.010,	1730, 292, 2022
0.180, 0.030, 0.010,	1730, 328, 2058
0.190, 0.030, 0.010,	1730, 356, 2086
0.200, 0.030, 0.010,	1730, 380, 2110
0.040, 0.040, 0.010,	1730,  64, 1794
0.050, 0.040, 0.010,	1730,  72, 1802
0.060, 0.040, 0.010,	1730,  92, 1822
0.070, 0.040, 0.010,	1730, 100, 1830
0.080, 0.040, 0.010,	1730, 120, 1850
0.090, 0.040, 0.010,	1730, 128, 1858
0.100, 0.040, 0.010,	1730, 148, 1878
0.110, 0.040, 0.010,	1730, 172, 1902
0.120, 0.040, 0.010,	1730, 188, 1918
0.130, 0.040, 0.010,	1730, 208, 1938
0.140, 0.040, 0.010,	1730, 228, 1958
0.150, 0.040, 0.010,	1730, 260, 1990
0.160, 0.040, 0.010,	1730, 276, 2006
0.170, 0.040, 0.010,	1730, 300, 2030
0.180, 0.040, 0.010,	1730, 336, 2066
0.190, 0.040, 0.010,	1730, 364, 2094
0.200, 0.040, 0.010,	1730, 388, 2118
0.050, 0.050, 0.010,	1730,  76, 1806
0.060, 0.050, 0.010,	1730,  96, 1826
0.070, 0.050, 0.010,	1730, 104, 1834
0.080, 0.050, 0.010,	1730, 124, 1854
0.090, 0.050, 0.010,	1730, 132, 1862
0.100, 0.050, 0.010,	1730, 152, 1882
0.110, 0.050, 0.010,	1730, 176, 1906
0.120, 0.050, 0.010,	1730, 192, 1922
0.130, 0.050, 0.010,	1730, 212, 1942
0.140, 0.050, 0.010,	1730, 232, 1962
0.150, 0.050, 0.010,	1730, 264, 1994
0.160, 0.050, 0.010,	1730, 280, 2010
0.170, 0.050, 0.010,	1730, 304, 2034
0.180, 0.050, 0.010,	1730, 340, 2070
0.190, 0.050, 0.010,	1730, 368, 2098
0.200, 0.050, 0.010,	1730, 392, 2122
0.060, 0.060, 0.010,	1730, 108, 1838
0.070, 0.060, 0.010,	1730, 116, 1846
0.080, 0.060, 0.010,	1730, 136, 1866
0.090, 0.060, 0.010,	1730, 144, 1874
0.100, 0.060, 0.010,	1730, 164, 1894
0.110, 0.060, 0.010,	1730, 188, 1918
0.120, 0.060, 0.010,	1730, 204, 1934
0.130, 0.060, 0.010,	1730, 224, 1954
0.140, 0.060, 0.010,	1730, 244, 1974
0.150, 0.060, 0.010,	1730, 276, 2006
0.160, 0.060, 0.010,	1730, 292, 2022
0.170, 0.060, 0.010,	1730, 316, 2046
0.180, 0.060, 0.010,	1730, 352, 2082
0.190, 0.060, 0.010,	1730, 380, 2110
0.200, 0.060, 0.010,	1730, 404, 2134
0.070, 0.070, 0.010,	1730, 120, 1850
0.080, 0.070, 0.010,	1730, 140, 1870
0.090, 0.070, 0.010,	1730, 148, 1878
0.100, 0.070, 0.010,	1730, 168, 1898
0.110, 0.070, 0.010,	1730, 192, 1922
0.120, 0.070, 0.010,	1730, 208, 1938
0.130, 0.070, 0.010,	1730, 228, 1958
0.140, 0.070, 0.010,	1730, 248, 1978
0.150, 0.070, 0.010,	1730, 280, 2010
0.160, 0.070, 0.010,	1730, 296, 2026
0.170, 0.070, 0.010,	1730, 320, 2050
0.180, 0.070, 0.010,	1730, 356, 2086
0.190, 0.070, 0.010,	1730, 384, 2114
0.200, 0.070, 0.010,	1730, 408, 2138
0.080, 0.080, 0.010,	1730, 156, 1886
0.090, 0.080, 0.010,	1730, 164, 1894
0.100, 0.080, 0.010,	1730, 184, 1914
0.110, 0.080, 0.010,	1730, 208, 1938
0.120, 0.080, 0.010,	1730, 224, 1954
0.130, 0.080, 0.010,	1730, 244, 1974
0.140, 0.080, 0.010,	1730, 264, 1994
0.150, 0.080, 0.010,	1730, 296, 2026
0.160, 0.080, 0.010,	1730, 312, 2042
0.170, 0.080, 0.010,	1730, 336, 2066
0.180, 0.080, 0.010,	1730, 372, 2102
0.190, 0.080, 0.010,	1730, 400, 2130
0.200, 0.080, 0.010,	1730, 424, 2154
0.090, 0.090, 0.010,	1730, 164, 1894
0.100, 0.090, 0.010,	1730, 184, 1914
0.110, 0.090, 0.010,	1730, 208, 1938
0.120, 0.090, 0.010,	1730, 224, 1954
0.130, 0.090, 0.010,	1730, 244, 1974
0.140, 0.090, 0.010,	1730, 264, 1994
0.150, 0.090, 0.010,	1730, 296, 2026
0.160, 0.090, 0.010,	1730, 312, 2042
0.170, 0.090, 0.010,	1730, 336, 2066
0.180, 0.090, 0.010,	1730, 372, 2102
0.190, 0.090, 0.010,	1730, 400, 2130
0.200, 0.090, 0.010,	1730, 424, 2154
0.100, 0.100, 0.010,	1730, 200, 1930
0.110, 0.100, 0.010,	1730, 224, 1954
0.120, 0.100, 0.010,	1730, 240, 1970
0.130, 0.100, 0.010,	1730, 260, 1990
0.140, 0.100, 0.010,	1730, 280, 2010
0.150, 0.100, 0.010,	1730, 312, 2042
0.160, 0.100, 0.010,	1730, 328, 2058
0.170, 0.100, 0.010,	1730, 352, 2082
0.180, 0.100, 0.010,	1730, 388, 2118
0.190, 0.100, 0.010,	1730, 416, 2146
0.200, 0.100, 0.010,	1730, 440, 2170
0.110, 0.110, 0.010,	1730, 232, 1962
0.120, 0.110, 0.010,	1730, 248, 1978
0.130, 0.110, 0.010,	1730, 268, 1998
0.140, 0.110, 0.010,	1730, 288, 2018
0.150, 0.110, 0.010,	1730, 320, 2050
0.160, 0.110, 0.010,	1730, 336, 2066
0.170, 0.110, 0.010,	1730, 360, 2090
0.180, 0.110, 0.010,	1730, 396, 2126
0.190, 0.110, 0.010,	1730, 424, 2154
0.200, 0.110, 0.010,	1730, 448, 2178
0.120, 0.120, 0.010,	1730, 260, 1990
0.130, 0.120, 0.010,	1730, 280, 2010
0.140, 0.120, 0.010,	1730, 300, 2030
0.150, 0.120, 0.010,	1730, 332, 2062
0.160, 0.120, 0.010,	1730, 348, 2078
0.170, 0.120, 0.010,	1730, 372, 2102
0.180, 0.120, 0.010,	1730, 408, 2138
0.190, 0.120, 0.010,	1730, 436, 2166
0.200, 0.120, 0.010,	1730, 460, 2190
0.130, 0.130, 0.010,	1730, 288, 2018
0.140, 0.130, 0.010,	1730, 308, 2038
0.150, 0.130, 0.010,	1730, 340, 2070
0.160, 0.130, 0.010,	1730, 356, 2086
0.170, 0.130, 0.010,	1730, 380, 2110
0.180, 0.130, 0.010,	1730, 416, 2146
0.190, 0.130, 0.010,	1730, 444, 2174
0.200, 0.130, 0.010,	1730, 468, 2198
0.140, 0.140, 0.010,	1730, 320, 2050
0.150, 0.140, 0.010,	1730, 352, 2082
0.160, 0.140, 0.010,	1730, 368, 2098
0.170, 0.140, 0.010,	1730, 392, 2122
0.180, 0.140, 0.010,	1730, 428, 2158
0.190, 0.140, 0.010,	1730, 456, 2186
0.200, 0.140, 0.010,	1730, 480, 2210
0.150, 0.150, 0.010,	1730, 372, 2102
0.160, 0.150, 0.010,	1730, 388, 2118
0.170, 0.150, 0.010,	1730, 412, 2142
0.180, 0.150, 0.010,	1730, 448, 2178
0.190, 0.150, 0.010,	1730, 476, 2206
0.200, 0.150, 0.010,	1730, 500, 2230
0.160, 0.160, 0.010,	1730, 396, 2126
0.170, 0.160, 0.010,	1730, 420, 2150
0.180, 0.160, 0.010,	1730, 456, 2186
0.190, 0.160, 0.010,	1730, 484, 2214
0.200, 0.160, 0.010,	1730, 508, 2238
0.170, 0.170, 0.010,	1730, 436, 2166
0.180, 0.170, 0.010,	1730, 472, 2202
0.190, 0.170, 0.010,	1730, 500, 2230
0.200, 0.170, 0.010,	1730, 524, 2254
0.180, 0.180, 0.010,	1730, 484, 2214
0.190, 0.180, 0.010,	1730, 512, 2242
0.200, 0.180, 0.010,	1730, 536, 2266
0.190, 0.190, 0.010,	1730, 532, 2262
0.200, 0.190, 0.010,	1730, 556, 2286
0.200, 0.200, 0.010,	1730, 564, 2294
0.020, 0.020, 0.020,	1730,  48, 1778
0.030, 0.020, 0.020,	1730,  56, 1786
0.040, 0.020, 0.020,	1730,  68, 1798
0.050, 0.020, 0.020,	1730,  76, 1806
0.060, 0.020, 0.020,	1730,  96, 1826
0.070, 0.020, 0.020,	1730, 104, 1834
0.080, 0.020, 0.020,	1730, 124, 1854
0.090, 0.020, 0.020,	1730, 132, 1862
0.100, 0.020, 0.020,	1730, 152, 1882
0.110, 0.020, 0.020,	1730, 176, 1906
0.120, 0.020, 0.020,	1730, 192, 1922
0.130, 0.020, 0.020,	1730, 212, 1942
0.140, 0.020, 0.020,	1730, 232, 1962
0.150, 0.020, 0.020,	1730, 264, 1994
0.160, 0.020, 0.020,	1730, 280, 2010
0.170, 0.020, 0.020,	1730, 304, 2034
0.180, 0.020, 0.020,	1730, 340, 2070
0.190, 0.020, 0.020,	1730, 368, 2098
0.200, 0.020, 0.020,	1730, 392, 2122
0.030, 0.030, 0.020,	1730,  60, 1790
0.040, 0.030, 0.020,	1730,  72, 1802
0.050, 0.030, 0.020,	1730,  80, 1810
0.060, 0.030, 0.020,	1730, 100, 1830
0.070, 0.030, 0.020,	1730, 108, 1838
0.080, 0.030, 0.020,	1730, 128, 1858
0.090, 0.030, 0.020,	1730, 136, 1866
0.100, 0.030, 0.020,	1730, 156, 1886
0.110, 0.030, 0.020,	1730, 180, 1910
0.120, 0.030, 0.020,	1730, 196, 1926
0.130, 0.030, 0.020,	1730, 216, 1946
0.140, 0.030, 0.020,	1730, 236, 1966
0.150, 0.030, 0.020,	1730, 268, 1998
0.160, 0.030, 0.020,	1730, 284, 2014
0.170, 0.030, 0.020,	1730, 308, 2038
0.180, 0.030, 0.020,	1730, 344, 2074
0.190, 0.030, 0.020,	1730, 372, 2102
0.200, 0.030, 0.020,	1730, 396, 2126
0.040, 0.040, 0.020,	1730,  80, 1810
0.050, 0.040, 0.020,	1730,  88, 1818
0.060, 0.040, 0.020,	1730, 108, 1838
0.070, 0.040, 0.020,	1730, 116, 1846
0.080, 0.040, 0.020,	1730, 136, 1866
0.090, 0.040, 0.020,	1730, 144, 1874
0.100, 0.040, 0.020,	1730, 164, 1894
0.110, 0.040, 0.020,	1730, 188, 1918
0.120, 0.040, 0.020,	1730, 204, 1934
0.130, 0.040, 0.020,	1730, 224, 1954
0.140, 0.040, 0.020,	1730, 244, 1974
0.150, 0.040, 0.020,	1730, 276, 2006
0.160, 0.040, 0.020,	1730, 292, 2022
0.170, 0.040, 0.020,	1730, 316, 2046
0.180, 0.040, 0.020,	1730, 352, 2082
0.190, 0.040, 0.020,	1730, 380, 2110
0.200, 0.040, 0.020,	1730, 404, 2134
0.050, 0.050, 0.020,	1730,  92, 1822
0.060, 0.050, 0.020,	1730, 112, 1842
0.070, 0.050, 0.020,	1730, 120, 1850
0.080, 0.050, 0.020,	1730, 140, 1870
0.090, 0.050, 0.020,	1730, 148, 1878
0.100, 0.050, 0.020,	1730, 168, 1898
0.110, 0.050, 0.020,	1730, 192, 1922
0.120, 0.050, 0.020,	1730, 208, 1938
0.130, 0.050, 0.020,	1730, 228, 1958
0.140, 0.050, 0.020,	1730, 248, 1978
0.150, 0.050, 0.020,	1730, 280, 2010
0.160, 0.050, 0.020,	1730, 296, 2026
0.170, 0.050, 0.020,	1730, 320, 2050
0.180, 0.050, 0.020,	1730, 356, 2086
0.190, 0.050, 0.020,	1730, 384, 2114
0.200, 0.050, 0.020,	1730, 408, 2138
0.060, 0.060, 0.020,	1730, 124, 1854
0.070, 0.060, 0.020,	1730, 132, 1862
0.080, 0.060, 0.020,	1730, 152, 1882
0.090, 0.060, 0.020,	1730, 160, 1890
0.100, 0.060, 0.020,	1730, 180, 1910
0.110, 0.060, 0.020,	1730, 204, 1934
0.120, 0.060, 0.020,	1730, 220, 1950
0.130, 0.060, 0.020,	1730, 240, 1970
0.140, 0.060, 0.020,	1730, 260, 1990
0.150, 0.060, 0.020,	1730, 292, 2022
0.160, 0.060, 0.020,	1730, 308, 2038
0.170, 0.060, 0.020,	1730, 332, 2062
0.180, 0.060, 0.020,	1730, 368, 2098
0.190, 0.060, 0.020,	1730, 396, 2126
0.200, 0.060, 0.020,	1730, 420, 2150
0.070, 0.070, 0.020,	1730, 136, 1866
0.080, 0.070, 0.020,	1730, 156, 1886
0.090, 0.070, 0.020,	1730, 164, 1894
0.100, 0.070, 0.020,	1730, 184, 1914
0.110, 0.070, 0.020,	1730, 208, 1938
0.120, 0.070, 0.020,	1730, 224, 1954
0.130, 0.070, 0.020,	1730, 244, 1974
0.140, 0.070, 0.020,	1730, 264, 1994
0.150, 0.070, 0.020,	1730, 296, 2026
0.160, 0.070, 0.020,	1730, 312, 2042
0.170, 0.070, 0.020,	1730, 336, 2066
0.180, 0.070, 0.020,	1730, 372, 2102
0.190, 0.070, 0.020,	1730, 400, 2130
0.200, 0.070, 0.020,	1730, 424, 2154
0.080, 0.080, 0.020,	1730, 172, 1902
0.090, 0.080, 0.020,	1730, 180, 1910
0.100, 0.080, 0.020,	1730, 200, 1930
0.110, 0.080, 0.020,	1730, 224, 1954
0.120, 0.080, 0.020,	1730, 240, 1970
0.130, 0.080, 0.020,	1730, 260, 1990
0.140, 0.080, 0.020,	1730, 280, 2010
0.150, 0.080, 0.020,	1730, 312, 2042
0.160, 0.080, 0.020,	1730, 328, 2058
0.170, 0.080, 0.020,	1730, 352, 2082
0.180, 0.080, 0.020,	1730, 388, 2118
0.190, 0.080, 0.020,	1730, 416, 2146
0.200, 0.080, 0.020,	1730, 440, 2170
0.090, 0.090, 0.020,	1730, 180, 1910
0.100, 0.090, 0.020,	1730, 200, 1930
0.110, 0.090, 0.020,	1730, 224, 1954
0.120, 0.090, 0.020,	1730, 240, 1970
0.130, 0.090, 0.020,	1730, 260, 1990
0.140, 0.090, 0.020,	1730, 280, 2010
0.150, 0.090, 0.020,	1730, 312, 2042
0.160, 0.090, 0.020,	1730, 328, 2058
0.170, 0.090, 0.020,	1730, 352, 2082
0.180, 0.090, 0.020,	1730, 388, 2118
0.190, 0.090, 0.020,	1730, 416, 2146
0.200, 0.090, 0.020,	1730, 440, 2170
0.100, 0.100, 0.020,	1730, 216, 1946
0.110, 0.100, 0.020,	1730, 240, 1970
0.120, 0.100, 0.020,	1730, 256, 1986
0.130, 0.100, 0.020,	1730, 276, 2006
0.140, 0.100, 0.020,	1730, 296, 2026
0.150, 0.100, 0.020,	1730, 328, 2058
0.160, 0.100, 0.020,	1730, 344, 2074
0.170, 0.100, 0.020,	1730, 368, 2098
0.180, 0.100, 0.020,	1730, 404, 2134
0.190, 0.100, 0.020,	1730, 432, 2162
0.200, 0.100, 0.020,	1730, 456, 2186
0.110, 0.110, 0.020,	1730, 248, 1978
0.120, 0.110, 0.020,	1730, 264, 1994
0.130, 0.110, 0.020,	1730, 284, 2014
0.140, 0.110, 0.020,	1730, 304, 2034
0.150, 0.110, 0.020,	1730, 336, 2066
0.160, 0.110, 0.020,	1730, 352, 2082
0.170, 0.110, 0.020,	1730, 376, 2106
0.180, 0.110, 0.020,	1730, 412, 2142
0.190, 0.110, 0.020,	1730, 440, 2170
0.200, 0.110, 0.020,	1730, 464, 2194
0.120, 0.120, 0.020,	1730, 276, 2006
0.130, 0.120, 0.020,	1730, 296, 2026
0.140, 0.120, 0.020,	1730, 316, 2046
0.150, 0.120, 0.020,	1730, 348, 2078
0.160, 0.120, 0.020,	1730, 364, 2094
0.170, 0.120, 0.020,	1730, 388, 2118
0.180, 0.120, 0.020,	1730, 424, 2154
0.190, 0.120, 0.020,	1730, 452, 2182
0.200, 0.120, 0.020,	1730, 476, 2206
0.130, 0.130, 0.020,	1730, 304, 2034
0.140, 0.130, 0.020,	1730, 324, 2054
0.150, 0.130, 0.020,	1730, 356, 2086
0.160, 0.130, 0.020,	1730, 372, 2102
0.170, 0.130, 0.020,	1730, 396, 2126
0.180, 0.130, 0.020,	1730, 432, 2162
0.190, 0.130, 0.020,	1730, 460, 2190
0.200, 0.130, 0.020,	1730, 484, 2214
0.140, 0.140, 0.020,	1730, 336, 2066
0.150, 0.140, 0.020,	1730, 368, 2098
0.160, 0.140, 0.020,	1730, 384, 2114
0.170, 0.140, 0.020,	1730, 408, 2138
0.180, 0.140, 0.020,	1730, 444, 2174
0.190, 0.140, 0.020,	1730, 472, 2202
0.200, 0.140, 0.020,	1730, 496, 2226
0.150, 0.150, 0.020,	1730, 388, 2118
0.160, 0.150, 0.020,	1730, 404, 2134
0.170, 0.150, 0.020,	1730, 428, 2158
0.180, 0.150, 0.020,	1730, 464, 2194
0.190, 0.150, 0.020,	1730, 492, 2222
0.200, 0.150, 0.020,	1730, 516, 2246
0.160, 0.160, 0.020,	1730, 412, 2142
0.170, 0.160, 0.020,	1730, 436, 2166
0.180, 0.160, 0.020,	1730, 472, 2202
0.190, 0.160, 0.020,	1730, 500, 2230
0.200, 0.160, 0.020,	1730, 524, 2254
0.170, 0.170, 0.020,	1730, 452, 2182
0.180, 0.170, 0.020,	1730, 488, 2218
0.190, 0.170, 0.020,	1730, 516, 2246
0.200, 0.170, 0.020,	1730, 540, 2270
0.180, 0.180, 0.020,	1730, 500, 2230
0.190, 0.180, 0.020,	1730, 528, 2258
0.200, 0.180, 0.020,	1730, 552, 2282
0.190, 0.190, 0.020,	1730, 548, 2278
0.200, 0.190, 0.020,	1730, 572, 2302
0.200, 0.200, 0.020,	1730, 580, 2310
0.030, 0.030, 0.030,	1730,  92, 1822
0.040, 0.030, 0.030,	1730, 104, 1834
0.050, 0.030, 0.030,	1730, 112, 1842
0.060, 0.030, 0.030,	1730, 132, 1862
0.070, 0.030, 0.030,	1730, 140, 1870
0.080, 0.030, 0.030,	1730, 160, 1890
0.090, 0.030, 0.030,	1730, 168, 1898
0.100, 0.030, 0.030,	1730, 188, 1918
0.110, 0.030, 0.030,	1730, 212, 1942
0.120, 0.030, 0.030,	1730, 228, 1958
0.130, 0.030, 0.030,	1730, 248, 1978
0.140, 0.030, 0.030,	1730, 268, 1998
0.150, 0.030, 0.030,	1730, 300, 2030
0.160, 0.030, 0.030,	1730, 316, 2046
0.170, 0.030, 0.030,	1730, 340, 2070
0.180, 0.030, 0.030,	1730, 376, 2106
0.190, 0.030, 0.030,	1730, 404, 2134
0.200, 0.030, 0.030,	1730, 428, 2158
0.040, 0.040, 0.030,	1730, 112, 1842
0.050, 0.040, 0.030,	1730, 120, 1850
0.060, 0.040, 0.030,	1730, 140, 1870
0.070, 0.040, 0.030,	1730, 148, 1878
0.080, 0.040, 0.030,	1730, 168, 1898
0.090, 0.040, 0.030,	1730, 176, 1906
0.100, 0.040, 0.030,	1730, 196, 1926
0.110, 0.040, 0.030,	1730, 220, 1950
0.120, 0.040, 0.030,	1730, 236, 1966
0.130, 0.040, 0.030,	1730, 256, 1986
0.140, 0.040, 0.030,	1730, 276, 2006
0.150, 0.040, 0.030,	1730, 308, 2038
0.160, 0.040, 0.030,	1730, 324, 2054
0.170, 0.040, 0.030,	1730, 348, 2078
0.180, 0.040, 0.030,	1730, 384, 2114
0.190, 0.040, 0.030,	1730, 412, 2142
0.200, 0.040, 0.030,	1730, 436, 2166
0.050, 0.050, 0.030,	1730, 124, 1854
0.060, 0.050, 0.030,	1730, 144, 1874
0.070, 0.050, 0.030,	1730, 152, 1882
0.080, 0.050, 0.030,	1730, 172, 1902
0.090, 0.050, 0.030,	1730, 180, 1910
0.100, 0.050, 0.030,	1730, 200, 1930
0.110, 0.050, 0.030,	1730, 224, 1954
0.120, 0.050, 0.030,	1730, 240, 1970
0.130, 0.050, 0.030,	1730, 260, 1990
0.140, 0.050, 0.030,	1730, 280, 2010
0.150, 0.050, 0.030,	1730, 312, 2042
0.160, 0.050, 0.030,	1730, 328, 2058
0.170, 0.050, 0.030,	1730, 352, 2082
0.180, 0.050, 0.030,	1730, 388, 2118
0.190, 0.050, 0.030,	1730, 416, 2146
0.200, 0.050, 0.030,	1730, 440, 2170
0.060, 0.060, 0.030,	1730, 156, 1886
0.070, 0.060, 0.030,	1730, 164, 1894
0.080, 0.060, 0.030,	1730, 184, 1914
0.090, 0.060, 0.030,	1730, 192, 1922
0.100, 0.060, 0.030,	1730, 212, 1942
0.110, 0.060, 0.030,	1730, 236, 1966
0.120, 0.060, 0.030,	1730, 252, 1982
0.130, 0.060, 0.030,	1730, 272, 2002
0.140, 0.060, 0.030,	1730, 292, 2022
0.150, 0.060, 0.030,	1730, 324, 2054
0.160, 0.060, 0.030,	1730, 340, 2070
0.170, 0.060, 0.030,	1730, 364, 2094
0.180, 0.060, 0.030,	1730, 400, 2130
0.190, 0.060, 0.030,	1730, 428, 2158
0.200, 0.060, 0.030,	1730, 452, 2182
0.070, 0.070, 0.030,	1730, 168, 1898
0.080, 0.070, 0.030,	1730, 188, 1918
0.090, 0.070, 0.030,	1730, 196, 1926
0.100, 0.070, 0.030,	1730, 216, 1946
0.110, 0.070, 0.030,	1730, 240, 1970
0.120, 0.070, 0.030,	1730, 256, 1986
0.130, 0.070, 0.030,	1730, 276, 2006
0.140, 0.070, 0.030,	1730, 296, 2026
0.150, 0.070, 0.030,	1730, 328, 2058
0.160, 0.070, 0.030,	1730, 344, 2074
0.170, 0.070, 0.030,	1730, 368, 2098
0.180, 0.070, 0.030,	1730, 404, 2134
0.190, 0.070, 0.030,	1730, 432, 2162
0.200, 0.070, 0.030,	1730, 456, 2186
0.080, 0.080, 0.030,	1730, 204, 1934
0.090, 0.080, 0.030,	1730, 212, 1942
0.100, 0.080, 0.030,	1730, 232, 1962
0.110, 0.080, 0.030,	1730, 256, 1986
0.120, 0.080, 0.030,	1730, 272, 2002
0.130, 0.080, 0.030,	1730, 292, 2022
0.140, 0.080, 0.030,	1730, 312, 2042
0.150, 0.080, 0.030,	1730, 344, 2074
0.160, 0.080, 0.030,	1730, 360, 2090
0.170, 0.080, 0.030,	1730, 384, 2114
0.180, 0.080, 0.030,	1730, 420, 2150
0.190, 0.080, 0.030,	1730, 448, 2178
0.200, 0.080, 0.030,	1730, 472, 2202
0.090, 0.090, 0.030,	1730, 212, 1942
0.100, 0.090, 0.030,	1730, 232, 1962
0.110, 0.090, 0.030,	1730, 256, 1986
0.120, 0.090, 0.030,	1730, 272, 2002
0.130, 0.090, 0.030,	1730, 292, 2022
0.140, 0.090, 0.030,	1730, 312, 2042
0.150, 0.090, 0.030,	1730, 344, 2074
0.160, 0.090, 0.030,	1730, 360, 2090
0.170, 0.090, 0.030,	1730, 384, 2114
0.180, 0.090, 0.030,	1730, 420, 2150
0.190, 0.090, 0.030,	1730, 448, 2178
0.200, 0.090, 0.030,	1730, 472, 2202
0.100, 0.100, 0.030,	1730, 248, 1978
0.110, 0.100, 0.030,	1730, 272, 2002
0.120, 0.100, 0.030,	1730, 288, 2018
0.130, 0.100, 0.030,	1730, 308, 2038
0.140, 0.100, 0.030,	1730, 328, 2058
0.150, 0.100, 0.030,	1730, 360, 2090
0.160, 0.100, 0.030,	1730, 376, 2106
0.170, 0.100, 0.030,	1730, 400, 2130
0.180, 0.100, 0.030,	1730, 436, 2166
0.190, 0.100, 0.030,	1730, 464, 2194
0.200, 0.100, 0.030,	1730, 488, 2218
0.110, 0.110, 0.030,	1730, 280, 2010
0.120, 0.110, 0.030,	1730, 296, 2026
0.130, 0.110, 0.030,	1730, 316, 2046
0.140, 0.110, 0.030,	1730, 336, 2066
0.150, 0.110, 0.030,	1730, 368, 2098
0.160, 0.110, 0.030,	1730, 384, 2114
0.170, 0.110, 0.030,	1730, 408, 2138
0.180, 0.110, 0.030,	1730, 444, 2174
0.190, 0.110, 0.030,	1730, 472, 2202
0.200, 0.110, 0.030,	1730, 496, 2226
0.120, 0.120, 0.030,	1730, 308, 2038
0.130, 0.120, 0.030,	1730, 328, 2058
0.140, 0.120, 0.030,	1730, 348, 2078
0.150, 0.120, 0.030,	1730, 380, 2110
0.160, 0.120, 0.030,	1730, 396, 2126
0.170, 0.120, 0.030,	1730, 420, 2150
0.180, 0.120, 0.030,	1730, 456, 2186
0.190, 0.120, 0.030,	1730, 484, 2214
0.200, 0.120, 0.030,	1730, 508, 2238
0.130, 0.130, 0.030,	1730, 336, 2066
0.140, 0.130, 0.030,	1730, 356, 2086
0.150, 0.130, 0.030,	1730, 388, 2118
0.160, 0.130, 0.030,	1730, 404, 2134
0.170, 0.130, 0.030,	1730, 428, 2158
0.180, 0.130, 0.030,	1730, 464, 2194
0.190, 0.130, 0.030,	1730, 492, 2222
0.200, 0.130, 0.030,	1730, 516, 2246
0.140, 0.140, 0.030,	1730, 368, 2098
0.150, 0.140, 0.030,	1730, 400, 2130
0.160, 0.140, 0.030,	1730, 416, 2146
0.170, 0.140, 0.030,	1730, 440, 2170
0.180, 0.140, 0.030,	1730, 476, 2206
0.190, 0.140, 0.030,	1730, 504, 2234
0.200, 0.140, 0.030,	1730, 528, 2258
0.150, 0.150, 0.030,	1730, 420, 2150
0.160, 0.150, 0.030,	1730, 436, 2166
0.170, 0.150, 0.030,	1730, 460, 2190
0.180, 0.150, 0.030,	1730, 496, 2226
0.190, 0.150, 0.030,	1730, 524, 2254
0.200, 0.150, 0.030,	1730, 548, 2278
0.160, 0.160, 0.030,	1730, 444, 2174
0.170, 0.160, 0.030,	1730, 468, 2198
0.180, 0.160, 0.030,	1730, 504, 2234
0.190, 0.160, 0.030,	1730, 532, 2262
0.200, 0.160, 0.030,	1730, 556, 2286
0.170, 0.170, 0.030,	1730, 484, 2214
0.180, 0.170, 0.030,	1730, 520, 2250
0.190, 0.170, 0.030,	1730, 548, 2278
0.200, 0.170, 0.030,	1730, 572, 2302
0.180, 0.180, 0.030,	1730, 532, 2262
0.190, 0.180, 0.030,	1730, 560, 2290
0.200, 0.180, 0.030,	1730, 584, 2314
0.190, 0.190, 0.030,	1730, 580, 2310
0.200, 0.190, 0.030,	1730, 604, 2334
0.200, 0.200, 0.030,	1730, 612, 2342
0.040, 0.040, 0.040,	1730, 160, 1890
0.050, 0.040, 0.040,	1730, 168, 1898
0.060, 0.040, 0.040,	1730, 188, 1918
0.070, 0.040, 0.040,	1730, 196, 1926
0.080, 0.040, 0.040,	1730, 216, 1946
0.090, 0.040, 0.040,	1730, 224, 1954
0.100, 0.040, 0.040,	1730, 244, 1974
0.110, 0.040, 0.040,	1730, 268, 1998
0.120, 0.040, 0.040,	1730, 284, 2014
0.130, 0.040, 0.040,	1730, 304, 2034
0.140, 0.040, 0.040,	1730, 324, 2054
0.150, 0.040, 0.040,	1730, 356, 2086
0.160, 0.040, 0.040,	1730, 372, 2102
0.170, 0.040, 0.040,	1730, 396, 2126
0.180, 0.040, 0.040,	1730, 432, 2162
0.190, 0.040, 0.040,	1730, 460, 2190
0.200, 0.040, 0.040,	1730, 484, 2214
0.050, 0.050, 0.040,	1730, 172, 1902
0.060, 0.050, 0.040,	1730, 192, 1922
0.070, 0.050, 0.040,	1730, 200, 1930
0.080, 0.050, 0.040,	1730, 220, 1950
0.090, 0.050, 0.040,	1730, 228, 1958
0.100, 0.050, 0.040,	1730, 248, 1978
0.110, 0.050, 0.040,	1730, 272, 2002
0.120, 0.050, 0.040,	1730, 288, 2018
0.130, 0.050, 0.040,	1730, 308, 2038
0.140, 0.050, 0.040,	1730, 328, 2058
0.150, 0.050, 0.040,	1730, 360, 2090
0.160, 0.050, 0.040,	1730, 376, 2106
0.170, 0.050, 0.040,	1730, 400, 2130
0.180, 0.050, 0.040,	1730, 436, 2166
0.190, 0.050, 0.040,	1730, 464, 2194
0.200, 0.050, 0.040,	1730, 488, 2218
0.060, 0.060, 0.040,	1730, 204, 1934
0.070, 0.060, 0.040,	1730, 212, 1942
0.080, 0.060, 0.040,	1730, 232, 1962
0.090, 0.060, 0.040,	1730, 240, 1970
0.100, 0.060, 0.040,	1730, 260, 1990
0.110, 0.060, 0.040,	1730, 284, 2014
0.120, 0.060, 0.040,	1730, 300, 2030
0.130, 0.060, 0.040,	1730, 320, 2050
0.140, 0.060, 0.040,	1730, 340, 2070
0.150, 0.060, 0.040,	1730, 372, 2102
0.160, 0.060, 0.040,	1730, 388, 2118
0.170, 0.060, 0.040,	1730, 412, 2142
0.180, 0.060, 0.040,	1730, 448, 2178
0.190, 0.060, 0.040,	1730, 476, 2206
0.200, 0.060, 0.040,	1730, 500, 2230
0.070, 0.070, 0.040,	1730, 216, 1946
0.080, 0.070, 0.040,	1730, 236, 1966
0.090, 0.070, 0.040,	1730, 244, 1974
0.100, 0.070, 0.040,	1730, 264, 1994
0.110, 0.070, 0.040,	1730, 288, 2018
0.120, 0.070, 0.040,	1730, 304, 2034
0.130, 0.070, 0.040,	1730, 324, 2054
0.140, 0.070, 0.040,	1730, 344, 2074
0.150, 0.070, 0.040,	1730, 376, 2106
0.160, 0.070, 0.040,	1730, 392, 2122
0.170, 0.070, 0.040,	1730, 416, 2146
0.180, 0.070, 0.040,	1730, 452, 2182
0.190, 0.070, 0.040,	1730, 480, 2210
0.200, 0.070, 0.040,	1730, 504, 2234
0.080, 0.080, 0.040,	1730, 252, 1982
0.090, 0.080, 0.040,	1730, 260, 1990
0.100, 0.080, 0.040,	1730, 280, 2010
0.110, 0.080, 0.040,	1730, 304, 2034
0.120, 0.080, 0.040,	1730, 320, 2050
0.130, 0.080, 0.040,	1730, 340, 2070
0.140, 0.080, 0.040,	1730, 360, 2090
0.150, 0.080, 0.040,	1730, 392, 2122
0.160, 0.080, 0.040,	1730, 408, 2138
0.170, 0.080, 0.040,	1730, 432, 2162
0.180, 0.080, 0.040,	1730, 468, 2198
0.190, 0.080, 0.040,	1730, 496, 2226
0.200, 0.080, 0.040,	1730, 520, 2250
0.090, 0.090, 0.040,	1730, 260, 1990
0.100, 0.090, 0.040,	1730, 280, 2010
0.110, 0.090, 0.040,	1730, 304, 2034
0.120, 0.090, 0.040,	1730, 320, 2050
0.130, 0.090, 0.040,	1730, 340, 2070
0.140, 0.090, 0.040,	1730, 360, 2090
0.150, 0.090, 0.040,	1730, 392, 2122
0.160, 0.090, 0.040,	1730, 408, 2138
0.170, 0.090, 0.040,	1730, 432, 2162
0.180, 0.090, 0.040,	1730, 468, 2198
0.190, 0.090, 0.040,	1730, 496, 2226
0.200, 0.090, 0.040,	1730, 520, 2250
0.100, 0.100, 0.040,	1730, 296, 2026
0.110, 0.100, 0.040,	1730, 320, 2050
0.120, 0.100, 0.040,	1730, 336, 2066
0.130, 0.100, 0.040,	1730, 356, 2086
0.140, 0.100, 0.040,	1730, 376, 2106
0.150, 0.100, 0.040,	1730, 408, 2138
0.160, 0.100, 0.040,	1730, 424, 2154
0.170, 0.100, 0.040,	1730, 448, 2178
0.180, 0.100, 0.040,	1730, 484, 2214
0.190, 0.100, 0.040,	1730, 512, 2242
0.200, 0.100, 0.040,	1730, 536, 2266
0.110, 0.110, 0.040,	1730, 328, 2058
0.120, 0.110, 0.040,	1730, 344, 2074
0.130, 0.110, 0.040,	1730, 364, 2094
0.140, 0.110, 0.040,	1730, 384, 2114
0.150, 0.110, 0.040,	1730, 416, 2146
0.160, 0.110, 0.040,	1730, 432, 2162
0.170, 0.110, 0.040,	1730, 456, 2186
0.180, 0.110, 0.040,	1730, 492, 2222
0.190, 0.110, 0.040,	1730, 520, 2250
0.200, 0.110, 0.040,	1730, 544, 2274
0.120, 0.120, 0.040,	1730, 356, 2086
0.130, 0.120, 0.040,	1730, 376, 2106
0.140, 0.120, 0.040,	1730, 396, 2126
0.150, 0.120, 0.040,	1730, 428, 2158
0.160, 0.120, 0.040,	1730, 444, 2174
0.170, 0.120, 0.040,	1730, 468, 2198
0.180, 0.120, 0.040,	1730, 504, 2234
0.190, 0.120, 0.040,	1730, 532, 2262
0.200, 0.120, 0.040,	1730, 556, 2286
0.130, 0.130, 0.040,	1730, 384, 2114
0.140, 0.130, 0.040,	1730, 404, 2134
0.150, 0.130, 0.040,	1730, 436, 2166
0.160, 0.130, 0.040,	1730, 452, 2182
0.170, 0.130, 0.040,	1730, 476, 2206
0.180, 0.130, 0.040,	1730, 512, 2242
0.190, 0.130, 0.040,	1730, 540, 2270
0.200, 0.130, 0.040,	1730, 564, 2294
0.140, 0.140, 0.040,	1730, 416, 2146
0.150, 0.140, 0.040,	1730, 448, 2178
0.160, 0.140, 0.040,	1730, 464, 2194
0.170, 0.140, 0.040,	1730, 488, 2218
0.180, 0.140, 0.040,	1730, 524, 2254
0.190, 0.140, 0.040,	1730, 552, 2282
0.200, 0.140, 0.040,	1730, 576, 2306
0.150, 0.150, 0.040,	1730, 468, 2198
0.160, 0.150, 0.040,	1730, 484, 2214
0.170, 0.150, 0.040,	1730, 508, 2238
0.180, 0.150, 0.040,	1730, 544, 2274
0.190, 0.150, 0.040,	1730, 572, 2302
0.200, 0.150, 0.040,	1730, 596, 2326
0.160, 0.160, 0.040,	1730, 492, 2222
0.170, 0.160, 0.040,	1730, 516, 2246
0.180, 0.160, 0.040,	1730, 552, 2282
0.190, 0.160, 0.040,	1730, 580, 2310
0.200, 0.160, 0.040,	1730, 604, 2334
0.170, 0.170, 0.040,	1730, 532, 2262
0.180, 0.170, 0.040,	1730, 568, 2298
0.190, 0.170, 0.040,	1730, 596, 2326
0.200, 0.170, 0.040,	1730, 620, 2350
0.180, 0.180, 0.040,	1730, 580, 2310
0.190, 0.180, 0.040,	1730, 608, 2338
0.200, 0.180, 0.040,	1730, 632, 2362
0.190, 0.190, 0.040,	1730, 628, 2358
0.200, 0.190, 0.040,	1730, 652, 2382
0.200, 0.200, 0.040,	1730, 660, 2390
0.050, 0.050, 0.050,	1730, 204, 1934
0.060, 0.050, 0.050,	1730, 224, 1954
0.070, 0.050, 0.050,	1730, 232, 1962
0.080, 0.050, 0.050,	1730, 252, 1982
0.090, 0.050, 0.050,	1730, 260, 1990
0.100, 0.050, 0.050,	1730, 280, 2010
0.110, 0.050, 0.050,	1730, 304, 2034
0.120, 0.050, 0.050,	1730, 320, 2050
0.130, 0.050, 0.050,	1730, 340, 2070
0.140, 0.050, 0.050,	1730, 360, 2090
0.150, 0.050, 0.050,	1730, 392, 2122
0.160, 0.050, 0.050,	1730, 408, 2138
0.170, 0.050, 0.050,	1730, 432, 2162
0.180, 0.050, 0.050,	1730, 468, 2198
0.190, 0.050, 0.050,	1730, 496, 2226
0.200, 0.050, 0.050,	1730, 520, 2250
0.060, 0.060, 0.050,	1730, 236, 1966
0.070, 0.060, 0.050,	1730, 244, 1974
0.080, 0.060, 0.050,	1730, 264, 1994
0.090, 0.060, 0.050,	1730, 272, 2002
0.100, 0.060, 0.050,	1730, 292, 2022
0.110, 0.060, 0.050,	1730, 316, 2046
0.120, 0.060, 0.050,	1730, 332, 2062
0.130, 0.060, 0.050,	1730, 352, 2082
0.140, 0.060, 0.050,	1730, 372, 2102
0.150, 0.060, 0.050,	1730, 404, 2134
0.160, 0.060, 0.050,	1730, 420, 2150
0.170, 0.060, 0.050,	1730, 444, 2174
0.180, 0.060, 0.050,	1730, 480, 2210
0.190, 0.060, 0.050,	1730, 508, 2238
0.200, 0.060, 0.050,	1730, 532, 2262
0.070, 0.070, 0.050,	1730, 248, 1978
0.080, 0.070, 0.050,	1730, 268, 1998
0.090, 0.070, 0.050,	1730, 276, 2006
0.100, 0.070, 0.050,	1730, 296, 2026
0.110, 0.070, 0.050,	1730, 320, 2050
0.120, 0.070, 0.050,	1730, 336, 2066
0.130, 0.070, 0.050,	1730, 356, 2086
0.140, 0.070, 0.050,	1730, 376, 2106
0.150, 0.070, 0.050,	1730, 408, 2138
0.160, 0.070, 0.050,	1730, 424, 2154
0.170, 0.070, 0.050,	1730, 448, 2178
0.180, 0.070, 0.050,	1730, 484, 2214
0.190, 0.070, 0.050,	1730, 512, 2242
0.200, 0.070, 0.050,	1730, 536, 2266
0.080, 0.080, 0.050,	1730, 284, 2014
0.090, 0.080, 0.050,	1730, 292, 2022
0.100, 0.080, 0.050,	1730, 312, 2042
0.110, 0.080, 0.050,	1730, 336, 2066
0.120, 0.080, 0.050,	1730, 352, 2082
0.130, 0.080, 0.050,	1730, 372, 2102
0.140, 0.080, 0.050,	1730, 392, 2122
0.150, 0.080, 0.050,	1730, 424, 2154
0.160, 0.080, 0.050,	1730, 440, 2170
0.170, 0.080, 0.050,	1730, 464, 2194
0.180, 0.080, 0.050,	1730, 500, 2230
0.190, 0.080, 0.050,	1730, 528, 2258
0.200, 0.080, 0.050,	1730, 552, 2282
0.090, 0.090, 0.050,	1730, 292, 2022
0.100, 0.090, 0.050,	1730, 312, 2042
0.110, 0.090, 0.050,	1730, 336, 2066
0.120, 0.090, 0.050,	1730, 352, 2082
0.130, 0.090, 0.050,	1730, 372, 2102
0.140, 0.090, 0.050,	1730, 392, 2122
0.150, 0.090, 0.050,	1730, 424, 2154
0.160, 0.090, 0.050,	1730, 440, 2170
0.170, 0.090, 0.050,	1730, 464, 2194
0.180, 0.090, 0.050,	1730, 500, 2230
0.190, 0.090, 0.050,	1730, 528, 2258
0.200, 0.090, 0.050,	1730, 552, 2282
0.100, 0.100, 0.050,	1730, 328, 2058
0.110, 0.100, 0.050,	1730, 352, 2082
0.120, 0.100, 0.050,	1730, 368, 2098
0.130, 0.100, 0.050,	1730, 388, 2118
0.140, 0.100, 0.050,	1730, 408, 2138
0.150, 0.100, 0.050,	1730, 440, 2170
0.160, 0.100, 0.050,	1730, 456, 2186
0.170, 0.100, 0.050,	1730, 480, 2210
0.180, 0.100, 0.050,	1730, 516, 2246
0.190, 0.100, 0.050,	1730, 544, 2274
0.200, 0.100, 0.050,	1730, 568, 2298
0.110, 0.110, 0.050,	1730, 360, 2090
0.120, 0.110, 0.050,	1730, 376, 2106
0.130, 0.110, 0.050,	1730, 396, 2126
0.140, 0.110, 0.050,	1730, 416, 2146
0.150, 0.110, 0.050,	1730, 448, 2178
0.160, 0.110, 0.050,	1730, 464, 2194
0.170, 0.110, 0.050,	1730, 488, 2218
0.180, 0.110, 0.050,	1730, 524, 2254
0.190, 0.110, 0.050,	1730, 552, 2282
0.200, 0.110, 0.050,	1730, 576, 2306
0.120, 0.120, 0.050,	1730, 388, 2118
0.130, 0.120, 0.050,	1730, 408, 2138
0.140, 0.120, 0.050,	1730, 428, 2158
0.150, 0.120, 0.050,	1730, 460, 2190
0.160, 0.120, 0.050,	1730, 476, 2206
0.170, 0.120, 0.050,	1730, 500, 2230
0.180, 0.120, 0.050,	1730, 536, 2266
0.190, 0.120, 0.050,	1730, 564, 2294
0.200, 0.120, 0.050,	1730, 588, 2318
0.130, 0.130, 0.050,	1730, 416, 2146
0.140, 0.130, 0.050,	1730, 436, 2166
0.150, 0.130, 0.050,	1730, 468, 2198
0.160, 0.130, 0.050,	1730, 484, 2214
0.170, 0.130, 0.050,	1730, 508, 2238
0.180, 0.130, 0.050,	1730, 544, 2274
0.190, 0.130, 0.050,	1730, 572, 2302
0.200, 0.130, 0.050,	1730, 596, 2326
0.140, 0.140, 0.050,	1730, 448, 2178
0.150, 0.140, 0.050,	1730, 480, 2210
0.160, 0.140, 0.050,	1730, 496, 2226
0.170, 0.140, 0.050,	1730, 520, 2250
0.180, 0.140, 0.050,	1730, 556, 2286
0.190, 0.140, 0.050,	1730, 584, 2314
0.200, 0.140, 0.050,	1730, 608, 2338
0.150, 0.150, 0.050,	1730, 500, 2230
0.160, 0.150, 0.050,	1730, 516, 2246
0.170, 0.150, 0.050,	1730, 540, 2270
0.180, 0.150, 0.050,	1730, 576, 2306
0.190, 0.150, 0.050,	1730, 604, 2334
0.200, 0.150, 0.050,	1730, 628, 2358
0.160, 0.160, 0.050,	1730, 524, 2254
0.170, 0.160, 0.050,	1730, 548, 2278
0.180, 0.160, 0.050,	1730, 584, 2314
0.190, 0.160, 0.050,	1730, 612, 2342
0.200, 0.160, 0.050,	1730, 636, 2366
0.170, 0.170, 0.050,	1730, 564, 2294
0.180, 0.170, 0.050,	1730, 600, 2330
0.190, 0.170, 0.050,	1730, 628, 2358
0.200, 0.170, 0.050,	1730, 652, 2382
0.180, 0.180, 0.050,	1730, 612, 2342
0.190, 0.180, 0.050,	1730, 640, 2370
0.200, 0.180, 0.050,	1730, 664, 2394
0.190, 0.190, 0.050,	1730, 660, 2390
0.200, 0.190, 0.050,	1730, 684, 2414
0.200, 0.200, 0.050,	1730, 692, 2422
0.060, 0.060, 0.060,	1730, 316, 2046
0.070, 0.060, 0.060,	1730, 324, 2054
0.080, 0.060, 0.060,	1730, 344, 2074
0.090, 0.060, 0.060,	1730, 352, 2082
0.100, 0.060, 0.060,	1730, 372, 2102
0.110, 0.060, 0.060,	1730, 396, 2126
0.120, 0.060, 0.060,	1730, 412, 2142
0.130, 0.060, 0.060,	1730, 432, 2162
0.140, 0.060, 0.060,	1730, 452, 2182
0.150, 0.060, 0.060,	1730, 484, 2214
0.160, 0.060, 0.060,	1730, 500, 2230
0.170, 0.060, 0.060,	1730, 524, 2254
0.180, 0.060, 0.060,	1730, 560, 2290
0.190, 0.060, 0.060,	1730, 588, 2318
0.200, 0.060, 0.060,	1730, 612, 2342
0.070, 0.070, 0.060,	1730, 328, 2058
0.080, 0.070, 0.060,	1730, 348, 2078
0.090, 0.070, 0.060,	1730, 356, 2086
0.100, 0.070, 0.060,	1730, 376, 2106
0.110, 0.070, 0.060,	1730, 400, 2130
0.120, 0.070, 0.060,	1730, 416, 2146
0.130, 0.070, 0.060,	1730, 436, 2166
0.140, 0.070, 0.060,	1730, 456, 2186
0.150, 0.070, 0.060,	1730, 488, 2218
0.160, 0.070, 0.060,	1730, 504, 2234
0.170, 0.070, 0.060,	1730, 528, 2258
0.180, 0.070, 0.060,	1730, 564, 2294
0.190, 0.070, 0.060,	1730, 592, 2322
0.200, 0.070, 0.060,	1730, 616, 2346
0.080, 0.080, 0.060,	1730, 364, 2094
0.090, 0.080, 0.060,	1730, 372, 2102
0.100, 0.080, 0.060,	1730, 392, 2122
0.110, 0.080, 0.060,	1730, 416, 2146
0.120, 0.080, 0.060,	1730, 432, 2162
0.130, 0.080, 0.060,	1730, 452, 2182
0.140, 0.080, 0.060,	1730, 472, 2202
0.150, 0.080, 0.060,	1730, 504, 2234
0.160, 0.080, 0.060,	1730, 520, 2250
0.170, 0.080, 0.060,	1730, 544, 2274
0.180, 0.080, 0.060,	1730, 580, 2310
0.190, 0.080, 0.060,	1730, 608, 2338
0.200, 0.080, 0.060,	1730, 632, 2362
0.090, 0.090, 0.060,	1730, 372, 2102
0.100, 0.090, 0.060,	1730, 392, 2122
0.110, 0.090, 0.060,	1730, 416, 2146
0.120, 0.090, 0.060,	1730, 432, 2162
0.130, 0.090, 0.060,	1730, 452, 2182
0.140, 0.090, 0.060,	1730, 472, 2202
0.150, 0.090, 0.060,	1730, 504, 2234
0.160, 0.090, 0.060,	1730, 520, 2250
0.170, 0.090, 0.060,	1730, 544, 2274
0.180, 0.090, 0.060,	1730, 580, 2310
0.190, 0.090, 0.060,	1730, 608, 2338
0.200, 0.090, 0.060,	1730, 632, 2362
0.100, 0.100, 0.060,	1730, 408, 2138
0.110, 0.100, 0.060,	1730, 432, 2162
0.120, 0.100, 0.060,	1730, 448, 2178
0.130, 0.100, 0.060,	1730, 468, 2198
0.140, 0.100, 0.060,	1730, 488, 2218
0.150, 0.100, 0.060,	1730, 520, 2250
0.160, 0.100, 0.060,	1730, 536, 2266
0.170, 0.100, 0.060,	1730, 560, 2290
0.180, 0.100, 0.060,	1730, 596, 2326
0.190, 0.100, 0.060,	1730, 624, 2354
0.200, 0.100, 0.060,	1730, 648, 2378
0.110, 0.110, 0.060,	1730, 440, 2170
0.120, 0.110, 0.060,	1730, 456, 2186
0.130, 0.110, 0.060,	1730, 476, 2206
0.140, 0.110, 0.060,	1730, 496, 2226
0.150, 0.110, 0.060,	1730, 528, 2258
0.160, 0.110, 0.060,	1730, 544, 2274
0.170, 0.110, 0.060,	1730, 568, 2298
0.180, 0.110, 0.060,	1730, 604, 2334
0.190, 0.110, 0.060,	1730, 632, 2362
0.200, 0.110, 0.060,	1730, 656, 2386
0.120, 0.120, 0.060,	1730, 468, 2198
0.130, 0.120, 0.060,	1730, 488, 2218
0.140, 0.120, 0.060,	1730, 508, 2238
0.150, 0.120, 0.060,	1730, 540, 2270
0.160, 0.120, 0.060,	1730, 556, 2286
0.170, 0.120, 0.060,	1730, 580, 2310
0.180, 0.120, 0.060,	1730, 616, 2346
0.190, 0.120, 0.060,	1730, 644, 2374
0.200, 0.120, 0.060,	1730, 668, 2398
0.130, 0.130, 0.060,	1730, 496, 2226
0.140, 0.130, 0.060,	1730, 516, 2246
0.150, 0.130, 0.060,	1730, 548, 2278
0.160, 0.130, 0.060,	1730, 564, 2294
0.170, 0.130, 0.060,	1730, 588, 2318
0.180, 0.130, 0.060,	1730, 624, 2354
0.190, 0.130, 0.060,	1730, 652, 2382
0.200, 0.130, 0.060,	1730, 676, 2406
0.140, 0.140, 0.060,	1730, 528, 2258
0.150, 0.140, 0.060,	1730, 560, 2290
0.160, 0.140, 0.060,	1730, 576, 2306
0.170, 0.140, 0.060,	1730, 600, 2330
0.180, 0.140, 0.060,	1730, 636, 2366
0.190, 0.140, 0.060,	1730, 664, 2394
0.200, 0.140, 0.060,	1730, 688, 2418
0.150, 0.150, 0.060,	1730, 580, 2310
0.160, 0.150, 0.060,	1730, 596, 2326
0.170, 0.150, 0.060,	1730, 620, 2350
0.180, 0.150, 0.060,	1730, 656, 2386
0.190, 0.150, 0.060,	1730, 684, 2414
0.200, 0.150, 0.060,	1730, 708, 2438
0.160, 0.160, 0.060,	1730, 604, 2334
0.170, 0.160, 0.060,	1730, 628, 2358
0.180, 0.160, 0.060,	1730, 664, 2394
0.190, 0.160, 0.060,	1730, 692, 2422
0.200, 0.160, 0.060,	1730, 716, 2446
0.170, 0.170, 0.060,	1730, 644, 2374
0.180, 0.170, 0.060,	1730, 680, 2410
0.190, 0.170, 0.060,	1730, 708, 2438
0.200, 0.170, 0.060,	1730, 732, 2462
0.180, 0.180, 0.060,	1730, 692, 2422
0.190, 0.180, 0.060,	1730, 720, 2450
0.200, 0.180, 0.060,	1730, 744, 2474
0.190, 0.190, 0.060,	1730, 740, 2470
0.200, 0.190, 0.060,	1730, 764, 2494
0.200, 0.200, 0.060,	1730, 772, 2502
0.070, 0.070, 0.070,	1730, 360, 2090
0.080, 0.070, 0.070,	1730, 380, 2110
0.090, 0.070, 0.070,	1730, 388, 2118
0.100, 0.070, 0.070,	1730, 408, 2138
0.110, 0.070, 0.070,	1730, 432, 2162
0.120, 0.070, 0.070,	1730, 448, 2178
0.130, 0.070, 0.070,	1730, 468, 2198
0.140, 0.070, 0.070,	1730, 488, 2218
0.150, 0.070, 0.070,	1730, 520, 2250
0.160, 0.070, 0.070,	1730, 536, 2266
0.170, 0.070, 0.070,	1730, 560, 2290
0.180, 0.070, 0.070,	1730, 596, 2326
0.190, 0.070, 0.070,	1730, 624, 2354
0.200, 0.070, 0.070,	1730, 648, 2378
0.080, 0.080, 0.070,	1730, 396, 2126
0.090, 0.080, 0.070,	1730, 404, 2134
0.100, 0.080, 0.070,	1730, 424, 2154
0.110, 0.080, 0.070,	1730, 448, 2178
0.120, 0.080, 0.070,	1730, 464, 2194
0.130, 0.080, 0.070,	1730, 484, 2214
0.140, 0.080, 0.070,	1730, 504, 2234
0.150, 0.080, 0.070,	1730, 536, 2266
0.160, 0.080, 0.070,	1730, 552, 2282
0.170, 0.080, 0.070,	1730, 576, 2306
0.180, 0.080, 0.070,	1730, 612, 2342
0.190, 0.080, 0.070,	1730, 640, 2370
0.200, 0.080, 0.070,	1730, 664, 2394
0.090, 0.090, 0.070,	1730, 404, 2134
0.100, 0.090, 0.070,	1730, 424, 2154
0.110, 0.090, 0.070,	1730, 448, 2178
0.120, 0.090, 0.070,	1730, 464, 2194
0.130, 0.090, 0.070,	1730, 484, 2214
0.140, 0.090, 0.070,	1730, 504, 2234
0.150, 0.090, 0.070,	1730, 536, 2266
0.160, 0.090, 0.070,	1730, 552, 2282
0.170, 0.090, 0.070,	1730, 576, 2306
0.180, 0.090, 0.070,	1730, 612, 2342
0.190, 0.090, 0.070,	1730, 640, 2370
0.200, 0.090, 0.070,	1730, 664, 2394
0.100, 0.100, 0.070,	1730, 440, 2170
0.110, 0.100, 0.070,	1730, 464, 2194
0.120, 0.100, 0.070,	1730, 480, 2210
0.130, 0.100, 0.070,	1730, 500, 2230
0.140, 0.100, 0.070,	1730, 520, 2250
0.150, 0.100, 0.070,	1730, 552, 2282
0.160, 0.100, 0.070,	1730, 568, 2298
0.170, 0.100, 0.070,	1730, 592, 2322
0.180, 0.100, 0.070,	1730, 628, 2358
0.190, 0.100, 0.070,	1730, 656, 2386
0.200, 0.100, 0.070,	1730, 680, 2410
0.110, 0.110, 0.070,	1730, 472, 2202
0.120, 0.110, 0.070,	1730, 488, 2218
0.130, 0.110, 0.070,	1730, 508, 2238
0.140, 0.110, 0.070,	1730, 528, 2258
0.150, 0.110, 0.070,	1730, 560, 2290
0.160, 0.110, 0.070,	1730, 576, 2306
0.170, 0.110, 0.070,	1730, 600, 2330
0.180, 0.110, 0.070,	1730, 636, 2366
0.190, 0.110, 0.070,	1730, 664, 2394
0.200, 0.110, 0.070,	1730, 688, 2418
0.120, 0.120, 0.070,	1730, 500, 2230
0.130, 0.120, 0.070,	1730, 520, 2250
0.140, 0.120, 0.070,	1730, 540, 2270
0.150, 0.120, 0.070,	1730, 572, 2302
0.160, 0.120, 0.070,	1730, 588, 2318
0.170, 0.120, 0.070,	1730, 612, 2342
0.180, 0.120, 0.070,	1730, 648, 2378
0.190, 0.120, 0.070,	1730, 676, 2406
0.200, 0.120, 0.070,	1730, 700, 2430
0.130, 0.130, 0.070,	1730, 528, 2258
0.140, 0.130, 0.070,	1730, 548, 2278
0.150, 0.130, 0.070,	1730, 580, 2310
0.160, 0.130, 0.070,	1730, 596, 2326
0.170, 0.130, 0.070,	1730, 620, 2350
0.180, 0.130, 0.070,	1730, 656, 2386
0.190, 0.130, 0.070,	1730, 684, 2414
0.200, 0.130, 0.070,	1730, 708, 2438
0.140, 0.140, 0.070,	1730, 560, 2290
0.150, 0.140, 0.070,	1730, 592, 2322
0.160, 0.140, 0.070,	1730, 608, 2338
0.170, 0.140, 0.070,	1730, 632, 2362
0.180, 0.140, 0.070,	1730, 668, 2398
0.190, 0.140, 0.070,	1730, 696, 2426
0.200, 0.140, 0.070,	1730, 720, 2450
0.150, 0.150, 0.070,	1730, 612, 2342
0.160, 0.150, 0.070,	1730, 628, 2358
0.170, 0.150, 0.070,	1730, 652, 2382
0.180, 0.150, 0.070,	1730, 688, 2418
0.190, 0.150, 0.070,	1730, 716, 2446
0.200, 0.150, 0.070,	1730, 740, 2470
0.160, 0.160, 0.070,	1730, 636, 2366
0.170, 0.160, 0.070,	1730, 660, 2390
0.180, 0.160, 0.070,	1730, 696, 2426
0.190, 0.160, 0.070,	1730, 724, 2454
0.200, 0.160, 0.070,	1730, 748, 2478
0.170, 0.170, 0.070,	1730, 676, 2406
0.180, 0.170, 0.070,	1730, 712, 2442
0.190, 0.170, 0.070,	1730, 740, 2470
0.200, 0.170, 0.070,	1730, 764, 2494
0.180, 0.180, 0.070,	1730, 724, 2454
0.190, 0.180, 0.070,	1730, 752, 2482
0.200, 0.180, 0.070,	1730, 776, 2506
0.190, 0.190, 0.070,	1730, 772, 2502
0.200, 0.190, 0.070,	1730, 796, 2526
0.200, 0.200, 0.070,	1730, 804, 2534
0.080, 0.080, 0.080,	1730, 476, 2206
0.090, 0.080, 0.080,	1730, 484, 2214
0.100, 0.080, 0.080,	1730, 504, 2234
0.110, 0.080, 0.080,	1730, 528, 2258
0.120, 0.080, 0.080,	1730, 544, 2274
0.130, 0.080, 0.080,	1730, 564, 2294
0.140, 0.080, 0.080,	1730, 584, 2314
0.150, 0.080, 0.080,	1730, 616, 2346
0.160, 0.080, 0.080,	1730, 632, 2362
0.170, 0.080, 0.080,	1730, 656, 2386
0.180, 0.080, 0.080,	1730, 692, 2422
0.190, 0.080, 0.080,	1730, 720, 2450
0.200, 0.080, 0.080,	1730, 744, 2474
0.090, 0.090, 0.080,	1730, 484, 2214
0.100, 0.090, 0.080,	1730, 504, 2234
0.110, 0.090, 0.080,	1730, 528, 2258
0.120, 0.090, 0.080,	1730, 544, 2274
0.130, 0.090, 0.080,	1730, 564, 2294
0.140, 0.090, 0.080,	1730, 584, 2314
0.150, 0.090, 0.080,	1730, 616, 2346
0.160, 0.090, 0.080,	1730, 632, 2362
0.170, 0.090, 0.080,	1730, 656, 2386
0.180, 0.090, 0.080,	1730, 692, 2422
0.190, 0.090, 0.080,	1730, 720, 2450
0.200, 0.090, 0.080,	1730, 744, 2474
0.100, 0.100, 0.080,	1730, 520, 2250
0.110, 0.100, 0.080,	1730, 544, 2274
0.120, 0.100, 0.080,	1730, 560, 2290
0.130, 0.100, 0.080,	1730, 580, 2310
0.140, 0.100, 0.080,	1730, 600, 2330
0.150, 0.100, 0.080,	1730, 632, 2362
0.160, 0.100, 0.080,	1730, 648, 2378
0.170, 0.100, 0.080,	1730, 672, 2402
0.180, 0.100, 0.080,	1730, 708, 2438
0.190, 0.100, 0.080,	1730, 736, 2466
0.200, 0.100, 0.080,	1730, 760, 2490
0.110, 0.110, 0.080,	1730, 552, 2282
0.120, 0.110, 0.080,	1730, 568, 2298
0.130, 0.110, 0.080,	1730, 588, 2318
0.140, 0.110, 0.080,	1730, 608, 2338
0.150, 0.110, 0.080,	1730, 640, 2370
0.160, 0.110, 0.080,	1730, 656, 2386
0.170, 0.110, 0.080,	1730, 680, 2410
0.180, 0.110, 0.080,	1730, 716, 2446
0.190, 0.110, 0.080,	1730, 744, 2474
0.200, 0.110, 0.080,	1730, 768, 2498
0.120, 0.120, 0.080,	1730, 580, 2310
0.130, 0.120, 0.080,	1730, 600, 2330
0.140, 0.120, 0.080,	1730, 620, 2350
0.150, 0.120, 0.080,	1730, 652, 2382
0.160, 0.120, 0.080,	1730, 668, 2398
0.170, 0.120, 0.080,	1730, 692, 2422
0.180, 0.120, 0.080,	1730, 728, 2458
0.190, 0.120, 0.080,	1730, 756, 2486
0.200, 0.120, 0.080,	1730, 780, 2510
0.130, 0.130, 0.080,	1730, 608, 2338
0.140, 0.130, 0.080,	1730, 628, 2358
0.150, 0.130, 0.080,	1730, 660, 2390
0.160, 0.130, 0.080,	1730, 676, 2406
0.170, 0.130, 0.080,	1730, 700, 2430
0.180, 0.130, 0.080,	1730, 736, 2466
0.190, 0.130, 0.080,	1730, 764, 2494
0.200, 0.130, 0.080,	1730, 788, 2518
0.140, 0.140, 0.080,	1730, 640, 2370
0.150, 0.140, 0.080,	1730, 672, 2402
0.160, 0.140, 0.080,	1730, 688, 2418
0.170, 0.140, 0.080,	1730, 712, 2442
0.180, 0.140, 0.080,	1730, 748, 2478
0.190, 0.140, 0.080,	1730, 776, 2506
0.200, 0.140, 0.080,	1730, 800, 2530
0.150, 0.150, 0.080,	1730, 692, 2422
0.160, 0.150, 0.080,	1730, 708, 2438
0.170, 0.150, 0.080,	1730, 732, 2462
0.180, 0.150, 0.080,	1730, 768, 2498
0.190, 0.150, 0.080,	1730, 796, 2526
0.200, 0.150, 0.080,	1730, 820, 2550
0.160, 0.160, 0.080,	1730, 716, 2446
0.170, 0.160, 0.080,	1730, 740, 2470
0.180, 0.160, 0.080,	1730, 776, 2506
0.190, 0.160, 0.080,	1730, 804, 2534
0.200, 0.160, 0.080,	1730, 828, 2558
0.170, 0.170, 0.080,	1730, 756, 2486
0.180, 0.170, 0.080,	1730, 792, 2522
0.190, 0.170, 0.080,	1730, 820, 2550
0.200, 0.170, 0.080,	1730, 844, 2574
0.180, 0.180, 0.080,	1730, 804, 2534
0.190, 0.180, 0.080,	1730, 832, 2562
0.200, 0.180, 0.080,	1730, 856, 2586
0.190, 0.190, 0.080,	1730, 852, 2582
0.200, 0.190, 0.080,	1730, 876, 2606
0.200, 0.200, 0.080,	1730, 884, 2614
0.090, 0.090, 0.090,	1730, 516, 2246
0.100, 0.090, 0.090,	1730, 536, 2266
0.110, 0.090, 0.090,	1730, 560, 2290
0.120, 0.090, 0.090,	1730, 576, 2306
0.130, 0.090, 0.090,	1730, 596, 2326
0.140, 0.090, 0.090,	1730, 616, 2346
0.150, 0.090, 0.090,	1730, 648, 2378
0.160, 0.090, 0.090,	1730, 664, 2394
0.170, 0.090, 0.090,	1730, 688, 2418
0.180, 0.090, 0.090,	1730, 724, 2454
0.190, 0.090, 0.090,	1730, 752, 2482
0.200, 0.090, 0.090,	1730, 776, 2506
0.100, 0.100, 0.090,	1730, 552, 2282
0.110, 0.100, 0.090,	1730, 576, 2306
0.120, 0.100, 0.090,	1730, 592, 2322
0.130, 0.100, 0.090,	1730, 612, 2342
0.140, 0.100, 0.090,	1730, 632, 2362
0.150, 0.100, 0.090,	1730, 664, 2394
0.160, 0.100, 0.090,	1730, 680, 2410
0.170, 0.100, 0.090,	1730, 704, 2434
0.180, 0.100, 0.090,	1730, 740, 2470
0.190, 0.100, 0.090,	1730, 768, 2498
0.200, 0.100, 0.090,	1730, 792, 2522
0.110, 0.110, 0.090,	1730, 584, 2314
0.120, 0.110, 0.090,	1730, 600, 2330
0.130, 0.110, 0.090,	1730, 620, 2350
0.140, 0.110, 0.090,	1730, 640, 2370
0.150, 0.110, 0.090,	1730, 672, 2402
0.160, 0.110, 0.090,	1730, 688, 2418
0.170, 0.110, 0.090,	1730, 712, 2442
0.180, 0.110, 0.090,	1730, 748, 2478
0.190, 0.110, 0.090,	1730, 776, 2506
0.200, 0.110, 0.090,	1730, 800, 2530
0.120, 0.120, 0.090,	1730, 612, 2342
0.130, 0.120, 0.090,	1730, 632, 2362
0.140, 0.120, 0.090,	1730, 652, 2382
0.150, 0.120, 0.090,	1730, 684, 2414
0.160, 0.120, 0.090,	1730, 700, 2430
0.170, 0.120, 0.090,	1730, 724, 2454
0.180, 0.120, 0.090,	1730, 760, 2490
0.190, 0.120, 0.090,	1730, 788, 2518
0.200, 0.120, 0.090,	1730, 812, 2542
0.130, 0.130, 0.090,	1730, 640, 2370
0.140, 0.130, 0.090,	1730, 660, 2390
0.150, 0.130, 0.090,	1730, 692, 2422
0.160, 0.130, 0.090,	1730, 708, 2438
0.170, 0.130, 0.090,	1730, 732, 2462
0.180, 0.130, 0.090,	1730, 768, 2498
0.190, 0.130, 0.090,	1730, 796, 2526
0.200, 0.130, 0.090,	1730, 820, 2550
0.140, 0.140, 0.090,	1730, 672, 2402
0.150, 0.140, 0.090,	1730, 704, 2434
0.160, 0.140, 0.090,	1730, 720, 2450
0.170, 0.140, 0.090,	1730, 744, 2474
0.180, 0.140, 0.090,	1730, 780, 2510
0.190, 0.140, 0.090,	1730, 808, 2538
0.200, 0.140, 0.090,	1730, 832, 2562
0.150, 0.150, 0.090,	1730, 724, 2454
0.160, 0.150, 0.090,	1730, 740, 2470
0.170, 0.150, 0.090,	1730, 764, 2494
0.180, 0.150, 0.090,	1730, 800, 2530
0.190, 0.150, 0.090,	1730, 828, 2558
0.200, 0.150, 0.090,	1730, 852, 2582
0.160, 0.160, 0.090,	1730, 748, 2478
0.170, 0.160, 0.090,	1730, 772, 2502
0.180, 0.160, 0.090,	1730, 808, 2538
0.190, 0.160, 0.090,	1730, 836, 2566
0.200, 0.160, 0.090,	1730, 860, 2590
0.170, 0.170, 0.090,	1730, 788, 2518
0.180, 0.170, 0.090,	1730, 824, 2554
0.190, 0.170, 0.090,	1730, 852, 2582
0.200, 0.170, 0.090,	1730, 876, 2606
0.180, 0.180, 0.090,	1730, 836, 2566
0.190, 0.180, 0.090,	1730, 864, 2594
0.200, 0.180, 0.090,	1730, 888, 2618
0.190, 0.190, 0.090,	1730, 884, 2614
0.200, 0.190, 0.090,	1730, 908, 2638
0.200, 0.200, 0.090,	1730, 916, 2646
0.100, 0.100, 0.100,	1730, 632, 2362
0.110, 0.100, 0.100,	1730, 656, 2386
0.120, 0.100, 0.100,	1730, 672, 2402
0.130, 0.100, 0.100,	1730, 692, 2422
0.140, 0.100, 0.100,	1730, 712, 2442
0.150, 0.100, 0.100,	1730, 744, 2474
0.160, 0.100, 0.100,	1730, 760, 2490
0.170, 0.100, 0.100,	1730, 784, 2514
0.180, 0.100, 0.100,	1730, 820, 2550
0.190, 0.100, 0.100,	1730, 848, 2578
0.200, 0.100, 0.100,	1730, 872, 2602
0.110, 0.110, 0.100,	1730, 664, 2394
0.120, 0.110, 0.100,	1730, 680, 2410
0.130, 0.110, 0.100,	1730, 700, 2430
0.140, 0.110, 0.100,	1730, 720, 2450
0.150, 0.110, 0.100,	1730, 752, 2482
0.160, 0.110, 0.100,	1730, 768, 2498
0.170, 0.110, 0.100,	1730, 792, 2522
0.180, 0.110, 0.100,	1730, 828, 2558
0.190, 0.110, 0.100,	1730, 856, 2586
0.200, 0.110, 0.100,	1730, 880, 2610
0.120, 0.120, 0.100,	1730, 692, 2422
0.130, 0.120, 0.100,	1730, 712, 2442
0.140, 0.120, 0.100,	1730, 732, 2462
0.150, 0.120, 0.100,	1730, 764, 2494
0.160, 0.120, 0.100,	1730, 780, 2510
0.170, 0.120, 0.100,	1730, 804, 2534
0.180, 0.120, 0.100,	1730, 840, 2570
0.190, 0.120, 0.100,	1730, 868, 2598
0.200, 0.120, 0.100,	1730, 892, 2622
0.130, 0.130, 0.100,	1730, 720, 2450
0.140, 0.130, 0.100,	1730, 740, 2470
0.150, 0.130, 0.100,	1730, 772, 2502
0.160, 0.130, 0.100,	1730, 788, 2518
0.170, 0.130, 0.100,	1730, 812, 2542
0.180, 0.130, 0.100,	1730, 848, 2578
0.190, 0.130, 0.100,	1730, 876, 2606
0.200, 0.130, 0.100,	1730, 900, 2630
0.140, 0.140, 0.100,	1730, 752, 2482
0.150, 0.140, 0.100,	1730, 784, 2514
0.160, 0.140, 0.100,	1730, 800, 2530
0.170, 0.140, 0.100,	1730, 824, 2554
0.180, 0.140, 0.100,	1730, 860, 2590
0.190, 0.140, 0.100,	1730, 888, 2618
0.200, 0.140, 0.100,	1730, 912, 2642
0.150, 0.150, 0.100,	1730, 804, 2534
0.160, 0.150, 0.100,	1730, 820, 2550
0.170, 0.150, 0.100,	1730, 844, 2574
0.180, 0.150, 0.100,	1730, 880, 2610
0.190, 0.150, 0.100,	1730, 908, 2638
0.200, 0.150, 0.100,	1730, 932, 2662
0.160, 0.160, 0.100,	1730, 828, 2558
0.170, 0.160, 0.100,	1730, 852, 2582
0.180, 0.160, 0.100,	1730, 888, 2618
0.190, 0.160, 0.100,	1730, 916, 2646
0.200, 0.160, 0.100,	1730, 940, 2670
0.170, 0.170, 0.100,	1730, 868, 2598
0.180, 0.170, 0.100,	1730, 904, 2634
0.190, 0.170, 0.100,	1730, 932, 2662
0.200, 0.170, 0.100,	1730, 956, 2686
0.180, 0.180, 0.100,	1730, 916, 2646
0.190, 0.180, 0.100,	1730, 944, 2674
0.200, 0.180, 0.100,	1730, 968, 2698
0.190, 0.190, 0.100,	1730, 964, 2694
0.200, 0.190, 0.100,	1730, 988, 2718
0.200, 0.200, 0.100,	1730, 996, 2726
0.110, 0.110, 0.110,	1730, 760, 2490
0.120, 0.110, 0.110,	1730, 776, 2506
0.130, 0.110, 0.110,	1730, 796, 2526
0.140, 0.110, 0.110,	1730, 816, 2546
0.150, 0.110, 0.110,	1730, 848, 2578
0.160, 0.110, 0.110,	1730, 864, 2594
0.170, 0.110, 0.110,	1730, 888, 2618
0.180, 0.110, 0.110,	1730, 924, 2654
0.190, 0.110, 0.110,	1730, 952, 2682
0.200, 0.110, 0.110,	1730, 976, 2706
0.120, 0.120, 0.110,	1730, 788, 2518
0.130, 0.120, 0.110,	1730, 808, 2538
0.140, 0.120, 0.110,	1730, 828, 2558
0.150, 0.120, 0.110,	1730, 860, 2590
0.160, 0.120, 0.110,	1730, 876, 2606
0.170, 0.120, 0.110,	1730, 900, 2630
0.180, 0.120, 0.110,	1730, 936, 2666
0.190, 0.120, 0.110,	1730, 964, 2694
0.200, 0.120, 0.110,	1730, 988, 2718
0.130, 0.130, 0.110,	1730, 816, 2546
0.140, 0.130, 0.110,	1730, 836, 2566
0.150, 0.130, 0.110,	1730, 868, 2598
0.160, 0.130, 0.110,	1730, 884, 2614
0.170, 0.130, 0.110,	1730, 908, 2638
0.180, 0.130, 0.110,	1730, 944, 2674
0.190, 0.130, 0.110,	1730, 972, 2702
0.200, 0.130, 0.110,	1730, 996, 2726
0.140, 0.140, 0.110,	1730, 848, 2578
0.150, 0.140, 0.110,	1730, 880, 2610
0.160, 0.140, 0.110,	1730, 896, 2626
0.170, 0.140, 0.110,	1730, 920, 2650
0.180, 0.140, 0.110,	1730, 956, 2686
0.190, 0.140, 0.110,	1730, 984, 2714
0.200, 0.140, 0.110,	1730, 1008, 2738
0.150, 0.150, 0.110,	1730, 900, 2630
0.160, 0.150, 0.110,	1730, 916, 2646
0.170, 0.150, 0.110,	1730, 940, 2670
0.180, 0.150, 0.110,	1730, 976, 2706
0.190, 0.150, 0.110,	1730, 1004, 2734
0.200, 0.150, 0.110,	1730, 1028, 2758
0.160, 0.160, 0.110,	1730, 924, 2654
0.170, 0.160, 0.110,	1730, 948, 2678
0.180, 0.160, 0.110,	1730, 984, 2714
0.190, 0.160, 0.110,	1730, 1012, 2742
0.200, 0.160, 0.110,	1730, 1036, 2766
0.170, 0.170, 0.110,	1730, 964, 2694
0.180, 0.170, 0.110,	1730, 1000, 2730
0.190, 0.170, 0.110,	1730, 1028, 2758
0.200, 0.170, 0.110,	1730, 1052, 2782
0.180, 0.180, 0.110,	1730, 1012, 2742
0.190, 0.180, 0.110,	1730, 1040, 2770
0.200, 0.180, 0.110,	1730, 1064, 2794
0.190, 0.190, 0.110,	1730, 1060, 2790
0.200, 0.190, 0.110,	1730, 1084, 2814
0.200, 0.200, 0.110,	1730, 1092, 2822
0.120, 0.120, 0.120,	1730, 852, 2582
0.130, 0.120, 0.120,	1730, 872, 2602
0.140, 0.120, 0.120,	1730, 892, 2622
0.150, 0.120, 0.120,	1730, 924, 2654
0.160, 0.120, 0.120,	1730, 940, 2670
0.170, 0.120, 0.120,	1730, 964, 2694
0.180, 0.120, 0.120,	1730, 1000, 2730
0.190, 0.120, 0.120,	1730, 1028, 2758
0.200, 0.120, 0.120,	1730, 1052, 2782
0.130, 0.130, 0.120,	1730, 880, 2610
0.140, 0.130, 0.120,	1730, 900, 2630
0.150, 0.130, 0.120,	1730, 932, 2662
0.160, 0.130, 0.120,	1730, 948, 2678
0.170, 0.130, 0.120,	1730, 972, 2702
0.180, 0.130, 0.120,	1730, 1008, 2738
0.190, 0.130, 0.120,	1730, 1036, 2766
0.200, 0.130, 0.120,	1730, 1060, 2790
0.140, 0.140, 0.120,	1730, 912, 2642
0.150, 0.140, 0.120,	1730, 944, 2674
0.160, 0.140, 0.120,	1730, 960, 2690
0.170, 0.140, 0.120,	1730, 984, 2714
0.180, 0.140, 0.120,	1730, 1020, 2750
0.190, 0.140, 0.120,	1730, 1048, 2778
0.200, 0.140, 0.120,	1730, 1072, 2802
0.150, 0.150, 0.120,	1730, 964, 2694
0.160, 0.150, 0.120,	1730, 980, 2710
0.170, 0.150, 0.120,	1730, 1004, 2734
0.180, 0.150, 0.120,	1730, 1040, 2770
0.190, 0.150, 0.120,	1730, 1068, 2798
0.200, 0.150, 0.120,	1730, 1092, 2822
0.160, 0.160, 0.120,	1730, 988, 2718
0.170, 0.160, 0.120,	1730, 1012, 2742
0.180, 0.160, 0.120,	1730, 1048, 2778
0.190, 0.160, 0.120,	1730, 1076, 2806
0.200, 0.160, 0.120,	1730, 1100, 2830
0.170, 0.170, 0.120,	1730, 1028, 2758
0.180, 0.170, 0.120,	1730, 1064, 2794
0.190, 0.170, 0.120,	1730, 1092, 2822
0.200, 0.170, 0.120,	1730, 1116, 2846
0.180, 0.180, 0.120,	1730, 1076, 2806
0.190, 0.180, 0.120,	1730, 1104, 2834
0.200, 0.180, 0.120,	1730, 1128, 2858
0.190, 0.190, 0.120,	1730, 1124, 2854
0.200, 0.190, 0.120,	1730, 1148, 2878
0.200, 0.200, 0.120,	1730, 1156, 2886
0.130, 0.130, 0.130,	1730, 960, 2690
0.140, 0.130, 0.130,	1730, 980, 2710
0.150, 0.130, 0.130,	1730, 1012, 2742
0.160, 0.130, 0.130,	1730, 1028, 2758
0.170, 0.130, 0.130,	1730, 1052, 2782
0.180, 0.130, 0.130,	1730, 1088, 2818
0.190, 0.130, 0.130,	1730, 1116, 2846
0.200, 0.130, 0.130,	1730, 1140, 2870
0.140, 0.140, 0.130,	1730, 992, 2722
0.150, 0.140, 0.130,	1730, 1024, 2754
0.160, 0.140, 0.130,	1730, 1040, 2770
0.170, 0.140, 0.130,	1730, 1064, 2794
0.180, 0.140, 0.130,	1730, 1100, 2830
0.190, 0.140, 0.130,	1730, 1128, 2858
0.200, 0.140, 0.130,	1730, 1152, 2882
0.150, 0.150, 0.130,	1730, 1044, 2774
0.160, 0.150, 0.130,	1730, 1060, 2790
0.170, 0.150, 0.130,	1730, 1084, 2814
0.180, 0.150, 0.130,	1730, 1120, 2850
0.190, 0.150, 0.130,	1730, 1148, 2878
0.200, 0.150, 0.130,	1730, 1172, 2902
0.160, 0.160, 0.130,	1730, 1068, 2798
0.170, 0.160, 0.130,	1730, 1092, 2822
0.180, 0.160, 0.130,	1730, 1128, 2858
0.190, 0.160, 0.130,	1730, 1156, 2886
0.200, 0.160, 0.130,	1730, 1180, 2910
0.170, 0.170, 0.130,	1730, 1108, 2838
0.180, 0.170, 0.130,	1730, 1144, 2874
0.190, 0.170, 0.130,	1730, 1172, 2902
0.200, 0.170, 0.130,	1730, 1196, 2926
0.180, 0.180, 0.130,	1730, 1156, 2886
0.190, 0.180, 0.130,	1730, 1184, 2914
0.200, 0.180, 0.130,	1730, 1208, 2938
0.190, 0.190, 0.130,	1730, 1204, 2934
0.200, 0.190, 0.130,	1730, 1228, 2958
0.200, 0.200, 0.130,	1730, 1236, 2966
0.140, 0.140, 0.140,	1730, 1072, 2802
0.150, 0.140, 0.140,	1730, 1104, 2834
0.160, 0.140, 0.140,	1730, 1120, 2850
0.170, 0.140, 0.140,	1730, 1144, 2874
0.180, 0.140, 0.140,	1730, 1180, 2910
0.190, 0.140, 0.140,	1730, 1208, 2938
0.200, 0.140, 0.140,	1730, 1232, 2962
0.150, 0.150, 0.140,	1730, 1124, 2854
0.160, 0.150, 0.140,	1730, 1140, 2870
0.170, 0.150, 0.140,	1730, 1164, 2894
0.180, 0.150, 0.140,	1730, 1200, 2930
0.190, 0.150, 0.140,	1730, 1228, 2958
0.200, 0.150, 0.140,	1730, 1252, 2982
0.160, 0.160, 0.140,	1730, 1148, 2878
0.170, 0.160, 0.140,	1730, 1172, 2902
0.180, 0.160, 0.140,	1730, 1208, 2938
0.190, 0.160, 0.140,	1730, 1236, 2966
0.200, 0.160, 0.140,	1730, 1260, 2990
0.170, 0.170, 0.140,	1730, 1188, 2918
0.180, 0.170, 0.140,	1730, 1224, 2954
0.190, 0.170, 0.140,	1730, 1252, 2982
0.200, 0.170, 0.140,	1730, 1276, 3006
0.180, 0.180, 0.140,	1730, 1236, 2966
0.190, 0.180, 0.140,	1730, 1264, 2994
0.200, 0.180, 0.140,	1730, 1288, 3018
0.190, 0.190, 0.140,	1730, 1284, 3014
0.200, 0.190, 0.140,	1730, 1308, 3038
0.200, 0.200, 0.140,	1730, 1316, 3046
0.150, 0.150, 0.150,	1730, 1252, 2982
0.160, 0.150, 0.150,	1730, 1268, 2998
0.170, 0.150, 0.150,	1730, 1292, 3022
0.180, 0.150, 0.150,	1730, 1328, 3058
0.190, 0.150, 0.150,	1730, 1356, 3086
0.200, 0.150, 0.150,	1730, 1380, 3110
0.160, 0.160, 0.150,	1730, 1276, 3006
0.170, 0.160, 0.150,	1730, 1300, 3030
0.180, 0.160, 0.150,	1730, 1336, 3066
0.190, 0.160, 0.150,	1730, 1364, 3094
0.200, 0.160, 0.150,	1730, 1388, 3118
0.170, 0.170, 0.150,	1730, 1316, 3046
0.180, 0.170, 0.150,	1730, 1352, 3082
0.190, 0.170, 0.150,	1730, 1380, 3110
0.200, 0.170, 0.150,	1730, 1404, 3134
0.180, 0.180, 0.150,	1730, 1364, 3094
0.190, 0.180, 0.150,	1730, 1392, 3122
0.200, 0.180, 0.150,	1730, 1416, 3146
0.190, 0.190, 0.150,	1730, 1412, 3142
0.200, 0.190, 0.150,	1730, 1436, 3166
0.200, 0.200, 0.150,	1730, 1444, 3174
0.160, 0.160, 0.160,	1730, 1340, 3070
0.170, 0.160, 0.160,	1730, 1364, 3094
0.180, 0.160, 0.160,	1730, 1400, 3130
0.190, 0.160, 0.160,	1730, 1428, 3158
0.200, 0.160, 0.160,	1730, 1452, 3182
0.170, 0.170, 0.160,	1730, 1380, 3110
0.180, 0.170, 0.160,	1730, 1416, 3146
0.190, 0.170, 0.160,	1730, 1444, 3174
0.200, 0.170, 0.160,	1730, 1468, 3198
0.180, 0.180, 0.160,	1730, 1428, 3158
0.190, 0.180, 0.160,	1730, 1456, 3186
0.200, 0.180, 0.160,	1730, 1480, 3210
0.190, 0.190, 0.160,	1730, 1476, 3206
0.200, 0.190, 0.160,	1730, 1500, 3230
0.200, 0.200, 0.160,	1730, 1508, 3238
0.170, 0.170, 0.170,	1730, 1476, 3206
0.180, 0.170, 0.170,	1730, 1512, 3242
0.190, 0.170, 0.170,	1730, 1540, 3270
0.200, 0.170, 0.170,	1730, 1564, 3294
0.180, 0.180, 0.170,	1730, 1524, 3254
0.190, 0.180, 0.170,	1730, 1552, 3282
0.200, 0.180, 0.170,	1730, 1576, 3306
0.190, 0.190, 0.170,	1730, 1572, 3302
0.200, 0.190, 0.170,	1730, 1596, 3326
0.200, 0.200, 0.170,	1730, 1604, 3334
0.180, 0.180, 0.180,	1730, 1668, 3398
0.190, 0.180, 0.180,	1730, 1696, 3426
0.200, 0.180, 0.180,	1730, 1720, 3450
0.190, 0.190, 0.180,	1730, 1716, 3446
0.200, 0.190, 0.180,	1730, 1740, 3470
0.200, 0.200, 0.180,	1730, 1748, 3478
0.190, 0.190, 0.190,	1730, 1828, 3558
0.200, 0.190, 0.190,	1730, 1852, 3582
0.200, 0.200, 0.190,	1730, 1860, 3590
0.200, 0.200, 0.200,	1730, 1956, 3686
