order = 83
 ref0,  ref1,  ref2,    nR,  nG, nDir
0.000, 0.000, 0.000,	2354,   0, 2354
0.010, 0.000, 0.000,	2354,   4, 2358
0.020, 0.000, 0.000,	2354,  16, 2370
0.030, 0.000, 0.000,	2354,  24, 2378
0.040, 0.000, 0.000,	2354,  36, 2390
0.050, 0.000, 0.000,	2354,  56, 2410
0.060, 0.000, 0.000,	2354,  64, 2418
0.070, 0.000, 0.000,	2354,  92, 2446
0.080, 0.000, 0.000,	2354, 112, 2466
0.090, 0.000, 0.000,	2354, 136, 2490
0.100, 0.000, 0.000,	2354, 152, 2506
0.110, 0.000, 0.000,	2354, 180, 2534
0.120, 0.000, 0.000,	2354, 208, 2562
0.130, 0.000, 0.000,	2354, 232, 2586
0.140, 0.000, 0.000,	2354, 264, 2618
0.150, 0.000, 0.000,	2354, 300, 2654
0.160, 0.000, 0.000,	2354, 328, 2682
0.170, 0.000, 0.000,	2354, 368, 2722
0.180, 0.000, 0.000,	2354, 408, 2762
0.190, 0.000, 0.000,	2354, 436, 2790
0.200, 0.000, 0.000,	2354, 472, 2826
0.010, 0.010, 0.000,	2354,   8, 2362
0.020, 0.010, 0.000,	2354,  20, 2374
0.030, 0.010, 0.000,	2354,  28, 2382
0.040, 0.010, 0.000,	2354,  40, 2394
0.050, 0.010, 0.000,	2354,  60, 2414
0.060, 0.010, 0.000,	2354,  68, 2422
0.070, 0.010, 0.000,	2354,  96, 2450
0.080, 0.010, 0.000,	2354, 116, 2470
0.090, 0.010, 0.000,	2354, 140, 2494
0.100, 0.010, 0.000,	2354, 156, 2510
0.110, 0.010, 0.000,	2354, 184, 2538
0.120, 0.010, 0.000,	2354, 212, 2566
0.130, 0.010, 0.000,	2354, 236, 2590
0.140, 0.010, 0.000,	2354, 268, 2622
0.150, 0.010, 0.000,	2354, 304, 2658
0.160, 0.010, 0.000,	2354, 332, 2686
0.170, 0.010, 0.000,	2354, 372, 2726
0.180, 0.010, 0.000,	2354, 412, 2766
0.190, 0.010, 0.000,	2354, 440, 2794
0.200, 0.010, 0.000,	2354, 476, 2830
0.020, 0.020, 0.000,	2354,  28, 2382
0.030, 0.020, 0.000,	2354,  36, 2390
0.040, 0.020, 0.000,	2354,  48, 2402
0.050, 0.020, 0.000,	2354,  68, 2422
0.060, 0.020, 0.000,	2354,  76, 2430
0.070, 0.020, 0.000,	2354, 104, 2458
0.080, 0.020, 0.000,	2354, 124, 2478
0.090, 0.020, 0.000,	2354, 148, 2502
0.100, 0.020, 0.000,	2354, 164, 2518
0.110, 0.020, 0.000,	2354, 192, 2546
0.120, 0.020, 0.000,	2354, 220, 2574
0.130, 0.020, 0.000,	2354, 244, 2598
0.140, 0.020, 0.000,	2354, 276, 2630
0.150, 0.020, 0.000,	2354, 312, 2666
0.160, 0.020, 0.000,	2354, 340, 2694
0.170, 0.020, 0.000,	2354, 380, 2734
0.180, 0.020, 0.000,	2354, 420, 2774
0.190, 0.020, 0.000,	2354, 448, 2802
0.200, 0.020, 0.000,	2354, 484, 2838
0.030, 0.030, 0.000,	2354,  44, 2398
0.040, 0.030, 0.000,	2354,  56, 2410
0.050, 0.030, 0.000,	2354,  76, 2430
0.060, 0.030, 0.000,	2354,  84, 2438
0.070, 0.030, 0.000,	2354, 112, 2466
0.080, 0.030, 0.000,	2354, 132, 2486
0.090, 0.030, 0.000,	2354, 156, 2510
0.100, 0.030, 0.000,	2354, 172, 2526
0.110, 0.030, 0.000,	2354, 200, 2554
0.120, 0.030, 0.000,	2354, 228, 2582
0.130, 0.030, 0.000,	2354, 252, 2606
0.140, 0.030, 0.000,	2354, 284, 2638
0.150, 0.030, 0.000,	2354, 320, 2674
0.160, 0.030, 0.000,	2354, 348, 2702
0.170, 0.030, 0.000,	2354, 388, 2742
0.180, 0.030, 0.000,	2354, 428, 2782
0.190, 0.030, 0.000,	2354, 456, 2810
0.200, 0.030, 0.000,	2354, 492, 2846
0.040, 0.040, 0.000,	2354,  60, 2414
0.050, 0.040, 0.000,	2354,  80, 2434
0.060, 0.040, 0.000,	2354,  88, 2442
0.070, 0.040, 0.000,	2354, 116, 2470
0.080, 0.040, 0.000,	2354, 136, 2490
0.090, 0.040, 0.000,	2354, 160, 2514
0.100, 0.040, 0.000,	2354, 176, 2530
0.110, 0.040, 0.000,	2354, 204, 2558
0.120, 0.040, 0.000,	2354, 232, 2586
0.130, 0.040, 0.000,	2354, 256, 2610
0.140, 0.040, 0.000,	2354, 288, 2642
0.150, 0.040, 0.000,	2354, 324, 2678
0.160, 0.040, 0.000,	2354, 352, 2706
0.170, 0.040, 0.000,	2354, 392, 2746
0.180, 0.040, 0.000,	2354, 432, 2786
0.190, 0.040, 0.000,	2354, 460, 2814
0.200, 0.040, 0.000,	2354, 496, 2850
0.050, 0.050, 0.000,	2354,  92, 2446
0.060, 0.050, 0.000,	2354, 100, 2454
0.070, 0.050, 0.000,	2354, 128, 2482
0.080, 0.050, 0.000,	2354, 148, 2502
0.090, 0.050, 0.000,	2354, 172, 2526
0.100, 0.050, 0.000,	2354, 188, 2542
0.110, 0.050, 0.000,	2354, 216, 2570
0.120, 0.050, 0.000,	2354, 244, 2598
0.130, 0.050, 0.000,	2354, 268, 2622
0.140, 0.050, 0.000,	2354, 300, 2654
0.150, 0.050, 0.000,	2354, 336, 2690
0.160, 0.050, 0.000,	2354, 364, 2718
0.170, 0.050, 0.000,	2354, 404, 2758
0.180, 0.050, 0.000,	2354, 444, 2798
0.190, 0.050, 0.000,	2354, 472, 2826
0.200, 0.050, 0.000,	2354, 508, 2862
0.060, 0.060, 0.000,	2354, 104, 2458
0.070, 0.060, 0.000,	2354, 132, 2486
0.080, 0.060, 0.000,	2354, 152, 2506
0.090, 0.060, 0.000,	2354, 176, 2530
0.100, 0.060, 0.000,	2354, 192, 2546
0.110, 0.060, 0.000,	2354, 220, 2574
0.120, 0.060, 0.000,	2354, 248, 2602
0.130, 0.060, 0.000,	2354, 272, 2626
0.140, 0.060, 0.000,	2354, 304, 2658
0.150, 0.060, 0.000,	2354, 340, 2694
0.160, 0.060, 0.000,	2354, 368, 2722
0.170, 0.060, 0.000,	2354, 408, 2762
0.180, 0.060, 0.000,	2354, 448, 2802
0.190, 0.060, 0.000,	2354, 476, 2830
0.200, 0.060, 0.000,	2354, 512, 2866
0.070, 0.070, 0.000,	2354, 148, 2502
0.080, 0.070, 0.000,	2354, 168, 2522
0.090, 0.070, 0.000,	2354, 192, 2546
0.100, 0.070, 0.000,	2354, 208, 2562
0.110, 0.070, 0.000,	2354, 236, 2590
0.120, 0.070, 0.000,	2354, 264, 2618
0.130, 0.070, 0.000,	2354, 288, 2642
0.140, 0.070, 0.000,	2354, 320, 2674
0.150, 0.070, 0.000,	2354, 356, 2710
0.160, 0.070, 0.000,	2354, 384, 2738
0.170, 0.070, 0.000,	2354, 424, 2778
0.180, 0.070, 0.000,	2354, 464, 2818
0.190, 0.070, 0.000,	2354, 492, 2846
0.200, 0.070, 0.000,	2354, 528, 2882
0.080, 0.080, 0.000,	2354, 184, 2538
0.090, 0.080, 0.000,	2354, 208, 2562
0.100, 0.080, 0.000,	2354, 224, 2578
0.110, 0.080, 0.000,	2354, 252, 2606
0.120, 0.080, 0.000,	2354, 280, 2634
0.130, 0.080, 0.000,	2354, 304, 2658
0.140, 0.080, 0.000,	2354, 336, 2690
0.150, 0.080, 0.000,	2354, 372, 2726
0.160, 0.080, 0.000,	2354, 400, 2754
0.170, 0.080, 0.000,	2354, 440, 2794
0.180, 0.080, 0.000,	2354, 480, 2834
0.190, 0.080, 0.000,	2354, 508, 2862
0.200, 0.080, 0.000,	2354, 544, 2898
0.090, 0.090, 0.000,	2354, 216, 2570
0.100, 0.090, 0.000,	2354, 232, 2586
0.110, 0.090, 0.000,	2354, 260, 2614
0.120, 0.090, 0.000,	2354, 288, 2642
0.130, 0.090, 0.000,	2354, 312, 2666
0.140, 0.090, 0.000,	2354, 344, 2698
0.150, 0.090, 0.000,	2354, 380, 2734
0.160, 0.090, 0.000,	2354, 408, 2762
0.170, 0.090, 0.000,	2354, 448, 2802
0.180, 0.090, 0.000,	2354, 488, 2842
0.190, 0.090, 0.000,	2354, 516, 2870
0.200, 0.090, 0.000,	2354, 552, 2906
0.100, 0.100, 0.000,	2354, 244, 2598
0.110, 0.100, 0.000,	2354, 272, 2626
0.120, 0.100, 0.000,	2354, 300, 2654
0.130, 0.100, 0.000,	2354, 324, 2678
0.140, 0.100, 0.000,	2354, 356, 2710
0.150, 0.100, 0.000,	2354, 392, 2746
0.160, 0.100, 0.000,	2354, 420, 2774
0.170, 0.100, 0.000,	2354, 460, 2814
0.180, 0.100, 0.000,	2354, 500, 2854
0.190, 0.100, 0.000,	2354, 528, 2882
0.200, 0.100, 0.000,	2354, 564, 2918
0.110, 0.110, 0.000,	2354, 288, 2642
0.120, 0.110, 0.000,	2354, 316, 2670
0.130, 0.110, 0.000,	2354, 340, 2694
0.140, 0.110, 0.000,	2354, 372, 2726
0.150, 0.110, 0.000,	2354, 408, 2762
0.160, 0.110, 0.000,	2354, 436, 2790
0.170, 0.110, 0.000,	2354, 476, 2830
0.180, 0.110, 0.000,	2354, 516, 2870
0.190, 0.110, 0.000,	2354, 544, 2898
0.200, 0.110, 0.000,	2354, 580, 2934
0.120, 0.120, 0.000,	2354, 332, 2686
0.130, 0.120, 0.000,	2354, 356, 2710
0.140, 0.120, 0.000,	2354, 388, 2742
0.150, 0.120, 0.000,	2354, 424, 2778
0.160, 0.120, 0.000,	2354, 452, 2806
0.170, 0.120, 0.000,	2354, 492, 2846
0.180, 0.120, 0.000,	2354, 532, 2886
0.190, 0.120, 0.000,	2354, 560, 2914
0.200, 0.120, 0.000,	2354, 596, 2950
0.130, 0.130, 0.000,	2354, 364, 2718
0.140, 0.130, 0.000,	2354, 396, 2750
0.150, 0.130, 0.000,	2354, 432, 2786
0.160, 0.130, 0.000,	2354, 460, 2814
0.170, 0.130, 0.000,	2354, 500, 2854
0.180, 0.130, 0.000,	2354, 540, 2894
0.190, 0.130, 0.000,	2354, 568, 2922
0.200, 0.130, 0.000,	2354, 604, 2958
0.140, 0.140, 0.000,	2354, 420, 2774
0.150, 0.140, 0.000,	2354, 456, 2810
0.160, 0.140, 0.000,	2354, 484, 2838
0.170, 0.140, 0.000,	2354, 524, 2878
0.180, 0.140, 0.000,	2354, 564, 2918
0.190, 0.140, 0.000,	2354, 592, 2946
0.200, 0.140, 0.000,	2354, 628, 2982
0.150, 0.150, 0.000,	2354, 468, 2822
0.160, 0.150, 0.000,	2354, 496, 2850
0.170, 0.150, 0.000,	2354, 536, 2890
0.180, 0.150, 0.000,	2354, 576, 2930
0.190, 0.150, 0.000,	2354, 604, 2958
0.200, 0.150, 0.000,	2354, 640, 2994
0.160, 0.160, 0.000,	2354, 516, 2870
0.170, 0.160, 0.000,	2354, 556, 2910
0.180, 0.160, 0.000,	2354, 596, 2950
0.190, 0.160, 0.000,	2354, 624, 2978
0.200, 0.160, 0.000,	2354, 660, 3014
0.170, 0.170, 0.000,	2354, 576, 2930
0.180, 0.170, 0.000,	2354, 616, 2970
0.190, 0.170, 0.000,	2354, 644, 2998
0.200, 0.170, 0.000,	2354, 680, 3034
0.180, 0.180, 0.000,	2354, 640, 2994
0.190, 0.180, 0.000,	2354, 668, 3022
0.200, 0.180, 0.000,	2354, 704, 3058
0.190, 0.190, 0.000,	2354, 676, 3030
0.200, 0.190, 0.000,	2354, 712, 3066
0.200, 0.200, 0.000,	2354, 736, 3090
0.010, 0.010, 0.010,	2354,  24, 2378
0.020, 0.010, 0.010,	2354,  36, 2390
0.030, 0.010, 0.010,	2354,  44, 2398
0.040, 0.010, 0.010,	2354,  56, 2410
0.050, 0.010, 0.010,	2354,  76, 2430
0.060, 0.010, 0.010,	2354,  84, 2438
0.070, 0.010, 0.010,	2354, 112, 2466
0.080, 0.010, 0.010,	2354, 132, 2486
0.090, 0.010, 0.010,	2354, 156, 2510
0.100, 0.010, 0.010,	2354, 172, 2526
0.110, 0.010, 0.010,	2354, 200, 2554
0.120, 0.010, 0.010,	2354, 228, 2582
0.130, 0.010, 0.010,	2354, 252, 2606
0.140, 0.010, 0.010,	2354, 284, 2638
0.150, 0.010, 0.010,	2354, 320, 2674
0.160, 0.010, 0.010,	2354, 348, 2702
0.170, 0.010, 0.010,	2354, 388, 2742
0.180, 0.010, 0.010,	2354, 428, 2782
0.190, 0.010, 0.010,	2354, 456, 2810
0.200, 0.010, 0.010,	2354, 492, 2846
0.020, 0.020, 0.010,	2354,  44, 2398
0.030, 0.020, 0.010,	2354,  52, 2406
0.040, 0.020, 0.010,	2354,  64, 2418
0.050, 0.020, 0.010,	2354,  84, 2438
0.060, 0.020, 0.010,	2354,  92, 2446
0.070, 0.020, 0.010,	2354, 120, 2474
0.080, 0.020, 0.010,	2354, 140, 2494
0.090, 0.020, 0.010,	2354, 164, 2518
0.100, 0.020, 0.010,	2354, 180, 2534
0.110, 0.020, 0.010,	2354, 208, 2562
0.120, 0.020, 0.010,	2354, 236, 2590
0.130, 0.020, 0.010,	2354, 260, 2614
0.140, 0.020, 0.010,	2354, 292, 2646
0.150, 0.020, 0.010,	2354, 328, 2682
0.160, 0.020, 0.010,	2354, 356, 2710
0.170, 0.020, 0.010,	2354, 396, 2750
0.180, 0.020, 0.010,	2354, 436, 2790
0.190, 0.020, 0.010,	2354, 464, 2818
0.200, 0.020, 0.010,	2354, 500, 2854
0.030, 0.030, 0.010,	2354,  60, 2414
0.040, 0.030, 0.010,	2354,  72, 2426
0.050, 0.030, 0.010,	2354,  92, 2446
0.060, 0.030, 0.010,	2354, 100, 2454
0.070, 0.030, 0.010,	2354, 128, 2482
0.080, 0.030, 0.010,	2354, 148, 2502
0.090, 0.030, 0.010,	2354, 172, 2526
0.100, 0.030, 0.010,	2354, 188, 2542
0.110, 0.030, 0.010,	2354, 216, 2570
0.120, 0.030, 0.010,	2354, 244, 2598
0.130, 0.030, 0.010,	2354, 268, 2622
0.140, 0.030, 0.010,	2354, 300, 2654
0.150, 0.030, 0.010,	2354, 336, 2690
0.160, 0.030, 0.010,	2354, 364, 2718
0.170, 0.030, 0.010,	2354, 404, 2758
0.180, 0.030, 0.010,	2354, 444, 2798
0.190, 0.030, 0.010,	2354, 472, 2826
0.200, 0.030, 0.010,	2354, 508, 2862
0.040, 0.040, 0.010,	2354,  76, 2430
0.050, 0.040, 0.010,	2354,  96, 2450
0.060, 0.040, 0.010,	2354, 104, 2458
0.070, 0.040, 0.010,	2354, 132, 2486
0.080, 0.040, 0.010,	2354, 152, 2506
0.090, 0.040, 0.010,	2354, 176, 2530
0.100, 0.040, 0.010,	2354, 192, 2546
0.110, 0.040, 0.010,	2354, 220, 2574
0.120, 0.040, 0.010,	2354, 248, 2602
0.130, 0.040, 0.010,	2354, 272, 2626
0.140, 0.040, 0.010,	2354, 304, 2658
0.150, 0.040, 0.010,	2354, 340, 2694
0.160, 0.040, 0.010,	2354, 368, 2722
0.170, 0.040, 0.010,	2354, 408, 2762
0.180, 0.040, 0.010,	2354, 448, 2802
0.190, 0.040, 0.010,	2354, 476, 2830
0.200, 0.040, 0.010,	2354, 512, 2866
0.050, 0.050, 0.010,	2354, 108, 2462
0.060, 0.050, 0.010,	2354, 116, 2470
0.070, 0.050, 0.010,	2354, 144, 2498
0.080, 0.050, 0.010,	2354, 164, 2518
0.090, 0.050, 0.010,	2354, 188, 2542
0.100, 0.050, 0.010,	2354, 204, 2558
0.110, 0.050, 0.010,	2354, 232, 2586
0.120, 0.050, 0.010,	2354, 260, 2614
0.130, 0.050, 0.010,	2354, 284, 2638
0.140, 0.050, 0.010,	2354, 316, 2670
0.150, 0.050, 0.010,	2354, 352, 2706
0.160, 0.050, 0.010,	2354, 380, 2734
0.170, 0.050, 0.010,	2354, 420, 2774
0.180, 0.050, 0.010,	2354, 460, 2814
0.190, 0.050, 0.010,	2354, 488, 2842
0.200, 0.050, 0.010,	2354, 524, 2878
0.060, 0.060, 0.010,	2354, 120, 2474
0.070, 0.060, 0.010,	2354, 148, 2502
0.080, 0.060, 0.010,	2354, 168, 2522
0.090, 0.060, 0.010,	2354, 192, 2546
0.100, 0.060, 0.010,	2354, 208, 2562
0.110, 0.060, 0.010,	2354, 236, 2590
0.120, 0.060, 0.010,	2354, 264, 2618
0.130, 0.060, 0.010,	2354, 288, 2642
0.140, 0.060, 0.010,	2354, 320, 2674
0.150, 0.060, 0.010,	2354, 356, 2710
0.160, 0.060, 0.010,	2354, 384, 2738
0.170, 0.060, 0.010,	2354, 424, 2778
0.180, 0.060, 0.010,	2354, 464, 2818
0.190, 0.060, 0.010,	2354, 492, 2846
0.200, 0.060, 0.010,	2354, 528, 2882
0.070, 0.070, 0.010,	2354, 164, 2518
0.080, 0.070, 0.010,	2354, 184, 2538
0.090, 0.070, 0.010,	2354, 208, 2562
0.100, 0.070, 0.010,	2354, 224, 2578
0.110, 0.070, 0.010,	2354, 252, 2606
0.120, 0.070, 0.010,	2354, 280, 2634
0.130, 0.070, 0.010,	2354, 304, 2658
0.140, 0.070, 0.010,	2354, 336, 2690
0.150, 0.070, 0.010,	2354, 372, 2726
0.160, 0.070, 0.010,	2354, 400, 2754
0.170, 0.070, 0.010,	2354, 440, 2794
0.180, 0.070, 0.010,	2354, 480, 2834
0.190, 0.070, 0.010,	2354, 508, 2862
0.200, 0.070, 0.010,	2354, 544, 2898
0.080, 0.080, 0.010,	2354, 200, 2554
0.090, 0.080, 0.010,	2354, 224, 2578
0.100, 0.080, 0.010,	2354, 240, 2594
0.110, 0.080, 0.010,	2354, 268, 2622
0.120, 0.080, 0.010,	2354, 296, 2650
0.130, 0.080, 0.010,	2354, 320, 2674
0.140, 0.080, 0.010,	2354, 352, 2706
0.150, 0.080, 0.010,	2354, 388, 2742
0.160, 0.080, 0.010,	2354, 416, 2770
0.170, 0.080, 0.010,	2354, 456, 2810
0.180, 0.080, 0.010,	2354, 496, 2850
0.190, 0.080, 0.010,	2354, 524, 2878
0.200, 0.080, 0.010,	2354, 560, 2914
0.090, 0.090, 0.010,	2354, 232, 2586
0.100, 0.090, 0.010,	2354, 248, 2602
0.110, 0.090, 0.010,	2354, 276, 2630
0.120, 0.090, 0.010,	2354, 304, 2658
0.130, 0.090, 0.010,	2354, 328, 2682
0.140, 0.090, 0.010,	2354, 360, 2714
0.150, 0.090, 0.010,	2354, 396, 2750
0.160, 0.090, 0.010,	2354, 424, 2778
0.170, 0.090, 0.010,	2354, 464, 2818
0.180, 0.090, 0.010,	2354, 504, 2858
0.190, 0.090, 0.010,	2354, 532, 2886
0.200, 0.090, 0.010,	2354, 568, 2922
0.100, 0.100, 0.010,	2354, 260, 2614
0.110, 0.100, 0.010,	2354, 288, 2642
0.120, 0.100, 0.010,	2354, 316, 2670
0.130, 0.100, 0.010,	2354, 340, 2694
0.140, 0.100, 0.010,	2354, 372, 2726
0.150, 0.100, 0.010,	2354, 408, 2762
0.160, 0.100, 0.010,	2354, 436, 2790
0.170, 0.100, 0.010,	2354, 476, 2830
0.180, 0.100, 0.010,	2354, 516, 2870
0.190, 0.100, 0.010,	2354, 544, 2898
0.200, 0.100, 0.010,	2354, 580, 2934
0.110, 0.110, 0.010,	2354, 304, 2658
0.120, 0.110, 0.010,	2354, 332, 2686
0.130, 0.110, 0.010,	2354, 356, 2710
0.140, 0.110, 0.010,	2354, 388, 2742
0.150, 0.110, 0.010,	2354, 424, 2778
0.160, 0.110, 0.010,	2354, 452, 2806
0.170, 0.110, 0.010,	2354, 492, 2846
0.180, 0.110, 0.010,	2354, 532, 2886
0.190, 0.110, 0.010,	2354, 560, 2914
0.200, 0.110, 0.010,	2354, 596, 2950
0.120, 0.120, 0.010,	2354, 348, 2702
0.130, 0.120, 0.010,	2354, 372, 2726
0.140, 0.120, 0.010,	2354, 404, 2758
0.150, 0.120, 0.010,	2354, 440, 2794
0.160, 0.120, 0.010,	2354, 468, 2822
0.170, 0.120, 0.010,	2354, 508, 2862
0.180, 0.120, 0.010,	2354, 548, 2902
0.190, 0.120, 0.010,	2354, 576, 2930
0.200, 0.120, 0.010,	2354, 612, 2966
0.130, 0.130, 0.010,	2354, 380, 2734
0.140, 0.130, 0.010,	2354, 412, 2766
0.150, 0.130, 0.010,	2354, 448, 2802
0.160, 0.130, 0.010,	2354, 476, 2830
0.170, 0.130, 0.010,	2354, 516, 2870
0.180, 0.130, 0.010,	2354, 556, 2910
0.190, 0.130, 0.010,	2354, 584, 2938
0.200, 0.130, 0.010,	2354, 620, 2974
0.140, 0.140, 0.010,	2354, 436, 2790
0.150, 0.140, 0.010,	2354, 472, 2826
0.160, 0.140, 0.010,	2354, 500, 2854
0.170, 0.140, 0.010,	2354, 540, 2894
0.180, 0.140, 0.010,	2354, 580, 2934
0.190, 0.140, 0.010,	2354, 608, 2962
0.200, 0.140, 0.010,	2354, 644, 2998
0.150, 0.150, 0.010,	2354, 484, 2838
0.160, 0.150, 0.010,	2354, 512, 2866
0.170, 0.150, 0.010,	2354, 552, 2906
0.180, 0.150, 0.010,	2354, 592, 2946
0.190, 0.150, 0.010,	2354, 620, 2974
0.200, 0.150, 0.010,	2354, 656, 3010
0.160, 0.160, 0.010,	2354, 532, 2886
0.170, 0.160, 0.010,	2354, 572, 2926
0.180, 0.160, 0.010,	2354, 612, 2966
0.190, 0.160, 0.010,	2354, 640, 2994
0.200, 0.160, 0.010,	2354, 676, 3030
0.170, 0.170, 0.010,	2354, 592, 2946
0.180, 0.170, 0.010,	2354, 632, 2986
0.190, 0.170, 0.010,	2354, 660, 3014
0.200, 0.170, 0.010,	2354, 696, 3050
0.180, 0.180, 0.010,	2354, 656, 3010
0.190, 0.180, 0.010,	2354, 684, 3038
0.200, 0.180, 0.010,	2354, 720, 3074
0.190, 0.190, 0.010,	2354, 692, 3046
0.200, 0.190, 0.010,	2354, 728, 3082
0.200, 0.200, 0.010,	2354, 752, 3106
0.020, 0.020, 0.020,	2354,  92, 2446
0.030, 0.020, 0.020,	2354, 100, 2454
0.040, 0.020, 0.020,	2354, 112, 2466
0.050, 0.020, 0.020,	2354, 132, 2486
0.060, 0.020, 0.020,	2354, 140, 2494
0.070, 0.020, 0.020,	2354, 168, 2522
0.080, 0.020, 0.020,	2354, 188, 2542
0.090, 0.020, 0.020,	2354, 212, 2566
0.100, 0.020, 0.020,	2354, 228, 2582
0.110, 0.020, 0.020,	2354, 256, 2610
0.120, 0.020, 0.020,	2354, 284, 2638
0.130, 0.020, 0.020,	2354, 308, 2662
0.140, 0.020, 0.020,	2354, 340, 2694
0.150, 0.020, 0.020,	2354, 376, 2730
0.160, 0.020, 0.020,	2354, 404, 2758
0.170, 0.020, 0.020,	2354, 444, 2798
0.180, 0.020, 0.020,	2354, 484, 2838
0.190, 0.020, 0.020,	2354, 512, 2866
0.200, 0.020, 0.020,	2354, 548, 2902
0.030, 0.030, 0.020,	2354, 108, 2462
0.040, 0.030, 0.020,	2354, 120, 2474
0.050, 0.030, 0.020,	2354, 140, 2494
0.060, 0.030, 0.020,	2354, 148, 2502
0.070, 0.030, 0.020,	2354, 176, 2530
0.080, 0.030, 0.020,	2354, 196, 2550
0.090, 0.030, 0.020,	2354, 220, 2574
0.100, 0.030, 0.020,	2354, 236, 2590
0.110, 0.030, 0.020,	2354, 264, 2618
0.120, 0.030, 0.020,	2354, 292, 2646
0.130, 0.030, 0.020,	2354, 316, 2670
0.140, 0.030, 0.020,	2354, 348, 2702
0.150, 0.030, 0.020,	2354, 384, 2738
0.160, 0.030, 0.020,	2354, 412, 2766
0.170, 0.030, 0.020,	2354, 452, 2806
0.180, 0.030, 0.020,	2354, 492, 2846
0.190, 0.030, 0.020,	2354, 520, 2874
0.200, 0.030, 0.020,	2354, 556, 2910
0.040, 0.040, 0.020,	2354, 124, 2478
0.050, 0.040, 0.020,	2354, 144, 2498
0.060, 0.040, 0.020,	2354, 152, 2506
0.070, 0.040, 0.020,	2354, 180, 2534
0.080, 0.040, 0.020,	2354, 200, 2554
0.090, 0.040, 0.020,	2354, 224, 2578
0.100, 0.040, 0.020,	2354, 240, 2594
0.110, 0.040, 0.020,	2354, 268, 2622
0.120, 0.040, 0.020,	2354, 296, 2650
0.130, 0.040, 0.020,	2354, 320, 2674
0.140, 0.040, 0.020,	2354, 352, 2706
0.150, 0.040, 0.020,	2354, 388, 2742
0.160, 0.040, 0.020,	2354, 416, 2770
0.170, 0.040, 0.020,	2354, 456, 2810
0.180, 0.040, 0.020,	2354, 496, 2850
0.190, 0.040, 0.020,	2354, 524, 2878
0.200, 0.040, 0.020,	2354, 560, 2914
0.050, 0.050, 0.020,	2354, 156, 2510
0.060, 0.050, 0.020,	2354, 164, 2518
0.070, 0.050, 0.020,	2354, 192, 2546
0.080, 0.050, 0.020,	2354, 212, 2566
0.090, 0.050, 0.020,	2354, 236, 2590
0.100, 0.050, 0.020,	2354, 252, 2606
0.110, 0.050, 0.020,	2354, 280, 2634
0.120, 0.050, 0.020,	2354, 308, 2662
0.130, 0.050, 0.020,	2354, 332, 2686
0.140, 0.050, 0.020,	2354, 364, 2718
0.150, 0.050, 0.020,	2354, 400, 2754
0.160, 0.050, 0.020,	2354, 428, 2782
0.170, 0.050, 0.020,	2354, 468, 2822
0.180, 0.050, 0.020,	2354, 508, 2862
0.190, 0.050, 0.020,	2354, 536, 2890
0.200, 0.050, 0.020,	2354, 572, 2926
0.060, 0.060, 0.020,	2354, 168, 2522
0.070, 0.060, 0.020,	2354, 196, 2550
0.080, 0.060, 0.020,	2354, 216, 2570
0.090, 0.060, 0.020,	2354, 240, 2594
0.100, 0.060, 0.020,	2354, 256, 2610
0.110, 0.060, 0.020,	2354, 284, 2638
0.120, 0.060, 0.020,	2354, 312, 2666
0.130, 0.060, 0.020,	2354, 336, 2690
0.140, 0.060, 0.020,	2354, 368, 2722
0.150, 0.060, 0.020,	2354, 404, 2758
0.160, 0.060, 0.020,	2354, 432, 2786
0.170, 0.060, 0.020,	2354, 472, 2826
0.180, 0.060, 0.020,	2354, 512, 2866
0.190, 0.060, 0.020,	2354, 540, 2894
0.200, 0.060, 0.020,	2354, 576, 2930
0.070, 0.070, 0.020,	2354, 212, 2566
0.080, 0.070, 0.020,	2354, 232, 2586
0.090, 0.070, 0.020,	2354, 256, 2610
0.100, 0.070, 0.020,	2354, 272, 2626
0.110, 0.070, 0.020,	2354, 300, 2654
0.120, 0.070, 0.020,	2354, 328, 2682
0.130, 0.070, 0.020,	2354, 352, 2706
0.140, 0.070, 0.020,	2354, 384, 2738
0.150, 0.070, 0.020,	2354, 420, 2774
0.160, 0.070, 0.020,	2354, 448, 2802
0.170, 0.070, 0.020,	2354, 488, 2842
0.180, 0.070, 0.020,	2354, 528, 2882
0.190, 0.070, 0.020,	2354, 556, 2910
0.200, 0.070, 0.020,	2354, 592, 2946
0.080, 0.080, 0.020,	2354, 248, 2602
0.090, 0.080, 0.020,	2354, 272, 2626
0.100, 0.080, 0.020,	2354, 288, 2642
0.110, 0.080, 0.020,	2354, 316, 2670
0.120, 0.080, 0.020,	2354, 344, 2698
0.130, 0.080, 0.020,	2354, 368, 2722
0.140, 0.080, 0.020,	2354, 400, 2754
0.150, 0.080, 0.020,	2354, 436, 2790
0.160, 0.080, 0.020,	2354, 464, 2818
0.170, 0.080, 0.020,	2354, 504, 2858
0.180, 0.080, 0.020,	2354, 544, 2898
0.190, 0.080, 0.020,	2354, 572, 2926
0.200, 0.080, 0.020,	2354, 608, 2962
0.090, 0.090, 0.020,	2354, 280, 2634
0.100, 0.090, 0.020,	2354, 296, 2650
0.110, 0.090, 0.020,	2354, 324, 2678
0.120, 0.090, 0.020,	2354, 352, 2706
0.130, 0.090, 0.020,	2354, 376, 2730
0.140, 0.090, 0.020,	2354, 408, 2762
0.150, 0.090, 0.020,	2354, 444, 2798
0.160, 0.090, 0.020,	2354, 472, 2826
0.170, 0.090, 0.020,	2354, 512, 2866
0.180, 0.090, 0.020,	2354, 552, 2906
0.190, 0.090, 0.020,	2354, 580, 2934
0.200, 0.090, 0.020,	2354, 616, 2970
0.100, 0.100, 0.020,	2354, 308, 2662
0.110, 0.100, 0.020,	2354, 336, 2690
0.120, 0.100, 0.020,	2354, 364, 2718
0.130, 0.100, 0.020,	2354, 388, 2742
0.140, 0.100, 0.020,	2354, 420, 2774
0.150, 0.100, 0.020,	2354, 456, 2810
0.160, 0.100, 0.020,	2354, 484, 2838
0.170, 0.100, 0.020,	2354, 524, 2878
0.180, 0.100, 0.020,	2354, 564, 2918
0.190, 0.100, 0.020,	2354, 592, 2946
0.200, 0.100, 0.020,	2354, 628, 2982
0.110, 0.110, 0.020,	2354, 352, 2706
0.120, 0.110, 0.020,	2354, 380, 2734
0.130, 0.110, 0.020,	2354, 404, 2758
0.140, 0.110, 0.020,	2354, 436, 2790
0.150, 0.110, 0.020,	2354, 472, 2826
0.160, 0.110, 0.020,	2354, 500, 2854
0.170, 0.110, 0.020,	2354, 540, 2894
0.180, 0.110, 0.020,	2354, 580, 2934
0.190, 0.110, 0.020,	2354, 608, 2962
0.200, 0.110, 0.020,	2354, 644, 2998
0.120, 0.120, 0.020,	2354, 396, 2750
0.130, 0.120, 0.020,	2354, 420, 2774
0.140, 0.120, 0.020,	2354, 452, 2806
0.150, 0.120, 0.020,	2354, 488, 2842
0.160, 0.120, 0.020,	2354, 516, 2870
0.170, 0.120, 0.020,	2354, 556, 2910
0.180, 0.120, 0.020,	2354, 596, 2950
0.190, 0.120, 0.020,	2354, 624, 2978
0.200, 0.120, 0.020,	2354, 660, 3014
0.130, 0.130, 0.020,	2354, 428, 2782
0.140, 0.130, 0.020,	2354, 460, 2814
0.150, 0.130, 0.020,	2354, 496, 2850
0.160, 0.130, 0.020,	2354, 524, 2878
0.170, 0.130, 0.020,	2354, 564, 2918
0.180, 0.130, 0.020,	2354, 604, 2958
0.190, 0.130, 0.020,	2354, 632, 2986
0.200, 0.130, 0.020,	2354, 668, 3022
0.140, 0.140, 0.020,	2354, 484, 2838
0.150, 0.140, 0.020,	2354, 520, 2874
0.160, 0.140, 0.020,	2354, 548, 2902
0.170, 0.140, 0.020,	2354, 588, 2942
0.180, 0.140, 0.020,	2354, 628, 2982
0.190, 0.140, 0.020,	2354, 656, 3010
0.200, 0.140, 0.020,	2354, 692, 3046
0.150, 0.150, 0.020,	2354, 532, 2886
0.160, 0.150, 0.020,	2354, 560, 2914
0.170, 0.150, 0.020,	2354, 600, 2954
0.180, 0.150, 0.020,	2354, 640, 2994
0.190, 0.150, 0.020,	2354, 668, 3022
0.200, 0.150, 0.020,	2354, 704, 3058
0.160, 0.160, 0.020,	2354, 580, 2934
0.170, 0.160, 0.020,	2354, 620, 2974
0.180, 0.160, 0.020,	2354, 660, 3014
0.190, 0.160, 0.020,	2354, 688, 3042
0.200, 0.160, 0.020,	2354, 724, 3078
0.170, 0.170, 0.020,	2354, 640, 2994
0.180, 0.170, 0.020,	2354, 680, 3034
0.190, 0.170, 0.020,	2354, 708, 3062
0.200, 0.170, 0.020,	2354, 744, 3098
0.180, 0.180, 0.020,	2354, 704, 3058
0.190, 0.180, 0.020,	2354, 732, 3086
0.200, 0.180, 0.020,	2354, 768, 3122
0.190, 0.190, 0.020,	2354, 740, 3094
0.200, 0.190, 0.020,	2354, 776, 3130
0.200, 0.200, 0.020,	2354, 800, 3154
0.030, 0.030, 0.030,	2354, 140, 2494
0.040, 0.030, 0.030,	2354, 152, 2506
0.050, 0.030, 0.030,	2354, 172, 2526
0.060, 0.030, 0.030,	2354, 180, 2534
0.070, 0.030, 0.030,	2354, 208, 2562
0.080, 0.030, 0.030,	2354, 228, 2582
0.090, 0.030, 0.030,	2354, 252, 2606
0.100, 0.030, 0.030,	2354, 268, 2622
0.110, 0.030, 0.030,	2354, 296, 2650
0.120, 0.030, 0.030,	2354, 324, 2678
0.130, 0.030, 0.030,	2354, 348, 2702
0.140, 0.030, 0.030,	2354, 380, 2734
0.150, 0.030, 0.030,	2354, 416, 2770
0.160, 0.030, 0.030,	2354, 444, 2798
0.170, 0.030, 0.030,	2354, 484, 2838
0.180, 0.030, 0.030,	2354, 524, 2878
0.190, 0.030, 0.030,	2354, 552, 2906
0.200, 0.030, 0.030,	2354, 588, 2942
0.040, 0.040, 0.030,	2354, 156, 2510
0.050, 0.040, 0.030,	2354, 176, 2530
0.060, 0.040, 0.030,	2354, 184, 2538
0.070, 0.040, 0.030,	2354, 212, 2566
0.080, 0.040, 0.030,	2354, 232, 2586
0.090, 0.040, 0.030,	2354, 256, 2610
0.100, 0.040, 0.030,	2354, 272, 2626
0.110, 0.040, 0.030,	2354, 300, 2654
0.120, 0.040, 0.030,	2354, 328, 2682
0.130, 0.040, 0.030,	2354, 352, 2706
0.140, 0.040, 0.030,	2354, 384, 2738
0.150, 0.040, 0.030,	2354, 420, 2774
0.160, 0.040, 0.030,	2354, 448, 2802
0.170, 0.040, 0.030,	2354, 488, 2842
0.180, 0.040, 0.030,	2354, 528, 2882
0.190, 0.040, 0.030,	2354, 556, 2910
0.200, 0.040, 0.030,	2354, 592, 2946
0.050, 0.050, 0.030,	2354, 188, 2542
0.060, 0.050, 0.030,	2354, 196, 2550
0.070, 0.050, 0.030,	2354, 224, 2578
0.080, 0.050, 0.030,	2354, 244, 2598
0.090, 0.050, 0.030,	2354, 268, 2622
0.100, 0.050, 0.030,	2354, 284, 2638
0.110, 0.050, 0.030,	2354, 312, 2666
0.120, 0.050, 0.030,	2354, 340, 2694
0.130, 0.050, 0.030,	2354, 364, 2718
0.140, 0.050, 0.030,	2354, 396, 2750
0.150, 0.050, 0.030,	2354, 432, 2786
0.160, 0.050, 0.030,	2354, 460, 2814
0.170, 0.050, 0.030,	2354, 500, 2854
0.180, 0.050, 0.030,	2354, 540, 2894
0.190, 0.050, 0.030,	2354, 568, 2922
0.200, 0.050, 0.030,	2354, 604, 2958
0.060, 0.060, 0.030,	2354, 200, 2554
0.070, 0.060, 0.030,	2354, 228, 2582
0.080, 0.060, 0.030,	2354, 248, 2602
0.090, 0.060, 0.030,	2354, 272, 2626
0.100, 0.060, 0.030,	2354, 288, 2642
0.110, 0.060, 0.030,	2354, 316, 2670
0.120, 0.060, 0.030,	2354, 344, 2698
0.130, 0.060, 0.030,	2354, 368, 2722
0.140, 0.060, 0.030,	2354, 400, 2754
0.150, 0.060, 0.030,	2354, 436, 2790
0.160, 0.060, 0.030,	2354, 464, 2818
0.170, 0.060, 0.030,	2354, 504, 2858
0.180, 0.060, 0.030,	2354, 544, 2898
0.190, 0.060, 0.030,	2354, 572, 2926
0.200, 0.060, 0.030,	2354, 608, 2962
0.070, 0.070, 0.030,	2354, 244, 2598
0.080, 0.070, 0.030,	2354, 264, 2618
0.090, 0.070, 0.030,	2354, 288, 2642
0.100, 0.070, 0.030,	2354, 304, 2658
0.110, 0.070, 0.030,	2354, 332, 2686
0.120, 0.070, 0.030,	2354, 360, 2714
0.130, 0.070, 0.030,	2354, 384, 2738
0.140, 0.070, 0.030,	2354, 416, 2770
0.150, 0.070, 0.030,	2354, 452, 2806
0.160, 0.070, 0.030,	2354, 480, 2834
0.170, 0.070, 0.030,	2354, 520, 2874
0.180, 0.070, 0.030,	2354, 560, 2914
0.190, 0.070, 0.030,	2354, 588, 2942
0.200, 0.070, 0.030,	2354, 624, 2978
0.080, 0.080, 0.030,	2354, 280, 2634
0.090, 0.080, 0.030,	2354, 304, 2658
0.100, 0.080, 0.030,	2354, 320, 2674
0.110, 0.080, 0.030,	2354, 348, 2702
0.120, 0.080, 0.030,	2354, 376, 2730
0.130, 0.080, 0.030,	2354, 400, 2754
0.140, 0.080, 0.030,	2354, 432, 2786
0.150, 0.080, 0.030,	2354, 468, 2822
0.160, 0.080, 0.030,	2354, 496, 2850
0.170, 0.080, 0.030,	2354, 536, 2890
0.180, 0.080, 0.030,	2354, 576, 2930
0.190, 0.080, 0.030,	2354, 604, 2958
0.200, 0.080, 0.030,	2354, 640, 2994
0.090, 0.090, 0.030,	2354, 312, 2666
0.100, 0.090, 0.030,	2354, 328, 2682
0.110, 0.090, 0.030,	2354, 356, 2710
0.120, 0.090, 0.030,	2354, 384, 2738
0.130, 0.090, 0.030,	2354, 408, 2762
0.140, 0.090, 0.030,	2354, 440, 2794
0.150, 0.090, 0.030,	2354, 476, 2830
0.160, 0.090, 0.030,	2354, 504, 2858
0.170, 0.090, 0.030,	2354, 544, 2898
0.180, 0.090, 0.030,	2354, 584, 2938
0.190, 0.090, 0.030,	2354, 612, 2966
0.200, 0.090, 0.030,	2354, 648, 3002
0.100, 0.100, 0.030,	2354, 340, 2694
0.110, 0.100, 0.030,	2354, 368, 2722
0.120, 0.100, 0.030,	2354, 396, 2750
0.130, 0.100, 0.030,	2354, 420, 2774
0.140, 0.100, 0.030,	2354, 452, 2806
0.150, 0.100, 0.030,	2354, 488, 2842
0.160, 0.100, 0.030,	2354, 516, 2870
0.170, 0.100, 0.030,	2354, 556, 2910
0.180, 0.100, 0.030,	2354, 596, 2950
0.190, 0.100, 0.030,	2354, 624, 2978
0.200, 0.100, 0.030,	2354, 660, 3014
0.110, 0.110, 0.030,	2354, 384, 2738
0.120, 0.110, 0.030,	2354, 412, 2766
0.130, 0.110, 0.030,	2354, 436, 2790
0.140, 0.110, 0.030,	2354, 468, 2822
0.150, 0.110, 0.030,	2354, 504, 2858
0.160, 0.110, 0.030,	2354, 532, 2886
0.170, 0.110, 0.030,	2354, 572, 2926
0.180, 0.110, 0.030,	2354, 612, 2966
0.190, 0.110, 0.030,	2354, 640, 2994
0.200, 0.110, 0.030,	2354, 676, 3030
0.120, 0.120, 0.030,	2354, 428, 2782
0.130, 0.120, 0.030,	2354, 452, 2806
0.140, 0.120, 0.030,	2354, 484, 2838
0.150, 0.120, 0.030,	2354, 520, 2874
0.160, 0.120, 0.030,	2354, 548, 2902
0.170, 0.120, 0.030,	2354, 588, 2942
0.180, 0.120, 0.030,	2354, 628, 2982
0.190, 0.120, 0.030,	2354, 656, 3010
0.200, 0.120, 0.030,	2354, 692, 3046
0.130, 0.130, 0.030,	2354, 460, 2814
0.140, 0.130, 0.030,	2354, 492, 2846
0.150, 0.130, 0.030,	2354, 528, 2882
0.160, 0.130, 0.030,	2354, 556, 2910
0.170, 0.130, 0.030,	2354, 596, 2950
0.180, 0.130, 0.030,	2354, 636, 2990
0.190, 0.130, 0.030,	2354, 664, 3018
0.200, 0.130, 0.030,	2354, 700, 3054
0.140, 0.140, 0.030,	2354, 516, 2870
0.150, 0.140, 0.030,	2354, 552, 2906
0.160, 0.140, 0.030,	2354, 580, 2934
0.170, 0.140, 0.030,	2354, 620, 2974
0.180, 0.140, 0.030,	2354, 660, 3014
0.190, 0.140, 0.030,	2354, 688, 3042
0.200, 0.140, 0.030,	2354, 724, 3078
0.150, 0.150, 0.030,	2354, 564, 2918
0.160, 0.150, 0.030,	2354, 592, 2946
0.170, 0.150, 0.030,	2354, 632, 2986
0.180, 0.150, 0.030,	2354, 672, 3026
0.190, 0.150, 0.030,	2354, 700, 3054
0.200, 0.150, 0.030,	2354, 736, 3090
0.160, 0.160, 0.030,	2354, 612, 2966
0.170, 0.160, 0.030,	2354, 652, 3006
0.180, 0.160, 0.030,	2354, 692, 3046
0.190, 0.160, 0.030,	2354, 720, 3074
0.200, 0.160, 0.030,	2354, 756, 3110
0.170, 0.170, 0.030,	2354, 672, 3026
0.180, 0.170, 0.030,	2354, 712, 3066
0.190, 0.170, 0.030,	2354, 740, 3094
0.200, 0.170, 0.030,	2354, 776, 3130
0.180, 0.180, 0.030,	2354, 736, 3090
0.190, 0.180, 0.030,	2354, 764, 3118
0.200, 0.180, 0.030,	2354, 800, 3154
0.190, 0.190, 0.030,	2354, 772, 3126
0.200, 0.190, 0.030,	2354, 808, 3162
0.200, 0.200, 0.030,	2354, 832, 3186
0.040, 0.040, 0.040,	2354, 204, 2558
0.050, 0.040, 0.040,	2354, 224, 2578
0.060, 0.040, 0.040,	2354, 232, 2586
0.070, 0.040, 0.040,	2354, 260, 2614
0.080, 0.040, 0.040,	2354, 280, 2634
0.090, 0.040, 0.040,	2354, 304, 2658
0.100, 0.040, 0.040,	2354, 320, 2674
0.110, 0.040, 0.040,	2354, 348, 2702
0.120, 0.040, 0.040,	2354, 376, 2730
0.130, 0.040, 0.040,	2354, 400, 2754
0.140, 0.040, 0.040,	2354, 432, 2786
0.150, 0.040, 0.040,	2354, 468, 2822
0.160, 0.040, 0.040,	2354, 496, 2850
0.170, 0.040, 0.040,	2354, 536, 2890
0.180, 0.040, 0.040,	2354, 576, 2930
0.190, 0.040, 0.040,	2354, 604, 2958
0.200, 0.040, 0.040,	2354, 640, 2994
0.050, 0.050, 0.040,	2354, 236, 2590
0.060, 0.050, 0.040,	2354, 244, 2598
0.070, 0.050, 0.040,	2354, 272, 2626
0.080, 0.050, 0.040,	2354, 292, 2646
0.090, 0.050, 0.040,	2354, 316, 2670
0.100, 0.050, 0.040,	2354, 332, 2686
0.110, 0.050, 0.040,	2354, 360, 2714
0.120, 0.050, 0.040,	2354, 388, 2742
0.130, 0.050, 0.040,	2354, 412, 2766
0.140, 0.050, 0.040,	2354, 444, 2798
0.150, 0.050, 0.040,	2354, 480, 2834
0.160, 0.050, 0.040,	2354, 508, 2862
0.170, 0.050, 0.040,	2354, 548, 2902
0.180, 0.050, 0.040,	2354, 588, 2942
0.190, 0.050, 0.040,	2354, 616, 2970
0.200, 0.050, 0.040,	2354, 652, 3006
0.060, 0.060, 0.040,	2354, 248, 2602
0.070, 0.060, 0.040,	2354, 276, 2630
0.080, 0.060, 0.040,	2354, 296, 2650
0.090, 0.060, 0.040,	2354, 320, 2674
0.100, 0.060, 0.040,	2354, 336, 2690
0.110, 0.060, 0.040,	2354, 364, 2718
0.120, 0.060, 0.040,	2354, 392, 2746
0.130, 0.060, 0.040,	2354, 416, 2770
0.140, 0.060, 0.040,	2354, 448, 2802
0.150, 0.060, 0.040,	2354, 484, 2838
0.160, 0.060, 0.040,	2354, 512, 2866
0.170, 0.060, 0.040,	2354, 552, 2906
0.180, 0.060, 0.040,	2354, 592, 2946
0.190, 0.060, 0.040,	2354, 620, 2974
0.200, 0.060, 0.040,	2354, 656, 3010
0.070, 0.070, 0.040,	2354, 292, 2646
0.080, 0.070, 0.040,	2354, 312, 2666
0.090, 0.070, 0.040,	2354, 336, 2690
0.100, 0.070, 0.040,	2354, 352, 2706
0.110, 0.070, 0.040,	2354, 380, 2734
0.120, 0.070, 0.040,	2354, 408, 2762
0.130, 0.070, 0.040,	2354, 432, 2786
0.140, 0.070, 0.040,	2354, 464, 2818
0.150, 0.070, 0.040,	2354, 500, 2854
0.160, 0.070, 0.040,	2354, 528, 2882
0.170, 0.070, 0.040,	2354, 568, 2922
0.180, 0.070, 0.040,	2354, 608, 2962
0.190, 0.070, 0.040,	2354, 636, 2990
0.200, 0.070, 0.040,	2354, 672, 3026
0.080, 0.080, 0.040,	2354, 328, 2682
0.090, 0.080, 0.040,	2354, 352, 2706
0.100, 0.080, 0.040,	2354, 368, 2722
0.110, 0.080, 0.040,	2354, 396, 2750
0.120, 0.080, 0.040,	2354, 424, 2778
0.130, 0.080, 0.040,	2354, 448, 2802
0.140, 0.080, 0.040,	2354, 480, 2834
0.150, 0.080, 0.040,	2354, 516, 2870
0.160, 0.080, 0.040,	2354, 544, 2898
0.170, 0.080, 0.040,	2354, 584, 2938
0.180, 0.080, 0.040,	2354, 624, 2978
0.190, 0.080, 0.040,	2354, 652, 3006
0.200, 0.080, 0.040,	2354, 688, 3042
0.090, 0.090, 0.040,	2354, 360, 2714
0.100, 0.090, 0.040,	2354, 376, 2730
0.110, 0.090, 0.040,	2354, 404, 2758
0.120, 0.090, 0.040,	2354, 432, 2786
0.130, 0.090, 0.040,	2354, 456, 2810
0.140, 0.090, 0.040,	2354, 488, 2842
0.150, 0.090, 0.040,	2354, 524, 2878
0.160, 0.090, 0.040,	2354, 552, 2906
0.170, 0.090, 0.040,	2354, 592, 2946
0.180, 0.090, 0.040,	2354, 632, 2986
0.190, 0.090, 0.040,	2354, 660, 3014
0.200, 0.090, 0.040,	2354, 696, 3050
0.100, 0.100, 0.040,	2354, 388, 2742
0.110, 0.100, 0.040,	2354, 416, 2770
0.120, 0.100, 0.040,	2354, 444, 2798
0.130, 0.100, 0.040,	2354, 468, 2822
0.140, 0.100, 0.040,	2354, 500, 2854
0.150, 0.100, 0.040,	2354, 536, 2890
0.160, 0.100, 0.040,	2354, 564, 2918
0.170, 0.100, 0.040,	2354, 604, 2958
0.180, 0.100, 0.040,	2354, 644, 2998
0.190, 0.100, 0.040,	2354, 672, 3026
0.200, 0.100, 0.040,	2354, 708, 3062
0.110, 0.110, 0.040,	2354, 432, 2786
0.120, 0.110, 0.040,	2354, 460, 2814
0.130, 0.110, 0.040,	2354, 484, 2838
0.140, 0.110, 0.040,	2354, 516, 2870
0.150, 0.110, 0.040,	2354, 552, 2906
0.160, 0.110, 0.040,	2354, 580, 2934
0.170, 0.110, 0.040,	2354, 620, 2974
0.180, 0.110, 0.040,	2354, 660, 3014
0.190, 0.110, 0.040,	2354, 688, 3042
0.200, 0.110, 0.040,	2354, 724, 3078
0.120, 0.120, 0.040,	2354, 476, 2830
0.130, 0.120, 0.040,	2354, 500, 2854
0.140, 0.120, 0.040,	2354, 532, 2886
0.150, 0.120, 0.040,	2354, 568, 2922
0.160, 0.120, 0.040,	2354, 596, 2950
0.170, 0.120, 0.040,	2354, 636, 2990
0.180, 0.120, 0.040,	2354, 676, 3030
0.190, 0.120, 0.040,	2354, 704, 3058
0.200, 0.120, 0.040,	2354, 740, 3094
0.130, 0.130, 0.040,	2354, 508, 2862
0.140, 0.130, 0.040,	2354, 540, 2894
0.150, 0.130, 0.040,	2354, 576, 2930
0.160, 0.130, 0.040,	2354, 604, 2958
0.170, 0.130, 0.040,	2354, 644, 2998
0.180, 0.130, 0.040,	2354, 684, 3038
0.190, 0.130, 0.040,	2354, 712, 3066
0.200, 0.130, 0.040,	2354, 748, 3102
0.140, 0.140, 0.040,	2354, 564, 2918
0.150, 0.140, 0.040,	2354, 600, 2954
0.160, 0.140, 0.040,	2354, 628, 2982
0.170, 0.140, 0.040,	2354, 668, 3022
0.180, 0.140, 0.040,	2354, 708, 3062
0.190, 0.140, 0.040,	2354, 736, 3090
0.200, 0.140, 0.040,	2354, 772, 3126
0.150, 0.150, 0.040,	2354, 612, 2966
0.160, 0.150, 0.040,	2354, 640, 2994
0.170, 0.150, 0.040,	2354, 680, 3034
0.180, 0.150, 0.040,	2354, 720, 3074
0.190, 0.150, 0.040,	2354, 748, 3102
0.200, 0.150, 0.040,	2354, 784, 3138
0.160, 0.160, 0.040,	2354, 660, 3014
0.170, 0.160, 0.040,	2354, 700, 3054
0.180, 0.160, 0.040,	2354, 740, 3094
0.190, 0.160, 0.040,	2354, 768, 3122
0.200, 0.160, 0.040,	2354, 804, 3158
0.170, 0.170, 0.040,	2354, 720, 3074
0.180, 0.170, 0.040,	2354, 760, 3114
0.190, 0.170, 0.040,	2354, 788, 3142
0.200, 0.170, 0.040,	2354, 824, 3178
0.180, 0.180, 0.040,	2354, 784, 3138
0.190, 0.180, 0.040,	2354, 812, 3166
0.200, 0.180, 0.040,	2354, 848, 3202
0.190, 0.190, 0.040,	2354, 820, 3174
0.200, 0.190, 0.040,	2354, 856, 3210
0.200, 0.200, 0.040,	2354, 880, 3234
0.050, 0.050, 0.050,	2354, 316, 2670
0.060, 0.050, 0.050,	2354, 324, 2678
0.070, 0.050, 0.050,	2354, 352, 2706
0.080, 0.050, 0.050,	2354, 372, 2726
0.090, 0.050, 0.050,	2354, 396, 2750
0.100, 0.050, 0.050,	2354, 412, 2766
0.110, 0.050, 0.050,	2354, 440, 2794
0.120, 0.050, 0.050,	2354, 468, 2822
0.130, 0.050, 0.050,	2354, 492, 2846
0.140, 0.050, 0.050,	2354, 524, 2878
0.150, 0.050, 0.050,	2354, 560, 2914
0.160, 0.050, 0.050,	2354, 588, 2942
0.170, 0.050, 0.050,	2354, 628, 2982
0.180, 0.050, 0.050,	2354, 668, 3022
0.190, 0.050, 0.050,	2354, 696, 3050
0.200, 0.050, 0.050,	2354, 732, 3086
0.060, 0.060, 0.050,	2354, 328, 2682
0.070, 0.060, 0.050,	2354, 356, 2710
0.080, 0.060, 0.050,	2354, 376, 2730
0.090, 0.060, 0.050,	2354, 400, 2754
0.100, 0.060, 0.050,	2354, 416, 2770
0.110, 0.060, 0.050,	2354, 444, 2798
0.120, 0.060, 0.050,	2354, 472, 2826
0.130, 0.060, 0.050,	2354, 496, 2850
0.140, 0.060, 0.050,	2354, 528, 2882
0.150, 0.060, 0.050,	2354, 564, 2918
0.160, 0.060, 0.050,	2354, 592, 2946
0.170, 0.060, 0.050,	2354, 632, 2986
0.180, 0.060, 0.050,	2354, 672, 3026
0.190, 0.060, 0.050,	2354, 700, 3054
0.200, 0.060, 0.050,	2354, 736, 3090
0.070, 0.070, 0.050,	2354, 372, 2726
0.080, 0.070, 0.050,	2354, 392, 2746
0.090, 0.070, 0.050,	2354, 416, 2770
0.100, 0.070, 0.050,	2354, 432, 2786
0.110, 0.070, 0.050,	2354, 460, 2814
0.120, 0.070, 0.050,	2354, 488, 2842
0.130, 0.070, 0.050,	2354, 512, 2866
0.140, 0.070, 0.050,	2354, 544, 2898
0.150, 0.070, 0.050,	2354, 580, 2934
0.160, 0.070, 0.050,	2354, 608, 2962
0.170, 0.070, 0.050,	2354, 648, 3002
0.180, 0.070, 0.050,	2354, 688, 3042
0.190, 0.070, 0.050,	2354, 716, 3070
0.200, 0.070, 0.050,	2354, 752, 3106
0.080, 0.080, 0.050,	2354, 408, 2762
0.090, 0.080, 0.050,	2354, 432, 2786
0.100, 0.080, 0.050,	2354, 448, 2802
0.110, 0.080, 0.050,	2354, 476, 2830
0.120, 0.080, 0.050,	2354, 504, 2858
0.130, 0.080, 0.050,	2354, 528, 2882
0.140, 0.080, 0.050,	2354, 560, 2914
0.150, 0.080, 0.050,	2354, 596, 2950
0.160, 0.080, 0.050,	2354, 624, 2978
0.170, 0.080, 0.050,	2354, 664, 3018
0.180, 0.080, 0.050,	2354, 704, 3058
0.190, 0.080, 0.050,	2354, 732, 3086
0.200, 0.080, 0.050,	2354, 768, 3122
0.090, 0.090, 0.050,	2354, 440, 2794
0.100, 0.090, 0.050,	2354, 456, 2810
0.110, 0.090, 0.050,	2354, 484, 2838
0.120, 0.090, 0.050,	2354, 512, 2866
0.130, 0.090, 0.050,	2354, 536, 2890
0.140, 0.090, 0.050,	2354, 568, 2922
0.150, 0.090, 0.050,	2354, 604, 2958
0.160, 0.090, 0.050,	2354, 632, 2986
0.170, 0.090, 0.050,	2354, 672, 3026
0.180, 0.090, 0.050,	2354, 712, 3066
0.190, 0.090, 0.050,	2354, 740, 3094
0.200, 0.090, 0.050,	2354, 776, 3130
0.100, 0.100, 0.050,	2354, 468, 2822
0.110, 0.100, 0.050,	2354, 496, 2850
0.120, 0.100, 0.050,	2354, 524, 2878
0.130, 0.100, 0.050,	2354, 548, 2902
0.140, 0.100, 0.050,	2354, 580, 2934
0.150, 0.100, 0.050,	2354, 616, 2970
0.160, 0.100, 0.050,	2354, 644, 2998
0.170, 0.100, 0.050,	2354, 684, 3038
0.180, 0.100, 0.050,	2354, 724, 3078
0.190, 0.100, 0.050,	2354, 752, 3106
0.200, 0.100, 0.050,	2354, 788, 3142
0.110, 0.110, 0.050,	2354, 512, 2866
0.120, 0.110, 0.050,	2354, 540, 2894
0.130, 0.110, 0.050,	2354, 564, 2918
0.140, 0.110, 0.050,	2354, 596, 2950
0.150, 0.110, 0.050,	2354, 632, 2986
0.160, 0.110, 0.050,	2354, 660, 3014
0.170, 0.110, 0.050,	2354, 700, 3054
0.180, 0.110, 0.050,	2354, 740, 3094
0.190, 0.110, 0.050,	2354, 768, 3122
0.200, 0.110, 0.050,	2354, 804, 3158
0.120, 0.120, 0.050,	2354, 556, 2910
0.130, 0.120, 0.050,	2354, 580, 2934
0.140, 0.120, 0.050,	2354, 612, 2966
0.150, 0.120, 0.050,	2354, 648, 3002
0.160, 0.120, 0.050,	2354, 676, 3030
0.170, 0.120, 0.050,	2354, 716, 3070
0.180, 0.120, 0.050,	2354, 756, 3110
0.190, 0.120, 0.050,	2354, 784, 3138
0.200, 0.120, 0.050,	2354, 820, 3174
0.130, 0.130, 0.050,	2354, 588, 2942
0.140, 0.130, 0.050,	2354, 620, 2974
0.150, 0.130, 0.050,	2354, 656, 3010
0.160, 0.130, 0.050,	2354, 684, 3038
0.170, 0.130, 0.050,	2354, 724, 3078
0.180, 0.130, 0.050,	2354, 764, 3118
0.190, 0.130, 0.050,	2354, 792, 3146
0.200, 0.130, 0.050,	2354, 828, 3182
0.140, 0.140, 0.050,	2354, 644, 2998
0.150, 0.140, 0.050,	2354, 680, 3034
0.160, 0.140, 0.050,	2354, 708, 3062
0.170, 0.140, 0.050,	2354, 748, 3102
0.180, 0.140, 0.050,	2354, 788, 3142
0.190, 0.140, 0.050,	2354, 816, 3170
0.200, 0.140, 0.050,	2354, 852, 3206
0.150, 0.150, 0.050,	2354, 692, 3046
0.160, 0.150, 0.050,	2354, 720, 3074
0.170, 0.150, 0.050,	2354, 760, 3114
0.180, 0.150, 0.050,	2354, 800, 3154
0.190, 0.150, 0.050,	2354, 828, 3182
0.200, 0.150, 0.050,	2354, 864, 3218
0.160, 0.160, 0.050,	2354, 740, 3094
0.170, 0.160, 0.050,	2354, 780, 3134
0.180, 0.160, 0.050,	2354, 820, 3174
0.190, 0.160, 0.050,	2354, 848, 3202
0.200, 0.160, 0.050,	2354, 884, 3238
0.170, 0.170, 0.050,	2354, 800, 3154
0.180, 0.170, 0.050,	2354, 840, 3194
0.190, 0.170, 0.050,	2354, 868, 3222
0.200, 0.170, 0.050,	2354, 904, 3258
0.180, 0.180, 0.050,	2354, 864, 3218
0.190, 0.180, 0.050,	2354, 892, 3246
0.200, 0.180, 0.050,	2354, 928, 3282
0.190, 0.190, 0.050,	2354, 900, 3254
0.200, 0.190, 0.050,	2354, 936, 3290
0.200, 0.200, 0.050,	2354, 960, 3314
0.060, 0.060, 0.060,	2354, 360, 2714
0.070, 0.060, 0.060,	2354, 388, 2742
0.080, 0.060, 0.060,	2354, 408, 2762
0.090, 0.060, 0.060,	2354, 432, 2786
0.100, 0.060, 0.060,	2354, 448, 2802
0.110, 0.060, 0.060,	2354, 476, 2830
0.120, 0.060, 0.060,	2354, 504, 2858
0.130, 0.060, 0.060,	2354, 528, 2882
0.140, 0.060, 0.060,	2354, 560, 2914
0.150, 0.060, 0.060,	2354, 596, 2950
0.160, 0.060, 0.060,	2354, 624, 2978
0.170, 0.060, 0.060,	2354, 664, 3018
0.180, 0.060, 0.060,	2354, 704, 3058
0.190, 0.060, 0.060,	2354, 732, 3086
0.200, 0.060, 0.060,	2354, 768, 3122
0.070, 0.070, 0.060,	2354, 404, 2758
0.080, 0.070, 0.060,	2354, 424, 2778
0.090, 0.070, 0.060,	2354, 448, 2802
0.100, 0.070, 0.060,	2354, 464, 2818
0.110, 0.070, 0.060,	2354, 492, 2846
0.120, 0.070, 0.060,	2354, 520, 2874
0.130, 0.070, 0.060,	2354, 544, 2898
0.140, 0.070, 0.060,	2354, 576, 2930
0.150, 0.070, 0.060,	2354, 612, 2966
0.160, 0.070, 0.060,	2354, 640, 2994
0.170, 0.070, 0.060,	2354, 680, 3034
0.180, 0.070, 0.060,	2354, 720, 3074
0.190, 0.070, 0.060,	2354, 748, 3102
0.200, 0.070, 0.060,	2354, 784, 3138
0.080, 0.080, 0.060,	2354, 440, 2794
0.090, 0.080, 0.060,	2354, 464, 2818
0.100, 0.080, 0.060,	2354, 480, 2834
0.110, 0.080, 0.060,	2354, 508, 2862
0.120, 0.080, 0.060,	2354, 536, 2890
0.130, 0.080, 0.060,	2354, 560, 2914
0.140, 0.080, 0.060,	2354, 592, 2946
0.150, 0.080, 0.060,	2354, 628, 2982
0.160, 0.080, 0.060,	2354, 656, 3010
0.170, 0.080, 0.060,	2354, 696, 3050
0.180, 0.080, 0.060,	2354, 736, 3090
0.190, 0.080, 0.060,	2354, 764, 3118
0.200, 0.080, 0.060,	2354, 800, 3154
0.090, 0.090, 0.060,	2354, 472, 2826
0.100, 0.090, 0.060,	2354, 488, 2842
0.110, 0.090, 0.060,	2354, 516, 2870
0.120, 0.090, 0.060,	2354, 544, 2898
0.130, 0.090, 0.060,	2354, 568, 2922
0.140, 0.090, 0.060,	2354, 600, 2954
0.150, 0.090, 0.060,	2354, 636, 2990
0.160, 0.090, 0.060,	2354, 664, 3018
0.170, 0.090, 0.060,	2354, 704, 3058
0.180, 0.090, 0.060,	2354, 744, 3098
0.190, 0.090, 0.060,	2354, 772, 3126
0.200, 0.090, 0.060,	2354, 808, 3162
0.100, 0.100, 0.060,	2354, 500, 2854
0.110, 0.100, 0.060,	2354, 528, 2882
0.120, 0.100, 0.060,	2354, 556, 2910
0.130, 0.100, 0.060,	2354, 580, 2934
0.140, 0.100, 0.060,	2354, 612, 2966
0.150, 0.100, 0.060,	2354, 648, 3002
0.160, 0.100, 0.060,	2354, 676, 3030
0.170, 0.100, 0.060,	2354, 716, 3070
0.180, 0.100, 0.060,	2354, 756, 3110
0.190, 0.100, 0.060,	2354, 784, 3138
0.200, 0.100, 0.060,	2354, 820, 3174
0.110, 0.110, 0.060,	2354, 544, 2898
0.120, 0.110, 0.060,	2354, 572, 2926
0.130, 0.110, 0.060,	2354, 596, 2950
0.140, 0.110, 0.060,	2354, 628, 2982
0.150, 0.110, 0.060,	2354, 664, 3018
0.160, 0.110, 0.060,	2354, 692, 3046
0.170, 0.110, 0.060,	2354, 732, 3086
0.180, 0.110, 0.060,	2354, 772, 3126
0.190, 0.110, 0.060,	2354, 800, 3154
0.200, 0.110, 0.060,	2354, 836, 3190
0.120, 0.120, 0.060,	2354, 588, 2942
0.130, 0.120, 0.060,	2354, 612, 2966
0.140, 0.120, 0.060,	2354, 644, 2998
0.150, 0.120, 0.060,	2354, 680, 3034
0.160, 0.120, 0.060,	2354, 708, 3062
0.170, 0.120, 0.060,	2354, 748, 3102
0.180, 0.120, 0.060,	2354, 788, 3142
0.190, 0.120, 0.060,	2354, 816, 3170
0.200, 0.120, 0.060,	2354, 852, 3206
0.130, 0.130, 0.060,	2354, 620, 2974
0.140, 0.130, 0.060,	2354, 652, 3006
0.150, 0.130, 0.060,	2354, 688, 3042
0.160, 0.130, 0.060,	2354, 716, 3070
0.170, 0.130, 0.060,	2354, 756, 3110
0.180, 0.130, 0.060,	2354, 796, 3150
0.190, 0.130, 0.060,	2354, 824, 3178
0.200, 0.130, 0.060,	2354, 860, 3214
0.140, 0.140, 0.060,	2354, 676, 3030
0.150, 0.140, 0.060,	2354, 712, 3066
0.160, 0.140, 0.060,	2354, 740, 3094
0.170, 0.140, 0.060,	2354, 780, 3134
0.180, 0.140, 0.060,	2354, 820, 3174
0.190, 0.140, 0.060,	2354, 848, 3202
0.200, 0.140, 0.060,	2354, 884, 3238
0.150, 0.150, 0.060,	2354, 724, 3078
0.160, 0.150, 0.060,	2354, 752, 3106
0.170, 0.150, 0.060,	2354, 792, 3146
0.180, 0.150, 0.060,	2354, 832, 3186
0.190, 0.150, 0.060,	2354, 860, 3214
0.200, 0.150, 0.060,	2354, 896, 3250
0.160, 0.160, 0.060,	2354, 772, 3126
0.170, 0.160, 0.060,	2354, 812, 3166
0.180, 0.160, 0.060,	2354, 852, 3206
0.190, 0.160, 0.060,	2354, 880, 3234
0.200, 0.160, 0.060,	2354, 916, 3270
0.170, 0.170, 0.060,	2354, 832, 3186
0.180, 0.170, 0.060,	2354, 872, 3226
0.190, 0.170, 0.060,	2354, 900, 3254
0.200, 0.170, 0.060,	2354, 936, 3290
0.180, 0.180, 0.060,	2354, 896, 3250
0.190, 0.180, 0.060,	2354, 924, 3278
0.200, 0.180, 0.060,	2354, 960, 3314
0.190, 0.190, 0.060,	2354, 932, 3286
0.200, 0.190, 0.060,	2354, 968, 3322
0.200, 0.200, 0.060,	2354, 992, 3346
0.070, 0.070, 0.070,	2354, 516, 2870
0.080, 0.070, 0.070,	2354, 536, 2890
0.090, 0.070, 0.070,	2354, 560, 2914
0.100, 0.070, 0.070,	2354, 576, 2930
0.110, 0.070, 0.070,	2354, 604, 2958
0.120, 0.070, 0.070,	2354, 632, 2986
0.130, 0.070, 0.070,	2354, 656, 3010
0.140, 0.070, 0.070,	2354, 688, 3042
0.150, 0.070, 0.070,	2354, 724, 3078
0.160, 0.070, 0.070,	2354, 752, 3106
0.170, 0.070, 0.070,	2354, 792, 3146
0.180, 0.070, 0.070,	2354, 832, 3186
0.190, 0.070, 0.070,	2354, 860, 3214
0.200, 0.070, 0.070,	2354, 896, 3250
0.080, 0.080, 0.070,	2354, 552, 2906
0.090, 0.080, 0.070,	2354, 576, 2930
0.100, 0.080, 0.070,	2354, 592, 2946
0.110, 0.080, 0.070,	2354, 620, 2974
0.120, 0.080, 0.070,	2354, 648, 3002
0.130, 0.080, 0.070,	2354, 672, 3026
0.140, 0.080, 0.070,	2354, 704, 3058
0.150, 0.080, 0.070,	2354, 740, 3094
0.160, 0.080, 0.070,	2354, 768, 3122
0.170, 0.080, 0.070,	2354, 808, 3162
0.180, 0.080, 0.070,	2354, 848, 3202
0.190, 0.080, 0.070,	2354, 876, 3230
0.200, 0.080, 0.070,	2354, 912, 3266
0.090, 0.090, 0.070,	2354, 584, 2938
0.100, 0.090, 0.070,	2354, 600, 2954
0.110, 0.090, 0.070,	2354, 628, 2982
0.120, 0.090, 0.070,	2354, 656, 3010
0.130, 0.090, 0.070,	2354, 680, 3034
0.140, 0.090, 0.070,	2354, 712, 3066
0.150, 0.090, 0.070,	2354, 748, 3102
0.160, 0.090, 0.070,	2354, 776, 3130
0.170, 0.090, 0.070,	2354, 816, 3170
0.180, 0.090, 0.070,	2354, 856, 3210
0.190, 0.090, 0.070,	2354, 884, 3238
0.200, 0.090, 0.070,	2354, 920, 3274
0.100, 0.100, 0.070,	2354, 612, 2966
0.110, 0.100, 0.070,	2354, 640, 2994
0.120, 0.100, 0.070,	2354, 668, 3022
0.130, 0.100, 0.070,	2354, 692, 3046
0.140, 0.100, 0.070,	2354, 724, 3078
0.150, 0.100, 0.070,	2354, 760, 3114
0.160, 0.100, 0.070,	2354, 788, 3142
0.170, 0.100, 0.070,	2354, 828, 3182
0.180, 0.100, 0.070,	2354, 868, 3222
0.190, 0.100, 0.070,	2354, 896, 3250
0.200, 0.100, 0.070,	2354, 932, 3286
0.110, 0.110, 0.070,	2354, 656, 3010
0.120, 0.110, 0.070,	2354, 684, 3038
0.130, 0.110, 0.070,	2354, 708, 3062
0.140, 0.110, 0.070,	2354, 740, 3094
0.150, 0.110, 0.070,	2354, 776, 3130
0.160, 0.110, 0.070,	2354, 804, 3158
0.170, 0.110, 0.070,	2354, 844, 3198
0.180, 0.110, 0.070,	2354, 884, 3238
0.190, 0.110, 0.070,	2354, 912, 3266
0.200, 0.110, 0.070,	2354, 948, 3302
0.120, 0.120, 0.070,	2354, 700, 3054
0.130, 0.120, 0.070,	2354, 724, 3078
0.140, 0.120, 0.070,	2354, 756, 3110
0.150, 0.120, 0.070,	2354, 792, 3146
0.160, 0.120, 0.070,	2354, 820, 3174
0.170, 0.120, 0.070,	2354, 860, 3214
0.180, 0.120, 0.070,	2354, 900, 3254
0.190, 0.120, 0.070,	2354, 928, 3282
0.200, 0.120, 0.070,	2354, 964, 3318
0.130, 0.130, 0.070,	2354, 732, 3086
0.140, 0.130, 0.070,	2354, 764, 3118
0.150, 0.130, 0.070,	2354, 800, 3154
0.160, 0.130, 0.070,	2354, 828, 3182
0.170, 0.130, 0.070,	2354, 868, 3222
0.180, 0.130, 0.070,	2354, 908, 3262
0.190, 0.130, 0.070,	2354, 936, 3290
0.200, 0.130, 0.070,	2354, 972, 3326
0.140, 0.140, 0.070,	2354, 788, 3142
0.150, 0.140, 0.070,	2354, 824, 3178
0.160, 0.140, 0.070,	2354, 852, 3206
0.170, 0.140, 0.070,	2354, 892, 3246
0.180, 0.140, 0.070,	2354, 932, 3286
0.190, 0.140, 0.070,	2354, 960, 3314
0.200, 0.140, 0.070,	2354, 996, 3350
0.150, 0.150, 0.070,	2354, 836, 3190
0.160, 0.150, 0.070,	2354, 864, 3218
0.170, 0.150, 0.070,	2354, 904, 3258
0.180, 0.150, 0.070,	2354, 944, 3298
0.190, 0.150, 0.070,	2354, 972, 3326
0.200, 0.150, 0.070,	2354, 1008, 3362
0.160, 0.160, 0.070,	2354, 884, 3238
0.170, 0.160, 0.070,	2354, 924, 3278
0.180, 0.160, 0.070,	2354, 964, 3318
0.190, 0.160, 0.070,	2354, 992, 3346
0.200, 0.160, 0.070,	2354, 1028, 3382
0.170, 0.170, 0.070,	2354, 944, 3298
0.180, 0.170, 0.070,	2354, 984, 3338
0.190, 0.170, 0.070,	2354, 1012, 3366
0.200, 0.170, 0.070,	2354, 1048, 3402
0.180, 0.180, 0.070,	2354, 1008, 3362
0.190, 0.180, 0.070,	2354, 1036, 3390
0.200, 0.180, 0.070,	2354, 1072, 3426
0.190, 0.190, 0.070,	2354, 1044, 3398
0.200, 0.190, 0.070,	2354, 1080, 3434
0.200, 0.200, 0.070,	2354, 1104, 3458
0.080, 0.080, 0.080,	2354, 632, 2986
0.090, 0.080, 0.080,	2354, 656, 3010
0.100, 0.080, 0.080,	2354, 672, 3026
0.110, 0.080, 0.080,	2354, 700, 3054
0.120, 0.080, 0.080,	2354, 728, 3082
0.130, 0.080, 0.080,	2354, 752, 3106
0.140, 0.080, 0.080,	2354, 784, 3138
0.150, 0.080, 0.080,	2354, 820, 3174
0.160, 0.080, 0.080,	2354, 848, 3202
0.170, 0.080, 0.080,	2354, 888, 3242
0.180, 0.080, 0.080,	2354, 928, 3282
0.190, 0.080, 0.080,	2354, 956, 3310
0.200, 0.080, 0.080,	2354, 992, 3346
0.090, 0.090, 0.080,	2354, 664, 3018
0.100, 0.090, 0.080,	2354, 680, 3034
0.110, 0.090, 0.080,	2354, 708, 3062
0.120, 0.090, 0.080,	2354, 736, 3090
0.130, 0.090, 0.080,	2354, 760, 3114
0.140, 0.090, 0.080,	2354, 792, 3146
0.150, 0.090, 0.080,	2354, 828, 3182
0.160, 0.090, 0.080,	2354, 856, 3210
0.170, 0.090, 0.080,	2354, 896, 3250
0.180, 0.090, 0.080,	2354, 936, 3290
0.190, 0.090, 0.080,	2354, 964, 3318
0.200, 0.090, 0.080,	2354, 1000, 3354
0.100, 0.100, 0.080,	2354, 692, 3046
0.110, 0.100, 0.080,	2354, 720, 3074
0.120, 0.100, 0.080,	2354, 748, 3102
0.130, 0.100, 0.080,	2354, 772, 3126
0.140, 0.100, 0.080,	2354, 804, 3158
0.150, 0.100, 0.080,	2354, 840, 3194
0.160, 0.100, 0.080,	2354, 868, 3222
0.170, 0.100, 0.080,	2354, 908, 3262
0.180, 0.100, 0.080,	2354, 948, 3302
0.190, 0.100, 0.080,	2354, 976, 3330
0.200, 0.100, 0.080,	2354, 1012, 3366
0.110, 0.110, 0.080,	2354, 736, 3090
0.120, 0.110, 0.080,	2354, 764, 3118
0.130, 0.110, 0.080,	2354, 788, 3142
0.140, 0.110, 0.080,	2354, 820, 3174
0.150, 0.110, 0.080,	2354, 856, 3210
0.160, 0.110, 0.080,	2354, 884, 3238
0.170, 0.110, 0.080,	2354, 924, 3278
0.180, 0.110, 0.080,	2354, 964, 3318
0.190, 0.110, 0.080,	2354, 992, 3346
0.200, 0.110, 0.080,	2354, 1028, 3382
0.120, 0.120, 0.080,	2354, 780, 3134
0.130, 0.120, 0.080,	2354, 804, 3158
0.140, 0.120, 0.080,	2354, 836, 3190
0.150, 0.120, 0.080,	2354, 872, 3226
0.160, 0.120, 0.080,	2354, 900, 3254
0.170, 0.120, 0.080,	2354, 940, 3294
0.180, 0.120, 0.080,	2354, 980, 3334
0.190, 0.120, 0.080,	2354, 1008, 3362
0.200, 0.120, 0.080,	2354, 1044, 3398
0.130, 0.130, 0.080,	2354, 812, 3166
0.140, 0.130, 0.080,	2354, 844, 3198
0.150, 0.130, 0.080,	2354, 880, 3234
0.160, 0.130, 0.080,	2354, 908, 3262
0.170, 0.130, 0.080,	2354, 948, 3302
0.180, 0.130, 0.080,	2354, 988, 3342
0.190, 0.130, 0.080,	2354, 1016, 3370
0.200, 0.130, 0.080,	2354, 1052, 3406
0.140, 0.140, 0.080,	2354, 868, 3222
0.150, 0.140, 0.080,	2354, 904, 3258
0.160, 0.140, 0.080,	2354, 932, 3286
0.170, 0.140, 0.080,	2354, 972, 3326
0.180, 0.140, 0.080,	2354, 1012, 3366
0.190, 0.140, 0.080,	2354, 1040, 3394
0.200, 0.140, 0.080,	2354, 1076, 3430
0.150, 0.150, 0.080,	2354, 916, 3270
0.160, 0.150, 0.080,	2354, 944, 3298
0.170, 0.150, 0.080,	2354, 984, 3338
0.180, 0.150, 0.080,	2354, 1024, 3378
0.190, 0.150, 0.080,	2354, 1052, 3406
0.200, 0.150, 0.080,	2354, 1088, 3442
0.160, 0.160, 0.080,	2354, 964, 3318
0.170, 0.160, 0.080,	2354, 1004, 3358
0.180, 0.160, 0.080,	2354, 1044, 3398
0.190, 0.160, 0.080,	2354, 1072, 3426
0.200, 0.160, 0.080,	2354, 1108, 3462
0.170, 0.170, 0.080,	2354, 1024, 3378
0.180, 0.170, 0.080,	2354, 1064, 3418
0.190, 0.170, 0.080,	2354, 1092, 3446
0.200, 0.170, 0.080,	2354, 1128, 3482
0.180, 0.180, 0.080,	2354, 1088, 3442
0.190, 0.180, 0.080,	2354, 1116, 3470
0.200, 0.180, 0.080,	2354, 1152, 3506
0.190, 0.190, 0.080,	2354, 1124, 3478
0.200, 0.190, 0.080,	2354, 1160, 3514
0.200, 0.200, 0.080,	2354, 1184, 3538
0.090, 0.090, 0.090,	2354, 760, 3114
0.100, 0.090, 0.090,	2354, 776, 3130
0.110, 0.090, 0.090,	2354, 804, 3158
0.120, 0.090, 0.090,	2354, 832, 3186
0.130, 0.090, 0.090,	2354, 856, 3210
0.140, 0.090, 0.090,	2354, 888, 3242
0.150, 0.090, 0.090,	2354, 924, 3278
0.160, 0.090, 0.090,	2354, 952, 3306
0.170, 0.090, 0.090,	2354, 992, 3346
0.180, 0.090, 0.090,	2354, 1032, 3386
0.190, 0.090, 0.090,	2354, 1060, 3414
0.200, 0.090, 0.090,	2354, 1096, 3450
0.100, 0.100, 0.090,	2354, 788, 3142
0.110, 0.100, 0.090,	2354, 816, 3170
0.120, 0.100, 0.090,	2354, 844, 3198
0.130, 0.100, 0.090,	2354, 868, 3222
0.140, 0.100, 0.090,	2354, 900, 3254
0.150, 0.100, 0.090,	2354, 936, 3290
0.160, 0.100, 0.090,	2354, 964, 3318
0.170, 0.100, 0.090,	2354, 1004, 3358
0.180, 0.100, 0.090,	2354, 1044, 3398
0.190, 0.100, 0.090,	2354, 1072, 3426
0.200, 0.100, 0.090,	2354, 1108, 3462
0.110, 0.110, 0.090,	2354, 832, 3186
0.120, 0.110, 0.090,	2354, 860, 3214
0.130, 0.110, 0.090,	2354, 884, 3238
0.140, 0.110, 0.090,	2354, 916, 3270
0.150, 0.110, 0.090,	2354, 952, 3306
0.160, 0.110, 0.090,	2354, 980, 3334
0.170, 0.110, 0.090,	2354, 1020, 3374
0.180, 0.110, 0.090,	2354, 1060, 3414
0.190, 0.110, 0.090,	2354, 1088, 3442
0.200, 0.110, 0.090,	2354, 1124, 3478
0.120, 0.120, 0.090,	2354, 876, 3230
0.130, 0.120, 0.090,	2354, 900, 3254
0.140, 0.120, 0.090,	2354, 932, 3286
0.150, 0.120, 0.090,	2354, 968, 3322
0.160, 0.120, 0.090,	2354, 996, 3350
0.170, 0.120, 0.090,	2354, 1036, 3390
0.180, 0.120, 0.090,	2354, 1076, 3430
0.190, 0.120, 0.090,	2354, 1104, 3458
0.200, 0.120, 0.090,	2354, 1140, 3494
0.130, 0.130, 0.090,	2354, 908, 3262
0.140, 0.130, 0.090,	2354, 940, 3294
0.150, 0.130, 0.090,	2354, 976, 3330
0.160, 0.130, 0.090,	2354, 1004, 3358
0.170, 0.130, 0.090,	2354, 1044, 3398
0.180, 0.130, 0.090,	2354, 1084, 3438
0.190, 0.130, 0.090,	2354, 1112, 3466
0.200, 0.130, 0.090,	2354, 1148, 3502
0.140, 0.140, 0.090,	2354, 964, 3318
0.150, 0.140, 0.090,	2354, 1000, 3354
0.160, 0.140, 0.090,	2354, 1028, 3382
0.170, 0.140, 0.090,	2354, 1068, 3422
0.180, 0.140, 0.090,	2354, 1108, 3462
0.190, 0.140, 0.090,	2354, 1136, 3490
0.200, 0.140, 0.090,	2354, 1172, 3526
0.150, 0.150, 0.090,	2354, 1012, 3366
0.160, 0.150, 0.090,	2354, 1040, 3394
0.170, 0.150, 0.090,	2354, 1080, 3434
0.180, 0.150, 0.090,	2354, 1120, 3474
0.190, 0.150, 0.090,	2354, 1148, 3502
0.200, 0.150, 0.090,	2354, 1184, 3538
0.160, 0.160, 0.090,	2354, 1060, 3414
0.170, 0.160, 0.090,	2354, 1100, 3454
0.180, 0.160, 0.090,	2354, 1140, 3494
0.190, 0.160, 0.090,	2354, 1168, 3522
0.200, 0.160, 0.090,	2354, 1204, 3558
0.170, 0.170, 0.090,	2354, 1120, 3474
0.180, 0.170, 0.090,	2354, 1160, 3514
0.190, 0.170, 0.090,	2354, 1188, 3542
0.200, 0.170, 0.090,	2354, 1224, 3578
0.180, 0.180, 0.090,	2354, 1184, 3538
0.190, 0.180, 0.090,	2354, 1212, 3566
0.200, 0.180, 0.090,	2354, 1248, 3602
0.190, 0.190, 0.090,	2354, 1220, 3574
0.200, 0.190, 0.090,	2354, 1256, 3610
0.200, 0.200, 0.090,	2354, 1280, 3634
0.100, 0.100, 0.100,	2354, 852, 3206
0.110, 0.100, 0.100,	2354, 880, 3234
0.120, 0.100, 0.100,	2354, 908, 3262
0.130, 0.100, 0.100,	2354, 932, 3286
0.140, 0.100, 0.100,	2354, 964, 3318
0.150, 0.100, 0.100,	2354, 1000, 3354
0.160, 0.100, 0.100,	2354, 1028, 3382
0.170, 0.100, 0.100,	2354, 1068, 3422
0.180, 0.100, 0.100,	2354, 1108, 3462
0.190, 0.100, 0.100,	2354, 1136, 3490
0.200, 0.100, 0.100,	2354, 1172, 3526
0.110, 0.110, 0.100,	2354, 896, 3250
0.120, 0.110, 0.100,	2354, 924, 3278
0.130, 0.110, 0.100,	2354, 948, 3302
0.140, 0.110, 0.100,	2354, 980, 3334
0.150, 0.110, 0.100,	2354, 1016, 3370
0.160, 0.110, 0.100,	2354, 1044, 3398
0.170, 0.110, 0.100,	2354, 1084, 3438
0.180, 0.110, 0.100,	2354, 1124, 3478
0.190, 0.110, 0.100,	2354, 1152, 3506
0.200, 0.110, 0.100,	2354, 1188, 3542
0.120, 0.120, 0.100,	2354, 940, 3294
0.130, 0.120, 0.100,	2354, 964, 3318
0.140, 0.120, 0.100,	2354, 996, 3350
0.150, 0.120, 0.100,	2354, 1032, 3386
0.160, 0.120, 0.100,	2354, 1060, 3414
0.170, 0.120, 0.100,	2354, 1100, 3454
0.180, 0.120, 0.100,	2354, 1140, 3494
0.190, 0.120, 0.100,	2354, 1168, 3522
0.200, 0.120, 0.100,	2354, 1204, 3558
0.130, 0.130, 0.100,	2354, 972, 3326
0.140, 0.130, 0.100,	2354, 1004, 3358
0.150, 0.130, 0.100,	2354, 1040, 3394
0.160, 0.130, 0.100,	2354, 1068, 3422
0.170, 0.130, 0.100,	2354, 1108, 3462
0.180, 0.130, 0.100,	2354, 1148, 3502
0.190, 0.130, 0.100,	2354, 1176, 3530
0.200, 0.130, 0.100,	2354, 1212, 3566
0.140, 0.140, 0.100,	2354, 1028, 3382
0.150, 0.140, 0.100,	2354, 1064, 3418
0.160, 0.140, 0.100,	2354, 1092, 3446
0.170, 0.140, 0.100,	2354, 1132, 3486
0.180, 0.140, 0.100,	2354, 1172, 3526
0.190, 0.140, 0.100,	2354, 1200, 3554
0.200, 0.140, 0.100,	2354, 1236, 3590
0.150, 0.150, 0.100,	2354, 1076, 3430
0.160, 0.150, 0.100,	2354, 1104, 3458
0.170, 0.150, 0.100,	2354, 1144, 3498
0.180, 0.150, 0.100,	2354, 1184, 3538
0.190, 0.150, 0.100,	2354, 1212, 3566
0.200, 0.150, 0.100,	2354, 1248, 3602
0.160, 0.160, 0.100,	2354, 1124, 3478
0.170, 0.160, 0.100,	2354, 1164, 3518
0.180, 0.160, 0.100,	2354, 1204, 3558
0.190, 0.160, 0.100,	2354, 1232, 3586
0.200, 0.160, 0.100,	2354, 1268, 3622
0.170, 0.170, 0.100,	2354, 1184, 3538
0.180, 0.170, 0.100,	2354, 1224, 3578
0.190, 0.170, 0.100,	2354, 1252, 3606
0.200, 0.170, 0.100,	2354, 1288, 3642
0.180, 0.180, 0.100,	2354, 1248, 3602
0.190, 0.180, 0.100,	2354, 1276, 3630
0.200, 0.180, 0.100,	2354, 1312, 3666
0.190, 0.190, 0.100,	2354, 1284, 3638
0.200, 0.190, 0.100,	2354, 1320, 3674
0.200, 0.200, 0.100,	2354, 1344, 3698
0.110, 0.110, 0.110,	2354, 1008, 3362
0.120, 0.110, 0.110,	2354, 1036, 3390
0.130, 0.110, 0.110,	2354, 1060, 3414
0.140, 0.110, 0.110,	2354, 1092, 3446
0.150, 0.110, 0.110,	2354, 1128, 3482
0.160, 0.110, 0.110,	2354, 1156, 3510
0.170, 0.110, 0.110,	2354, 1196, 3550
0.180, 0.110, 0.110,	2354, 1236, 3590
0.190, 0.110, 0.110,	2354, 1264, 3618
0.200, 0.110, 0.110,	2354, 1300, 3654
0.120, 0.120, 0.110,	2354, 1052, 3406
0.130, 0.120, 0.110,	2354, 1076, 3430
0.140, 0.120, 0.110,	2354, 1108, 3462
0.150, 0.120, 0.110,	2354, 1144, 3498
0.160, 0.120, 0.110,	2354, 1172, 3526
0.170, 0.120, 0.110,	2354, 1212, 3566
0.180, 0.120, 0.110,	2354, 1252, 3606
0.190, 0.120, 0.110,	2354, 1280, 3634
0.200, 0.120, 0.110,	2354, 1316, 3670
0.130, 0.130, 0.110,	2354, 1084, 3438
0.140, 0.130, 0.110,	2354, 1116, 3470
0.150, 0.130, 0.110,	2354, 1152, 3506
0.160, 0.130, 0.110,	2354, 1180, 3534
0.170, 0.130, 0.110,	2354, 1220, 3574
0.180, 0.130, 0.110,	2354, 1260, 3614
0.190, 0.130, 0.110,	2354, 1288, 3642
0.200, 0.130, 0.110,	2354, 1324, 3678
0.140, 0.140, 0.110,	2354, 1140, 3494
0.150, 0.140, 0.110,	2354, 1176, 3530
0.160, 0.140, 0.110,	2354, 1204, 3558
0.170, 0.140, 0.110,	2354, 1244, 3598
0.180, 0.140, 0.110,	2354, 1284, 3638
0.190, 0.140, 0.110,	2354, 1312, 3666
0.200, 0.140, 0.110,	2354, 1348, 3702
0.150, 0.150, 0.110,	2354, 1188, 3542
0.160, 0.150, 0.110,	2354, 1216, 3570
0.170, 0.150, 0.110,	2354, 1256, 3610
0.180, 0.150, 0.110,	2354, 1296, 3650
0.190, 0.150, 0.110,	2354, 1324, 3678
0.200, 0.150, 0.110,	2354, 1360, 3714
0.160, 0.160, 0.110,	2354, 1236, 3590
0.170, 0.160, 0.110,	2354, 1276, 3630
0.180, 0.160, 0.110,	2354, 1316, 3670
0.190, 0.160, 0.110,	2354, 1344, 3698
0.200, 0.160, 0.110,	2354, 1380, 3734
0.170, 0.170, 0.110,	2354, 1296, 3650
0.180, 0.170, 0.110,	2354, 1336, 3690
0.190, 0.170, 0.110,	2354, 1364, 3718
0.200, 0.170, 0.110,	2354, 1400, 3754
0.180, 0.180, 0.110,	2354, 1360, 3714
0.190, 0.180, 0.110,	2354, 1388, 3742
0.200, 0.180, 0.110,	2354, 1424, 3778
0.190, 0.190, 0.110,	2354, 1396, 3750
0.200, 0.190, 0.110,	2354, 1432, 3786
0.200, 0.200, 0.110,	2354, 1456, 3810
0.120, 0.120, 0.120,	2354, 1164, 3518
0.130, 0.120, 0.120,	2354, 1188, 3542
0.140, 0.120, 0.120,	2354, 1220, 3574
0.150, 0.120, 0.120,	2354, 1256, 3610
0.160, 0.120, 0.120,	2354, 1284, 3638
0.170, 0.120, 0.120,	2354, 1324, 3678
0.180, 0.120, 0.120,	2354, 1364, 3718
0.190, 0.120, 0.120,	2354, 1392, 3746
0.200, 0.120, 0.120,	2354, 1428, 3782
0.130, 0.130, 0.120,	2354, 1196, 3550
0.140, 0.130, 0.120,	2354, 1228, 3582
0.150, 0.130, 0.120,	2354, 1264, 3618
0.160, 0.130, 0.120,	2354, 1292, 3646
0.170, 0.130, 0.120,	2354, 1332, 3686
0.180, 0.130, 0.120,	2354, 1372, 3726
0.190, 0.130, 0.120,	2354, 1400, 3754
0.200, 0.130, 0.120,	2354, 1436, 3790
0.140, 0.140, 0.120,	2354, 1252, 3606
0.150, 0.140, 0.120,	2354, 1288, 3642
0.160, 0.140, 0.120,	2354, 1316, 3670
0.170, 0.140, 0.120,	2354, 1356, 3710
0.180, 0.140, 0.120,	2354, 1396, 3750
0.190, 0.140, 0.120,	2354, 1424, 3778
0.200, 0.140, 0.120,	2354, 1460, 3814
0.150, 0.150, 0.120,	2354, 1300, 3654
0.160, 0.150, 0.120,	2354, 1328, 3682
0.170, 0.150, 0.120,	2354, 1368, 3722
0.180, 0.150, 0.120,	2354, 1408, 3762
0.190, 0.150, 0.120,	2354, 1436, 3790
0.200, 0.150, 0.120,	2354, 1472, 3826
0.160, 0.160, 0.120,	2354, 1348, 3702
0.170, 0.160, 0.120,	2354, 1388, 3742
0.180, 0.160, 0.120,	2354, 1428, 3782
0.190, 0.160, 0.120,	2354, 1456, 3810
0.200, 0.160, 0.120,	2354, 1492, 3846
0.170, 0.170, 0.120,	2354, 1408, 3762
0.180, 0.170, 0.120,	2354, 1448, 3802
0.190, 0.170, 0.120,	2354, 1476, 3830
0.200, 0.170, 0.120,	2354, 1512, 3866
0.180, 0.180, 0.120,	2354, 1472, 3826
0.190, 0.180, 0.120,	2354, 1500, 3854
0.200, 0.180, 0.120,	2354, 1536, 3890
0.190, 0.190, 0.120,	2354, 1508, 3862
0.200, 0.190, 0.120,	2354, 1544, 3898
0.200, 0.200, 0.120,	2354, 1568, 3922
0.130, 0.130, 0.130,	2354, 1292, 3646
0.140, 0.130, 0.130,	2354, 1324, 3678
0.150, 0.130, 0.130,	2354, 1360, 3714
0.160, 0.130, 0.130,	2354, 1388, 3742
0.170, 0.130, 0.130,	2354, 1428, 3782
0.180, 0.130, 0.130,	2354, 1468, 3822
0.190, 0.130, 0.130,	2354, 1496, 3850
0.200, 0.130, 0.130,	2354, 1532, 3886
0.140, 0.140, 0.130,	2354, 1348, 3702
0.150, 0.140, 0.130,	2354, 1384, 3738
0.160, 0.140, 0.130,	2354, 1412, 3766
0.170, 0.140, 0.130,	2354, 1452, 3806
0.180, 0.140, 0.130,	2354, 1492, 3846
0.190, 0.140, 0.130,	2354, 1520, 3874
0.200, 0.140, 0.130,	2354, 1556, 3910
0.150, 0.150, 0.130,	2354, 1396, 3750
0.160, 0.150, 0.130,	2354, 1424, 3778
0.170, 0.150, 0.130,	2354, 1464, 3818
0.180, 0.150, 0.130,	2354, 1504, 3858
0.190, 0.150, 0.130,	2354, 1532, 3886
0.200, 0.150, 0.130,	2354, 1568, 3922
0.160, 0.160, 0.130,	2354, 1444, 3798
0.170, 0.160, 0.130,	2354, 1484, 3838
0.180, 0.160, 0.130,	2354, 1524, 3878
0.190, 0.160, 0.130,	2354, 1552, 3906
0.200, 0.160, 0.130,	2354, 1588, 3942
0.170, 0.170, 0.130,	2354, 1504, 3858
0.180, 0.170, 0.130,	2354, 1544, 3898
0.190, 0.170, 0.130,	2354, 1572, 3926
0.200, 0.170, 0.130,	2354, 1608, 3962
0.180, 0.180, 0.130,	2354, 1568, 3922
0.190, 0.180, 0.130,	2354, 1596, 3950
0.200, 0.180, 0.130,	2354, 1632, 3986
0.190, 0.190, 0.130,	2354, 1604, 3958
0.200, 0.190, 0.130,	2354, 1640, 3994
0.200, 0.200, 0.130,	2354, 1664, 4018
0.140, 0.140, 0.140,	2354, 1476, 3830
0.150, 0.140, 0.140,	2354, 1512, 3866
0.160, 0.140, 0.140,	2354, 1540, 3894
0.170, 0.140, 0.140,	2354, 1580, 3934
0.180, 0.140, 0.140,	2354, 1620, 3974
0.190, 0.140, 0.140,	2354, 1648, 4002
0.200, 0.140, 0.140,	2354, 1684, 4038
0.150, 0.150, 0.140,	2354, 1524, 3878
0.160, 0.150, 0.140,	2354, 1552, 3906
0.170, 0.150, 0.140,	2354, 1592, 3946
0.180, 0.150, 0.140,	2354, 1632, 3986
0.190, 0.150, 0.140,	2354, 1660, 4014
0.200, 0.150, 0.140,	2354, 1696, 4050
0.160, 0.160, 0.140,	2354, 1572, 3926
0.170, 0.160, 0.140,	2354, 1612, 3966
0.180, 0.160, 0.140,	2354, 1652, 4006
0.190, 0.160, 0.140,	2354, 1680, 4034
0.200, 0.160, 0.140,	2354, 1716, 4070
0.170, 0.170, 0.140,	2354, 1632, 3986
0.180, 0.170, 0.140,	2354, 1672, 4026
0.190, 0.170, 0.140,	2354, 1700, 4054
0.200, 0.170, 0.140,	2354, 1736, 4090
0.180, 0.180, 0.140,	2354, 1696, 4050
0.190, 0.180, 0.140,	2354, 1724, 4078
0.200, 0.180, 0.140,	2354, 1760, 4114
0.190, 0.190, 0.140,	2354, 1732, 4086
0.200, 0.190, 0.140,	2354, 1768, 4122
0.200, 0.200, 0.140,	2354, 1792, 4146
0.150, 0.150, 0.150,	2354, 1668, 4022
0.160, 0.150, 0.150,	2354, 1696, 4050
0.170, 0.150, 0.150,	2354, 1736, 4090
0.180, 0.150, 0.150,	2354, 1776, 4130
0.190, 0.150, 0.150,	2354, 1804, 4158
0.200, 0.150, 0.150,	2354, 1840, 4194
0.160, 0.160, 0.150,	2354, 1716, 4070
0.170, 0.160, 0.150,	2354, 1756, 4110
0.180, 0.160, 0.150,	2354, 1796, 4150
0.190, 0.160, 0.150,	2354, 1824, 4178
0.200, 0.160, 0.150,	2354, 1860, 4214
0.170, 0.170, 0.150,	2354, 1776, 4130
0.180, 0.170, 0.150,	2354, 1816, 4170
0.190, 0.170, 0.150,	2354, 1844, 4198
0.200, 0.170, 0.150,	2354, 1880, 4234
0.180, 0.180, 0.150,	2354, 1840, 4194
0.190, 0.180, 0.150,	2354, 1868, 4222
0.200, 0.180, 0.150,	2354, 1904, 4258
0.190, 0.190, 0.150,	2354, 1876, 4230
0.200, 0.190, 0.150,	2354, 1912, 4266
0.200, 0.200, 0.150,	2354, 1936, 4290
0.160, 0.160, 0.160,	2354, 1828, 4182
0.170, 0.160, 0.160,	2354, 1868, 4222
0.180, 0.160, 0.160,	2354, 1908, 4262
0.190, 0.160, 0.160,	2354, 1936, 4290
0.200, 0.160, 0.160,	2354, 1972, 4326
0.170, 0.170, 0.160,	2354, 1888, 4242
0.180, 0.170, 0.160,	2354, 1928, 4282
0.190, 0.170, 0.160,	2354, 1956, 4310
0.200, 0.170, 0.160,	2354, 1992, 4346
0.180, 0.180, 0.160,	2354, 1952, 4306
0.190, 0.180, 0.160,	2354, 1980, 4334
0.200, 0.180, 0.160,	2354, 2016, 4370
0.190, 0.190, 0.160,	2354, 1988, 4342
0.200, 0.190, 0.160,	2354, 2024, 4378
0.200, 0.200, 0.160,	2354, 2048, 4402
0.170, 0.170, 0.170,	2354, 2048, 4402
0.180, 0.170, 0.170,	2354, 2088, 4442
0.190, 0.170, 0.170,	2354, 2116, 4470
0.200, 0.170, 0.170,	2354, 2152, 4506
0.180, 0.180, 0.170,	2354, 2112, 4466
0.190, 0.180, 0.170,	2354, 2140, 4494
0.200, 0.180, 0.170,	2354, 2176, 4530
0.190, 0.190, 0.170,	2354, 2148, 4502
0.200, 0.190, 0.170,	2354, 2184, 4538
0.200, 0.200, 0.170,	2354, 2208, 4562
0.180, 0.180, 0.180,	2354, 2272, 4626
0.190, 0.180, 0.180,	2354, 2300, 4654
0.200, 0.180, 0.180,	2354, 2336, 4690
0.190, 0.190, 0.180,	2354, 2308, 4662
0.200, 0.190, 0.180,	2354, 2344, 4698
0.200, 0.200, 0.180,	2354, 2368, 4722
0.190, 0.190, 0.190,	2354, 2420, 4774
0.200, 0.190, 0.190,	2354, 2456, 4810
0.200, 0.200, 0.190,	2354, 2480, 4834
0.200, 0.200, 0.200,	2354, 2624, 4978
