order = 21
 ref0,  ref1,  ref2,    nR,  nG, nDir
0.000, 0.000, 0.000,	170,   0, 170
0.010, 0.000, 0.000,	170,   0, 170
0.020, 0.000, 0.000,	170,   0, 170
0.030, 0.000, 0.000,	170,   0, 170
0.040, 0.000, 0.000,	170,   0, 170
0.050, 0.000, 0.000,	170,   0, 170
0.060, 0.000, 0.000,	170,   0, 170
0.070, 0.000, 0.000,	170,   8, 178
0.080, 0.000, 0.000,	170,   8, 178
0.090, 0.000, 0.000,	170,   8, 178
0.100, 0.000, 0.000,	170,   8, 178
0.110, 0.000, 0.000,	170,   8, 178
0.120, 0.000, 0.000,	170,   8, 178
0.130, 0.000, 0.000,	170,  16, 186
0.140, 0.000, 0.000,	170,  16, 186
0.150, 0.000, 0.000,	170,  20, 190
0.160, 0.000, 0.000,	170,  20, 190
0.170, 0.000, 0.000,	170,  28, 198
0.180, 0.000, 0.000,	170,  28, 198
0.190, 0.000, 0.000,	170,  28, 198
0.200, 0.000, 0.000,	170,  32, 202
0.010, 0.010, 0.000,	170,   0, 170
0.020, 0.010, 0.000,	170,   0, 170
0.030, 0.010, 0.000,	170,   0, 170
0.040, 0.010, 0.000,	170,   0, 170
0.050, 0.010, 0.000,	170,   0, 170
0.060, 0.010, 0.000,	170,   0, 170
0.070, 0.010, 0.000,	170,   8, 178
0.080, 0.010, 0.000,	170,   8, 178
0.090, 0.010, 0.000,	170,   8, 178
0.100, 0.010, 0.000,	170,   8, 178
0.110, 0.010, 0.000,	170,   8, 178
0.120, 0.010, 0.000,	170,   8, 178
0.130, 0.010, 0.000,	170,  16, 186
0.140, 0.010, 0.000,	170,  16, 186
0.150, 0.010, 0.000,	170,  20, 190
0.160, 0.010, 0.000,	170,  20, 190
0.170, 0.010, 0.000,	170,  28, 198
0.180, 0.010, 0.000,	170,  28, 198
0.190, 0.010, 0.000,	170,  28, 198
0.200, 0.010, 0.000,	170,  32, 202
0.020, 0.020, 0.000,	170,   0, 170
0.030, 0.020, 0.000,	170,   0, 170
0.040, 0.020, 0.000,	170,   0, 170
0.050, 0.020, 0.000,	170,   0, 170
0.060, 0.020, 0.000,	170,   0, 170
0.070, 0.020, 0.000,	170,   8, 178
0.080, 0.020, 0.000,	170,   8, 178
0.090, 0.020, 0.000,	170,   8, 178
0.100, 0.020, 0.000,	170,   8, 178
0.110, 0.020, 0.000,	170,   8, 178
0.120, 0.020, 0.000,	170,   8, 178
0.130, 0.020, 0.000,	170,  16, 186
0.140, 0.020, 0.000,	170,  16, 186
0.150, 0.020, 0.000,	170,  20, 190
0.160, 0.020, 0.000,	170,  20, 190
0.170, 0.020, 0.000,	170,  28, 198
0.180, 0.020, 0.000,	170,  28, 198
0.190, 0.020, 0.000,	170,  28, 198
0.200, 0.020, 0.000,	170,  32, 202
0.030, 0.030, 0.000,	170,   0, 170
0.040, 0.030, 0.000,	170,   0, 170
0.050, 0.030, 0.000,	170,   0, 170
0.060, 0.030, 0.000,	170,   0, 170
0.070, 0.030, 0.000,	170,   8, 178
0.080, 0.030, 0.000,	170,   8, 178
0.090, 0.030, 0.000,	170,   8, 178
0.100, 0.030, 0.000,	170,   8, 178
0.110, 0.030, 0.000,	170,   8, 178
0.120, 0.030, 0.000,	170,   8, 178
0.130, 0.030, 0.000,	170,  16, 186
0.140, 0.030, 0.000,	170,  16, 186
0.150, 0.030, 0.000,	170,  20, 190
0.160, 0.030, 0.000,	170,  20, 190
0.170, 0.030, 0.000,	170,  28, 198
0.180, 0.030, 0.000,	170,  28, 198
0.190, 0.030, 0.000,	170,  28, 198
0.200, 0.030, 0.000,	170,  32, 202
0.040, 0.040, 0.000,	170,   0, 170
0.050, 0.040, 0.000,	170,   0, 170
0.060, 0.040, 0.000,	170,   0, 170
0.070, 0.040, 0.000,	170,   8, 178
0.080, 0.040, 0.000,	170,   8, 178
0.090, 0.040, 0.000,	170,   8, 178
0.100, 0.040, 0.000,	170,   8, 178
0.110, 0.040, 0.000,	170,   8, 178
0.120, 0.040, 0.000,	170,   8, 178
0.130, 0.040, 0.000,	170,  16, 186
0.140, 0.040, 0.000,	170,  16, 186
0.150, 0.040, 0.000,	170,  20, 190
0.160, 0.040, 0.000,	170,  20, 190
0.170, 0.040, 0.000,	170,  28, 198
0.180, 0.040, 0.000,	170,  28, 198
0.190, 0.040, 0.000,	170,  28, 198
0.200, 0.040, 0.000,	170,  32, 202
0.050, 0.050, 0.000,	170,   0, 170
0.060, 0.050, 0.000,	170,   0, 170
0.070, 0.050, 0.000,	170,   8, 178
0.080, 0.050, 0.000,	170,   8, 178
0.090, 0.050, 0.000,	170,   8, 178
0.100, 0.050, 0.000,	170,   8, 178
0.110, 0.050, 0.000,	170,   8, 178
0.120, 0.050, 0.000,	170,   8, 178
0.130, 0.050, 0.000,	170,  16, 186
0.140, 0.050, 0.000,	170,  16, 186
0.150, 0.050, 0.000,	170,  20, 190
0.160, 0.050, 0.000,	170,  20, 190
0.170, 0.050, 0.000,	170,  28, 198
0.180, 0.050, 0.000,	170,  28, 198
0.190, 0.050, 0.000,	170,  28, 198
0.200, 0.050, 0.000,	170,  32, 202
0.060, 0.060, 0.000,	170,   0, 170
0.070, 0.060, 0.000,	170,   8, 178
0.080, 0.060, 0.000,	170,   8, 178
0.090, 0.060, 0.000,	170,   8, 178
0.100, 0.060, 0.000,	170,   8, 178
0.110, 0.060, 0.000,	170,   8, 178
0.120, 0.060, 0.000,	170,   8, 178
0.130, 0.060, 0.000,	170,  16, 186
0.140, 0.060, 0.000,	170,  16, 186
0.150, 0.060, 0.000,	170,  20, 190
0.160, 0.060, 0.000,	170,  20, 190
0.170, 0.060, 0.000,	170,  28, 198
0.180, 0.060, 0.000,	170,  28, 198
0.190, 0.060, 0.000,	170,  28, 198
0.200, 0.060, 0.000,	170,  32, 202
0.070, 0.070, 0.000,	170,  16, 186
0.080, 0.070, 0.000,	170,  16, 186
0.090, 0.070, 0.000,	170,  16, 186
0.100, 0.070, 0.000,	170,  16, 186
0.110, 0.070, 0.000,	170,  16, 186
0.120, 0.070, 0.000,	170,  16, 186
0.130, 0.070, 0.000,	170,  24, 194
0.140, 0.070, 0.000,	170,  24, 194
0.150, 0.070, 0.000,	170,  28, 198
0.160, 0.070, 0.000,	170,  28, 198
0.170, 0.070, 0.000,	170,  36, 206
0.180, 0.070, 0.000,	170,  36, 206
0.190, 0.070, 0.000,	170,  36, 206
0.200, 0.070, 0.000,	170,  40, 210
0.080, 0.080, 0.000,	170,  16, 186
0.090, 0.080, 0.000,	170,  16, 186
0.100, 0.080, 0.000,	170,  16, 186
0.110, 0.080, 0.000,	170,  16, 186
0.120, 0.080, 0.000,	170,  16, 186
0.130, 0.080, 0.000,	170,  24, 194
0.140, 0.080, 0.000,	170,  24, 194
0.150, 0.080, 0.000,	170,  28, 198
0.160, 0.080, 0.000,	170,  28, 198
0.170, 0.080, 0.000,	170,  36, 206
0.180, 0.080, 0.000,	170,  36, 206
0.190, 0.080, 0.000,	170,  36, 206
0.200, 0.080, 0.000,	170,  40, 210
0.090, 0.090, 0.000,	170,  16, 186
0.100, 0.090, 0.000,	170,  16, 186
0.110, 0.090, 0.000,	170,  16, 186
0.120, 0.090, 0.000,	170,  16, 186
0.130, 0.090, 0.000,	170,  24, 194
0.140, 0.090, 0.000,	170,  24, 194
0.150, 0.090, 0.000,	170,  28, 198
0.160, 0.090, 0.000,	170,  28, 198
0.170, 0.090, 0.000,	170,  36, 206
0.180, 0.090, 0.000,	170,  36, 206
0.190, 0.090, 0.000,	170,  36, 206
0.200, 0.090, 0.000,	170,  40, 210
0.100, 0.100, 0.000,	170,  16, 186
0.110, 0.100, 0.000,	170,  16, 186
0.120, 0.100, 0.000,	170,  16, 186
0.130, 0.100, 0.000,	170,  24, 194
0.140, 0.100, 0.000,	170,  24, 194
0.150, 0.100, 0.000,	170,  28, 198
0.160, 0.100, 0.000,	170,  28, 198
0.170, 0.100, 0.000,	170,  36, 206
0.180, 0.100, 0.000,	170,  36, 206
0.190, 0.100, 0.000,	170,  36, 206
0.200, 0.100, 0.000,	170,  40, 210
0.110, 0.110, 0.000,	170,  16, 186
0.120, 0.110, 0.000,	170,  16, 186
0.130, 0.110, 0.000,	170,  24, 194
0.140, 0.110, 0.000,	170,  24, 194
0.150, 0.110, 0.000,	170,  28, 198
0.160, 0.110, 0.000,	170,  28, 198
0.170, 0.110, 0.000,	170,  36, 206
0.180, 0.110, 0.000,	170,  36, 206
0.190, 0.110, 0.000,	170,  36, 206
0.200, 0.110, 0.000,	170,  40, 210
0.120, 0.120, 0.000,	170,  16, 186
0.130, 0.120, 0.000,	170,  24, 194
0.140, 0.120, 0.000,	170,  24, 194
0.150, 0.120, 0.000,	170,  28, 198
0.160, 0.120, 0.000,	170,  28, 198
0.170, 0.120, 0.000,	170,  36, 206
0.180, 0.120, 0.000,	170,  36, 206
0.190, 0.120, 0.000,	170,  36, 206
0.200, 0.120, 0.000,	170,  40, 210
0.130, 0.130, 0.000,	170,  32, 202
0.140, 0.130, 0.000,	170,  32, 202
0.150, 0.130, 0.000,	170,  36, 206
0.160, 0.130, 0.000,	170,  36, 206
0.170, 0.130, 0.000,	170,  44, 214
0.180, 0.130, 0.000,	170,  44, 214
0.190, 0.130, 0.000,	170,  44, 214
0.200, 0.130, 0.000,	170,  48, 218
0.140, 0.140, 0.000,	170,  32, 202
0.150, 0.140, 0.000,	170,  36, 206
0.160, 0.140, 0.000,	170,  36, 206
0.170, 0.140, 0.000,	170,  44, 214
0.180, 0.140, 0.000,	170,  44, 214
0.190, 0.140, 0.000,	170,  44, 214
0.200, 0.140, 0.000,	170,  48, 218
0.150, 0.150, 0.000,	170,  36, 206
0.160, 0.150, 0.000,	170,  36, 206
0.170, 0.150, 0.000,	170,  44, 214
0.180, 0.150, 0.000,	170,  44, 214
0.190, 0.150, 0.000,	170,  44, 214
0.200, 0.150, 0.000,	170,  48, 218
0.160, 0.160, 0.000,	170,  36, 206
0.170, 0.160, 0.000,	170,  44, 214
0.180, 0.160, 0.000,	170,  44, 214
0.190, 0.160, 0.000,	170,  44, 214
0.200, 0.160, 0.000,	170,  48, 218
0.170, 0.170, 0.000,	170,  48, 218
0.180, 0.170, 0.000,	170,  48, 218
0.190, 0.170, 0.000,	170,  48, 218
0.200, 0.170, 0.000,	170,  52, 222
0.180, 0.180, 0.000,	170,  48, 218
0.190, 0.180, 0.000,	170,  48, 218
0.200, 0.180, 0.000,	170,  52, 222
0.190, 0.190, 0.000,	170,  48, 218
0.200, 0.190, 0.000,	170,  52, 222
0.200, 0.200, 0.000,	170,  56, 226
0.010, 0.010, 0.010,	170,   0, 170
0.020, 0.010, 0.010,	170,   0, 170
0.030, 0.010, 0.010,	170,   0, 170
0.040, 0.010, 0.010,	170,   0, 170
0.050, 0.010, 0.010,	170,   0, 170
0.060, 0.010, 0.010,	170,   0, 170
0.070, 0.010, 0.010,	170,   8, 178
0.080, 0.010, 0.010,	170,   8, 178
0.090, 0.010, 0.010,	170,   8, 178
0.100, 0.010, 0.010,	170,   8, 178
0.110, 0.010, 0.010,	170,   8, 178
0.120, 0.010, 0.010,	170,   8, 178
0.130, 0.010, 0.010,	170,  16, 186
0.140, 0.010, 0.010,	170,  16, 186
0.150, 0.010, 0.010,	170,  20, 190
0.160, 0.010, 0.010,	170,  20, 190
0.170, 0.010, 0.010,	170,  28, 198
0.180, 0.010, 0.010,	170,  28, 198
0.190, 0.010, 0.010,	170,  28, 198
0.200, 0.010, 0.010,	170,  32, 202
0.020, 0.020, 0.010,	170,   0, 170
0.030, 0.020, 0.010,	170,   0, 170
0.040, 0.020, 0.010,	170,   0, 170
0.050, 0.020, 0.010,	170,   0, 170
0.060, 0.020, 0.010,	170,   0, 170
0.070, 0.020, 0.010,	170,   8, 178
0.080, 0.020, 0.010,	170,   8, 178
0.090, 0.020, 0.010,	170,   8, 178
0.100, 0.020, 0.010,	170,   8, 178
0.110, 0.020, 0.010,	170,   8, 178
0.120, 0.020, 0.010,	170,   8, 178
0.130, 0.020, 0.010,	170,  16, 186
0.140, 0.020, 0.010,	170,  16, 186
0.150, 0.020, 0.010,	170,  20, 190
0.160, 0.020, 0.010,	170,  20, 190
0.170, 0.020, 0.010,	170,  28, 198
0.180, 0.020, 0.010,	170,  28, 198
0.190, 0.020, 0.010,	170,  28, 198
0.200, 0.020, 0.010,	170,  32, 202
0.030, 0.030, 0.010,	170,   0, 170
0.040, 0.030, 0.010,	170,   0, 170
0.050, 0.030, 0.010,	170,   0, 170
0.060, 0.030, 0.010,	170,   0, 170
0.070, 0.030, 0.010,	170,   8, 178
0.080, 0.030, 0.010,	170,   8, 178
0.090, 0.030, 0.010,	170,   8, 178
0.100, 0.030, 0.010,	170,   8, 178
0.110, 0.030, 0.010,	170,   8, 178
0.120, 0.030, 0.010,	170,   8, 178
0.130, 0.030, 0.010,	170,  16, 186
0.140, 0.030, 0.010,	170,  16, 186
0.150, 0.030, 0.010,	170,  20, 190
0.160, 0.030, 0.010,	170,  20, 190
0.170, 0.030, 0.010,	170,  28, 198
0.180, 0.030, 0.010,	170,  28, 198
0.190, 0.030, 0.010,	170,  28, 198
0.200, 0.030, 0.010,	170,  32, 202
0.040, 0.040, 0.010,	170,   0, 170
0.050, 0.040, 0.010,	170,   0, 170
0.060, 0.040, 0.010,	170,   0, 170
0.070, 0.040, 0.010,	170,   8, 178
0.080, 0.040, 0.010,	170,   8, 178
0.090, 0.040, 0.010,	170,   8, 178
0.100, 0.040, 0.010,	170,   8, 178
0.110, 0.040, 0.010,	170,   8, 178
0.120, 0.040, 0.010,	170,   8, 178
0.130, 0.040, 0.010,	170,  16, 186
0.140, 0.040, 0.010,	170,  16, 186
0.150, 0.040, 0.010,	170,  20, 190
0.160, 0.040, 0.010,	170,  20, 190
0.170, 0.040, 0.010,	170,  28, 198
0.180, 0.040, 0.010,	170,  28, 198
0.190, 0.040, 0.010,	170,  28, 198
0.200, 0.040, 0.010,	170,  32, 202
0.050, 0.050, 0.010,	170,   0, 170
0.060, 0.050, 0.010,	170,   0, 170
0.070, 0.050, 0.010,	170,   8, 178
0.080, 0.050, 0.010,	170,   8, 178
0.090, 0.050, 0.010,	170,   8, 178
0.100, 0.050, 0.010,	170,   8, 178
0.110, 0.050, 0.010,	170,   8, 178
0.120, 0.050, 0.010,	170,   8, 178
0.130, 0.050, 0.010,	170,  16, 186
0.140, 0.050, 0.010,	170,  16, 186
0.150, 0.050, 0.010,	170,  20, 190
0.160, 0.050, 0.010,	170,  20, 190
0.170, 0.050, 0.010,	170,  28, 198
0.180, 0.050, 0.010,	170,  28, 198
0.190, 0.050, 0.010,	170,  28, 198
0.200, 0.050, 0.010,	170,  32, 202
0.060, 0.060, 0.010,	170,   0, 170
0.070, 0.060, 0.010,	170,   8, 178
0.080, 0.060, 0.010,	170,   8, 178
0.090, 0.060, 0.010,	170,   8, 178
0.100, 0.060, 0.010,	170,   8, 178
0.110, 0.060, 0.010,	170,   8, 178
0.120, 0.060, 0.010,	170,   8, 178
0.130, 0.060, 0.010,	170,  16, 186
0.140, 0.060, 0.010,	170,  16, 186
0.150, 0.060, 0.010,	170,  20, 190
0.160, 0.060, 0.010,	170,  20, 190
0.170, 0.060, 0.010,	170,  28, 198
0.180, 0.060, 0.010,	170,  28, 198
0.190, 0.060, 0.010,	170,  28, 198
0.200, 0.060, 0.010,	170,  32, 202
0.070, 0.070, 0.010,	170,  16, 186
0.080, 0.070, 0.010,	170,  16, 186
0.090, 0.070, 0.010,	170,  16, 186
0.100, 0.070, 0.010,	170,  16, 186
0.110, 0.070, 0.010,	170,  16, 186
0.120, 0.070, 0.010,	170,  16, 186
0.130, 0.070, 0.010,	170,  24, 194
0.140, 0.070, 0.010,	170,  24, 194
0.150, 0.070, 0.010,	170,  28, 198
0.160, 0.070, 0.010,	170,  28, 198
0.170, 0.070, 0.010,	170,  36, 206
0.180, 0.070, 0.010,	170,  36, 206
0.190, 0.070, 0.010,	170,  36, 206
0.200, 0.070, 0.010,	170,  40, 210
0.080, 0.080, 0.010,	170,  16, 186
0.090, 0.080, 0.010,	170,  16, 186
0.100, 0.080, 0.010,	170,  16, 186
0.110, 0.080, 0.010,	170,  16, 186
0.120, 0.080, 0.010,	170,  16, 186
0.130, 0.080, 0.010,	170,  24, 194
0.140, 0.080, 0.010,	170,  24, 194
0.150, 0.080, 0.010,	170,  28, 198
0.160, 0.080, 0.010,	170,  28, 198
0.170, 0.080, 0.010,	170,  36, 206
0.180, 0.080, 0.010,	170,  36, 206
0.190, 0.080, 0.010,	170,  36, 206
0.200, 0.080, 0.010,	170,  40, 210
0.090, 0.090, 0.010,	170,  16, 186
0.100, 0.090, 0.010,	170,  16, 186
0.110, 0.090, 0.010,	170,  16, 186
0.120, 0.090, 0.010,	170,  16, 186
0.130, 0.090, 0.010,	170,  24, 194
0.140, 0.090, 0.010,	170,  24, 194
0.150, 0.090, 0.010,	170,  28, 198
0.160, 0.090, 0.010,	170,  28, 198
0.170, 0.090, 0.010,	170,  36, 206
0.180, 0.090, 0.010,	170,  36, 206
0.190, 0.090, 0.010,	170,  36, 206
0.200, 0.090, 0.010,	170,  40, 210
0.100, 0.100, 0.010,	170,  16, 186
0.110, 0.100, 0.010,	170,  16, 186
0.120, 0.100, 0.010,	170,  16, 186
0.130, 0.100, 0.010,	170,  24, 194
0.140, 0.100, 0.010,	170,  24, 194
0.150, 0.100, 0.010,	170,  28, 198
0.160, 0.100, 0.010,	170,  28, 198
0.170, 0.100, 0.010,	170,  36, 206
0.180, 0.100, 0.010,	170,  36, 206
0.190, 0.100, 0.010,	170,  36, 206
0.200, 0.100, 0.010,	170,  40, 210
0.110, 0.110, 0.010,	170,  16, 186
0.120, 0.110, 0.010,	170,  16, 186
0.130, 0.110, 0.010,	170,  24, 194
0.140, 0.110, 0.010,	170,  24, 194
0.150, 0.110, 0.010,	170,  28, 198
0.160, 0.110, 0.010,	170,  28, 198
0.170, 0.110, 0.010,	170,  36, 206
0.180, 0.110, 0.010,	170,  36, 206
0.190, 0.110, 0.010,	170,  36, 206
0.200, 0.110, 0.010,	170,  40, 210
0.120, 0.120, 0.010,	170,  16, 186
0.130, 0.120, 0.010,	170,  24, 194
0.140, 0.120, 0.010,	170,  24, 194
0.150, 0.120, 0.010,	170,  28, 198
0.160, 0.120, 0.010,	170,  28, 198
0.170, 0.120, 0.010,	170,  36, 206
0.180, 0.120, 0.010,	170,  36, 206
0.190, 0.120, 0.010,	170,  36, 206
0.200, 0.120, 0.010,	170,  40, 210
0.130, 0.130, 0.010,	170,  32, 202
0.140, 0.130, 0.010,	170,  32, 202
0.150, 0.130, 0.010,	170,  36, 206
0.160, 0.130, 0.010,	170,  36, 206
0.170, 0.130, 0.010,	170,  44, 214
0.180, 0.130, 0.010,	170,  44, 214
0.190, 0.130, 0.010,	170,  44, 214
0.200, 0.130, 0.010,	170,  48, 218
0.140, 0.140, 0.010,	170,  32, 202
0.150, 0.140, 0.010,	170,  36, 206
0.160, 0.140, 0.010,	170,  36, 206
0.170, 0.140, 0.010,	170,  44, 214
0.180, 0.140, 0.010,	170,  44, 214
0.190, 0.140, 0.010,	170,  44, 214
0.200, 0.140, 0.010,	170,  48, 218
0.150, 0.150, 0.010,	170,  36, 206
0.160, 0.150, 0.010,	170,  36, 206
0.170, 0.150, 0.010,	170,  44, 214
0.180, 0.150, 0.010,	170,  44, 214
0.190, 0.150, 0.010,	170,  44, 214
0.200, 0.150, 0.010,	170,  48, 218
0.160, 0.160, 0.010,	170,  36, 206
0.170, 0.160, 0.010,	170,  44, 214
0.180, 0.160, 0.010,	170,  44, 214
0.190, 0.160, 0.010,	170,  44, 214
0.200, 0.160, 0.010,	170,  48, 218
0.170, 0.170, 0.010,	170,  48, 218
0.180, 0.170, 0.010,	170,  48, 218
0.190, 0.170, 0.010,	170,  48, 218
0.200, 0.170, 0.010,	170,  52, 222
0.180, 0.180, 0.010,	170,  48, 218
0.190, 0.180, 0.010,	170,  48, 218
0.200, 0.180, 0.010,	170,  52, 222
0.190, 0.190, 0.010,	170,  48, 218
0.200, 0.190, 0.010,	170,  52, 222
0.200, 0.200, 0.010,	170,  56, 226
0.020, 0.020, 0.020,	170,   0, 170
0.030, 0.020, 0.020,	170,   0, 170
0.040, 0.020, 0.020,	170,   0, 170
0.050, 0.020, 0.020,	170,   0, 170
0.060, 0.020, 0.020,	170,   0, 170
0.070, 0.020, 0.020,	170,   8, 178
0.080, 0.020, 0.020,	170,   8, 178
0.090, 0.020, 0.020,	170,   8, 178
0.100, 0.020, 0.020,	170,   8, 178
0.110, 0.020, 0.020,	170,   8, 178
0.120, 0.020, 0.020,	170,   8, 178
0.130, 0.020, 0.020,	170,  16, 186
0.140, 0.020, 0.020,	170,  16, 186
0.150, 0.020, 0.020,	170,  20, 190
0.160, 0.020, 0.020,	170,  20, 190
0.170, 0.020, 0.020,	170,  28, 198
0.180, 0.020, 0.020,	170,  28, 198
0.190, 0.020, 0.020,	170,  28, 198
0.200, 0.020, 0.020,	170,  32, 202
0.030, 0.030, 0.020,	170,   0, 170
0.040, 0.030, 0.020,	170,   0, 170
0.050, 0.030, 0.020,	170,   0, 170
0.060, 0.030, 0.020,	170,   0, 170
0.070, 0.030, 0.020,	170,   8, 178
0.080, 0.030, 0.020,	170,   8, 178
0.090, 0.030, 0.020,	170,   8, 178
0.100, 0.030, 0.020,	170,   8, 178
0.110, 0.030, 0.020,	170,   8, 178
0.120, 0.030, 0.020,	170,   8, 178
0.130, 0.030, 0.020,	170,  16, 186
0.140, 0.030, 0.020,	170,  16, 186
0.150, 0.030, 0.020,	170,  20, 190
0.160, 0.030, 0.020,	170,  20, 190
0.170, 0.030, 0.020,	170,  28, 198
0.180, 0.030, 0.020,	170,  28, 198
0.190, 0.030, 0.020,	170,  28, 198
0.200, 0.030, 0.020,	170,  32, 202
0.040, 0.040, 0.020,	170,   0, 170
0.050, 0.040, 0.020,	170,   0, 170
0.060, 0.040, 0.020,	170,   0, 170
0.070, 0.040, 0.020,	170,   8, 178
0.080, 0.040, 0.020,	170,   8, 178
0.090, 0.040, 0.020,	170,   8, 178
0.100, 0.040, 0.020,	170,   8, 178
0.110, 0.040, 0.020,	170,   8, 178
0.120, 0.040, 0.020,	170,   8, 178
0.130, 0.040, 0.020,	170,  16, 186
0.140, 0.040, 0.020,	170,  16, 186
0.150, 0.040, 0.020,	170,  20, 190
0.160, 0.040, 0.020,	170,  20, 190
0.170, 0.040, 0.020,	170,  28, 198
0.180, 0.040, 0.020,	170,  28, 198
0.190, 0.040, 0.020,	170,  28, 198
0.200, 0.040, 0.020,	170,  32, 202
0.050, 0.050, 0.020,	170,   0, 170
0.060, 0.050, 0.020,	170,   0, 170
0.070, 0.050, 0.020,	170,   8, 178
0.080, 0.050, 0.020,	170,   8, 178
0.090, 0.050, 0.020,	170,   8, 178
0.100, 0.050, 0.020,	170,   8, 178
0.110, 0.050, 0.020,	170,   8, 178
0.120, 0.050, 0.020,	170,   8, 178
0.130, 0.050, 0.020,	170,  16, 186
0.140, 0.050, 0.020,	170,  16, 186
0.150, 0.050, 0.020,	170,  20, 190
0.160, 0.050, 0.020,	170,  20, 190
0.170, 0.050, 0.020,	170,  28, 198
0.180, 0.050, 0.020,	170,  28, 198
0.190, 0.050, 0.020,	170,  28, 198
0.200, 0.050, 0.020,	170,  32, 202
0.060, 0.060, 0.020,	170,   0, 170
0.070, 0.060, 0.020,	170,   8, 178
0.080, 0.060, 0.020,	170,   8, 178
0.090, 0.060, 0.020,	170,   8, 178
0.100, 0.060, 0.020,	170,   8, 178
0.110, 0.060, 0.020,	170,   8, 178
0.120, 0.060, 0.020,	170,   8, 178
0.130, 0.060, 0.020,	170,  16, 186
0.140, 0.060, 0.020,	170,  16, 186
0.150, 0.060, 0.020,	170,  20, 190
0.160, 0.060, 0.020,	170,  20, 190
0.170, 0.060, 0.020,	170,  28, 198
0.180, 0.060, 0.020,	170,  28, 198
0.190, 0.060, 0.020,	170,  28, 198
0.200, 0.060, 0.020,	170,  32, 202
0.070, 0.070, 0.020,	170,  16, 186
0.080, 0.070, 0.020,	170,  16, 186
0.090, 0.070, 0.020,	170,  16, 186
0.100, 0.070, 0.020,	170,  16, 186
0.110, 0.070, 0.020,	170,  16, 186
0.120, 0.070, 0.020,	170,  16, 186
0.130, 0.070, 0.020,	170,  24, 194
0.140, 0.070, 0.020,	170,  24, 194
0.150, 0.070, 0.020,	170,  28, 198
0.160, 0.070, 0.020,	170,  28, 198
0.170, 0.070, 0.020,	170,  36, 206
0.180, 0.070, 0.020,	170,  36, 206
0.190, 0.070, 0.020,	170,  36, 206
0.200, 0.070, 0.020,	170,  40, 210
0.080, 0.080, 0.020,	170,  16, 186
0.090, 0.080, 0.020,	170,  16, 186
0.100, 0.080, 0.020,	170,  16, 186
0.110, 0.080, 0.020,	170,  16, 186
0.120, 0.080, 0.020,	170,  16, 186
0.130, 0.080, 0.020,	170,  24, 194
0.140, 0.080, 0.020,	170,  24, 194
0.150, 0.080, 0.020,	170,  28, 198
0.160, 0.080, 0.020,	170,  28, 198
0.170, 0.080, 0.020,	170,  36, 206
0.180, 0.080, 0.020,	170,  36, 206
0.190, 0.080, 0.020,	170,  36, 206
0.200, 0.080, 0.020,	170,  40, 210
0.090, 0.090, 0.020,	170,  16, 186
0.100, 0.090, 0.020,	170,  16, 186
0.110, 0.090, 0.020,	170,  16, 186
0.120, 0.090, 0.020,	170,  16, 186
0.130, 0.090, 0.020,	170,  24, 194
0.140, 0.090, 0.020,	170,  24, 194
0.150, 0.090, 0.020,	170,  28, 198
0.160, 0.090, 0.020,	170,  28, 198
0.170, 0.090, 0.020,	170,  36, 206
0.180, 0.090, 0.020,	170,  36, 206
0.190, 0.090, 0.020,	170,  36, 206
0.200, 0.090, 0.020,	170,  40, 210
0.100, 0.100, 0.020,	170,  16, 186
0.110, 0.100, 0.020,	170,  16, 186
0.120, 0.100, 0.020,	170,  16, 186
0.130, 0.100, 0.020,	170,  24, 194
0.140, 0.100, 0.020,	170,  24, 194
0.150, 0.100, 0.020,	170,  28, 198
0.160, 0.100, 0.020,	170,  28, 198
0.170, 0.100, 0.020,	170,  36, 206
0.180, 0.100, 0.020,	170,  36, 206
0.190, 0.100, 0.020,	170,  36, 206
0.200, 0.100, 0.020,	170,  40, 210
0.110, 0.110, 0.020,	170,  16, 186
0.120, 0.110, 0.020,	170,  16, 186
0.130, 0.110, 0.020,	170,  24, 194
0.140, 0.110, 0.020,	170,  24, 194
0.150, 0.110, 0.020,	170,  28, 198
0.160, 0.110, 0.020,	170,  28, 198
0.170, 0.110, 0.020,	170,  36, 206
0.180, 0.110, 0.020,	170,  36, 206
0.190, 0.110, 0.020,	170,  36, 206
0.200, 0.110, 0.020,	170,  40, 210
0.120, 0.120, 0.020,	170,  16, 186
0.130, 0.120, 0.020,	170,  24, 194
0.140, 0.120, 0.020,	170,  24, 194
0.150, 0.120, 0.020,	170,  28, 198
0.160, 0.120, 0.020,	170,  28, 198
0.170, 0.120, 0.020,	170,  36, 206
0.180, 0.120, 0.020,	170,  36, 206
0.190, 0.120, 0.020,	170,  36, 206
0.200, 0.120, 0.020,	170,  40, 210
0.130, 0.130, 0.020,	170,  32, 202
0.140, 0.130, 0.020,	170,  32, 202
0.150, 0.130, 0.020,	170,  36, 206
0.160, 0.130, 0.020,	170,  36, 206
0.170, 0.130, 0.020,	170,  44, 214
0.180, 0.130, 0.020,	170,  44, 214
0.190, 0.130, 0.020,	170,  44, 214
0.200, 0.130, 0.020,	170,  48, 218
0.140, 0.140, 0.020,	170,  32, 202
0.150, 0.140, 0.020,	170,  36, 206
0.160, 0.140, 0.020,	170,  36, 206
0.170, 0.140, 0.020,	170,  44, 214
0.180, 0.140, 0.020,	170,  44, 214
0.190, 0.140, 0.020,	170,  44, 214
0.200, 0.140, 0.020,	170,  48, 218
0.150, 0.150, 0.020,	170,  36, 206
0.160, 0.150, 0.020,	170,  36, 206
0.170, 0.150, 0.020,	170,  44, 214
0.180, 0.150, 0.020,	170,  44, 214
0.190, 0.150, 0.020,	170,  44, 214
0.200, 0.150, 0.020,	170,  48, 218
0.160, 0.160, 0.020,	170,  36, 206
0.170, 0.160, 0.020,	170,  44, 214
0.180, 0.160, 0.020,	170,  44, 214
0.190, 0.160, 0.020,	170,  44, 214
0.200, 0.160, 0.020,	170,  48, 218
0.170, 0.170, 0.020,	170,  48, 218
0.180, 0.170, 0.020,	170,  48, 218
0.190, 0.170, 0.020,	170,  48, 218
0.200, 0.170, 0.020,	170,  52, 222
0.180, 0.180, 0.020,	170,  48, 218
0.190, 0.180, 0.020,	170,  48, 218
0.200, 0.180, 0.020,	170,  52, 222
0.190, 0.190, 0.020,	170,  48, 218
0.200, 0.190, 0.020,	170,  52, 222
0.200, 0.200, 0.020,	170,  56, 226
0.030, 0.030, 0.030,	170,   0, 170
0.040, 0.030, 0.030,	170,   0, 170
0.050, 0.030, 0.030,	170,   0, 170
0.060, 0.030, 0.030,	170,   0, 170
0.070, 0.030, 0.030,	170,   8, 178
0.080, 0.030, 0.030,	170,   8, 178
0.090, 0.030, 0.030,	170,   8, 178
0.100, 0.030, 0.030,	170,   8, 178
0.110, 0.030, 0.030,	170,   8, 178
0.120, 0.030, 0.030,	170,   8, 178
0.130, 0.030, 0.030,	170,  16, 186
0.140, 0.030, 0.030,	170,  16, 186
0.150, 0.030, 0.030,	170,  20, 190
0.160, 0.030, 0.030,	170,  20, 190
0.170, 0.030, 0.030,	170,  28, 198
0.180, 0.030, 0.030,	170,  28, 198
0.190, 0.030, 0.030,	170,  28, 198
0.200, 0.030, 0.030,	170,  32, 202
0.040, 0.040, 0.030,	170,   0, 170
0.050, 0.040, 0.030,	170,   0, 170
0.060, 0.040, 0.030,	170,   0, 170
0.070, 0.040, 0.030,	170,   8, 178
0.080, 0.040, 0.030,	170,   8, 178
0.090, 0.040, 0.030,	170,   8, 178
0.100, 0.040, 0.030,	170,   8, 178
0.110, 0.040, 0.030,	170,   8, 178
0.120, 0.040, 0.030,	170,   8, 178
0.130, 0.040, 0.030,	170,  16, 186
0.140, 0.040, 0.030,	170,  16, 186
0.150, 0.040, 0.030,	170,  20, 190
0.160, 0.040, 0.030,	170,  20, 190
0.170, 0.040, 0.030,	170,  28, 198
0.180, 0.040, 0.030,	170,  28, 198
0.190, 0.040, 0.030,	170,  28, 198
0.200, 0.040, 0.030,	170,  32, 202
0.050, 0.050, 0.030,	170,   0, 170
0.060, 0.050, 0.030,	170,   0, 170
0.070, 0.050, 0.030,	170,   8, 178
0.080, 0.050, 0.030,	170,   8, 178
0.090, 0.050, 0.030,	170,   8, 178
0.100, 0.050, 0.030,	170,   8, 178
0.110, 0.050, 0.030,	170,   8, 178
0.120, 0.050, 0.030,	170,   8, 178
0.130, 0.050, 0.030,	170,  16, 186
0.140, 0.050, 0.030,	170,  16, 186
0.150, 0.050, 0.030,	170,  20, 190
0.160, 0.050, 0.030,	170,  20, 190
0.170, 0.050, 0.030,	170,  28, 198
0.180, 0.050, 0.030,	170,  28, 198
0.190, 0.050, 0.030,	170,  28, 198
0.200, 0.050, 0.030,	170,  32, 202
0.060, 0.060, 0.030,	170,   0, 170
0.070, 0.060, 0.030,	170,   8, 178
0.080, 0.060, 0.030,	170,   8, 178
0.090, 0.060, 0.030,	170,   8, 178
0.100, 0.060, 0.030,	170,   8, 178
0.110, 0.060, 0.030,	170,   8, 178
0.120, 0.060, 0.030,	170,   8, 178
0.130, 0.060, 0.030,	170,  16, 186
0.140, 0.060, 0.030,	170,  16, 186
0.150, 0.060, 0.030,	170,  20, 190
0.160, 0.060, 0.030,	170,  20, 190
0.170, 0.060, 0.030,	170,  28, 198
0.180, 0.060, 0.030,	170,  28, 198
0.190, 0.060, 0.030,	170,  28, 198
0.200, 0.060, 0.030,	170,  32, 202
0.070, 0.070, 0.030,	170,  16, 186
0.080, 0.070, 0.030,	170,  16, 186
0.090, 0.070, 0.030,	170,  16, 186
0.100, 0.070, 0.030,	170,  16, 186
0.110, 0.070, 0.030,	170,  16, 186
0.120, 0.070, 0.030,	170,  16, 186
0.130, 0.070, 0.030,	170,  24, 194
0.140, 0.070, 0.030,	170,  24, 194
0.150, 0.070, 0.030,	170,  28, 198
0.160, 0.070, 0.030,	170,  28, 198
0.170, 0.070, 0.030,	170,  36, 206
0.180, 0.070, 0.030,	170,  36, 206
0.190, 0.070, 0.030,	170,  36, 206
0.200, 0.070, 0.030,	170,  40, 210
0.080, 0.080, 0.030,	170,  16, 186
0.090, 0.080, 0.030,	170,  16, 186
0.100, 0.080, 0.030,	170,  16, 186
0.110, 0.080, 0.030,	170,  16, 186
0.120, 0.080, 0.030,	170,  16, 186
0.130, 0.080, 0.030,	170,  24, 194
0.140, 0.080, 0.030,	170,  24, 194
0.150, 0.080, 0.030,	170,  28, 198
0.160, 0.080, 0.030,	170,  28, 198
0.170, 0.080, 0.030,	170,  36, 206
0.180, 0.080, 0.030,	170,  36, 206
0.190, 0.080, 0.030,	170,  36, 206
0.200, 0.080, 0.030,	170,  40, 210
0.090, 0.090, 0.030,	170,  16, 186
0.100, 0.090, 0.030,	170,  16, 186
0.110, 0.090, 0.030,	170,  16, 186
0.120, 0.090, 0.030,	170,  16, 186
0.130, 0.090, 0.030,	170,  24, 194
0.140, 0.090, 0.030,	170,  24, 194
0.150, 0.090, 0.030,	170,  28, 198
0.160, 0.090, 0.030,	170,  28, 198
0.170, 0.090, 0.030,	170,  36, 206
0.180, 0.090, 0.030,	170,  36, 206
0.190, 0.090, 0.030,	170,  36, 206
0.200, 0.090, 0.030,	170,  40, 210
0.100, 0.100, 0.030,	170,  16, 186
0.110, 0.100, 0.030,	170,  16, 186
0.120, 0.100, 0.030,	170,  16, 186
0.130, 0.100, 0.030,	170,  24, 194
0.140, 0.100, 0.030,	170,  24, 194
0.150, 0.100, 0.030,	170,  28, 198
0.160, 0.100, 0.030,	170,  28, 198
0.170, 0.100, 0.030,	170,  36, 206
0.180, 0.100, 0.030,	170,  36, 206
0.190, 0.100, 0.030,	170,  36, 206
0.200, 0.100, 0.030,	170,  40, 210
0.110, 0.110, 0.030,	170,  16, 186
0.120, 0.110, 0.030,	170,  16, 186
0.130, 0.110, 0.030,	170,  24, 194
0.140, 0.110, 0.030,	170,  24, 194
0.150, 0.110, 0.030,	170,  28, 198
0.160, 0.110, 0.030,	170,  28, 198
0.170, 0.110, 0.030,	170,  36, 206
0.180, 0.110, 0.030,	170,  36, 206
0.190, 0.110, 0.030,	170,  36, 206
0.200, 0.110, 0.030,	170,  40, 210
0.120, 0.120, 0.030,	170,  16, 186
0.130, 0.120, 0.030,	170,  24, 194
0.140, 0.120, 0.030,	170,  24, 194
0.150, 0.120, 0.030,	170,  28, 198
0.160, 0.120, 0.030,	170,  28, 198
0.170, 0.120, 0.030,	170,  36, 206
0.180, 0.120, 0.030,	170,  36, 206
0.190, 0.120, 0.030,	170,  36, 206
0.200, 0.120, 0.030,	170,  40, 210
0.130, 0.130, 0.030,	170,  32, 202
0.140, 0.130, 0.030,	170,  32, 202
0.150, 0.130, 0.030,	170,  36, 206
0.160, 0.130, 0.030,	170,  36, 206
0.170, 0.130, 0.030,	170,  44, 214
0.180, 0.130, 0.030,	170,  44, 214
0.190, 0.130, 0.030,	170,  44, 214
0.200, 0.130, 0.030,	170,  48, 218
0.140, 0.140, 0.030,	170,  32, 202
0.150, 0.140, 0.030,	170,  36, 206
0.160, 0.140, 0.030,	170,  36, 206
0.170, 0.140, 0.030,	170,  44, 214
0.180, 0.140, 0.030,	170,  44, 214
0.190, 0.140, 0.030,	170,  44, 214
0.200, 0.140, 0.030,	170,  48, 218
0.150, 0.150, 0.030,	170,  36, 206
0.160, 0.150, 0.030,	170,  36, 206
0.170, 0.150, 0.030,	170,  44, 214
0.180, 0.150, 0.030,	170,  44, 214
0.190, 0.150, 0.030,	170,  44, 214
0.200, 0.150, 0.030,	170,  48, 218
0.160, 0.160, 0.030,	170,  36, 206
0.170, 0.160, 0.030,	170,  44, 214
0.180, 0.160, 0.030,	170,  44, 214
0.190, 0.160, 0.030,	170,  44, 214
0.200, 0.160, 0.030,	170,  48, 218
0.170, 0.170, 0.030,	170,  48, 218
0.180, 0.170, 0.030,	170,  48, 218
0.190, 0.170, 0.030,	170,  48, 218
0.200, 0.170, 0.030,	170,  52, 222
0.180, 0.180, 0.030,	170,  48, 218
0.190, 0.180, 0.030,	170,  48, 218
0.200, 0.180, 0.030,	170,  52, 222
0.190, 0.190, 0.030,	170,  48, 218
0.200, 0.190, 0.030,	170,  52, 222
0.200, 0.200, 0.030,	170,  56, 226
0.040, 0.040, 0.040,	170,   0, 170
0.050, 0.040, 0.040,	170,   0, 170
0.060, 0.040, 0.040,	170,   0, 170
0.070, 0.040, 0.040,	170,   8, 178
0.080, 0.040, 0.040,	170,   8, 178
0.090, 0.040, 0.040,	170,   8, 178
0.100, 0.040, 0.040,	170,   8, 178
0.110, 0.040, 0.040,	170,   8, 178
0.120, 0.040, 0.040,	170,   8, 178
0.130, 0.040, 0.040,	170,  16, 186
0.140, 0.040, 0.040,	170,  16, 186
0.150, 0.040, 0.040,	170,  20, 190
0.160, 0.040, 0.040,	170,  20, 190
0.170, 0.040, 0.040,	170,  28, 198
0.180, 0.040, 0.040,	170,  28, 198
0.190, 0.040, 0.040,	170,  28, 198
0.200, 0.040, 0.040,	170,  32, 202
0.050, 0.050, 0.040,	170,   0, 170
0.060, 0.050, 0.040,	170,   0, 170
0.070, 0.050, 0.040,	170,   8, 178
0.080, 0.050, 0.040,	170,   8, 178
0.090, 0.050, 0.040,	170,   8, 178
0.100, 0.050, 0.040,	170,   8, 178
0.110, 0.050, 0.040,	170,   8, 178
0.120, 0.050, 0.040,	170,   8, 178
0.130, 0.050, 0.040,	170,  16, 186
0.140, 0.050, 0.040,	170,  16, 186
0.150, 0.050, 0.040,	170,  20, 190
0.160, 0.050, 0.040,	170,  20, 190
0.170, 0.050, 0.040,	170,  28, 198
0.180, 0.050, 0.040,	170,  28, 198
0.190, 0.050, 0.040,	170,  28, 198
0.200, 0.050, 0.040,	170,  32, 202
0.060, 0.060, 0.040,	170,   0, 170
0.070, 0.060, 0.040,	170,   8, 178
0.080, 0.060, 0.040,	170,   8, 178
0.090, 0.060, 0.040,	170,   8, 178
0.100, 0.060, 0.040,	170,   8, 178
0.110, 0.060, 0.040,	170,   8, 178
0.120, 0.060, 0.040,	170,   8, 178
0.130, 0.060, 0.040,	170,  16, 186
0.140, 0.060, 0.040,	170,  16, 186
0.150, 0.060, 0.040,	170,  20, 190
0.160, 0.060, 0.040,	170,  20, 190
0.170, 0.060, 0.040,	170,  28, 198
0.180, 0.060, 0.040,	170,  28, 198
0.190, 0.060, 0.040,	170,  28, 198
0.200, 0.060, 0.040,	170,  32, 202
0.070, 0.070, 0.040,	170,  16, 186
0.080, 0.070, 0.040,	170,  16, 186
0.090, 0.070, 0.040,	170,  16, 186
0.100, 0.070, 0.040,	170,  16, 186
0.110, 0.070, 0.040,	170,  16, 186
0.120, 0.070, 0.040,	170,  16, 186
0.130, 0.070, 0.040,	170,  24, 194
0.140, 0.070, 0.040,	170,  24, 194
0.150, 0.070, 0.040,	170,  28, 198
0.160, 0.070, 0.040,	170,  28, 198
0.170, 0.070, 0.040,	170,  36, 206
0.180, 0.070, 0.040,	170,  36, 206
0.190, 0.070, 0.040,	170,  36, 206
0.200, 0.070, 0.040,	170,  40, 210
0.080, 0.080, 0.040,	170,  16, 186
0.090, 0.080, 0.040,	170,  16, 186
0.100, 0.080, 0.040,	170,  16, 186
0.110, 0.080, 0.040,	170,  16, 186
0.120, 0.080, 0.040,	170,  16, 186
0.130, 0.080, 0.040,	170,  24, 194
0.140, 0.080, 0.040,	170,  24, 194
0.150, 0.080, 0.040,	170,  28, 198
0.160, 0.080, 0.040,	170,  28, 198
0.170, 0.080, 0.040,	170,  36, 206
0.180, 0.080, 0.040,	170,  36, 206
0.190, 0.080, 0.040,	170,  36, 206
0.200, 0.080, 0.040,	170,  40, 210
0.090, 0.090, 0.040,	170,  16, 186
0.100, 0.090, 0.040,	170,  16, 186
0.110, 0.090, 0.040,	170,  16, 186
0.120, 0.090, 0.040,	170,  16, 186
0.130, 0.090, 0.040,	170,  24, 194
0.140, 0.090, 0.040,	170,  24, 194
0.150, 0.090, 0.040,	170,  28, 198
0.160, 0.090, 0.040,	170,  28, 198
0.170, 0.090, 0.040,	170,  36, 206
0.180, 0.090, 0.040,	170,  36, 206
0.190, 0.090, 0.040,	170,  36, 206
0.200, 0.090, 0.040,	170,  40, 210
0.100, 0.100, 0.040,	170,  16, 186
0.110, 0.100, 0.040,	170,  16, 186
0.120, 0.100, 0.040,	170,  16, 186
0.130, 0.100, 0.040,	170,  24, 194
0.140, 0.100, 0.040,	170,  24, 194
0.150, 0.100, 0.040,	170,  28, 198
0.160, 0.100, 0.040,	170,  28, 198
0.170, 0.100, 0.040,	170,  36, 206
0.180, 0.100, 0.040,	170,  36, 206
0.190, 0.100, 0.040,	170,  36, 206
0.200, 0.100, 0.040,	170,  40, 210
0.110, 0.110, 0.040,	170,  16, 186
0.120, 0.110, 0.040,	170,  16, 186
0.130, 0.110, 0.040,	170,  24, 194
0.140, 0.110, 0.040,	170,  24, 194
0.150, 0.110, 0.040,	170,  28, 198
0.160, 0.110, 0.040,	170,  28, 198
0.170, 0.110, 0.040,	170,  36, 206
0.180, 0.110, 0.040,	170,  36, 206
0.190, 0.110, 0.040,	170,  36, 206
0.200, 0.110, 0.040,	170,  40, 210
0.120, 0.120, 0.040,	170,  16, 186
0.130, 0.120, 0.040,	170,  24, 194
0.140, 0.120, 0.040,	170,  24, 194
0.150, 0.120, 0.040,	170,  28, 198
0.160, 0.120, 0.040,	170,  28, 198
0.170, 0.120, 0.040,	170,  36, 206
0.180, 0.120, 0.040,	170,  36, 206
0.190, 0.120, 0.040,	170,  36, 206
0.200, 0.120, 0.040,	170,  40, 210
0.130, 0.130, 0.040,	170,  32, 202
0.140, 0.130, 0.040,	170,  32, 202
0.150, 0.130, 0.040,	170,  36, 206
0.160, 0.130, 0.040,	170,  36, 206
0.170, 0.130, 0.040,	170,  44, 214
0.180, 0.130, 0.040,	170,  44, 214
0.190, 0.130, 0.040,	170,  44, 214
0.200, 0.130, 0.040,	170,  48, 218
0.140, 0.140, 0.040,	170,  32, 202
0.150, 0.140, 0.040,	170,  36, 206
0.160, 0.140, 0.040,	170,  36, 206
0.170, 0.140, 0.040,	170,  44, 214
0.180, 0.140, 0.040,	170,  44, 214
0.190, 0.140, 0.040,	170,  44, 214
0.200, 0.140, 0.040,	170,  48, 218
0.150, 0.150, 0.040,	170,  36, 206
0.160, 0.150, 0.040,	170,  36, 206
0.170, 0.150, 0.040,	170,  44, 214
0.180, 0.150, 0.040,	170,  44, 214
0.190, 0.150, 0.040,	170,  44, 214
0.200, 0.150, 0.040,	170,  48, 218
0.160, 0.160, 0.040,	170,  36, 206
0.170, 0.160, 0.040,	170,  44, 214
0.180, 0.160, 0.040,	170,  44, 214
0.190, 0.160, 0.040,	170,  44, 214
0.200, 0.160, 0.040,	170,  48, 218
0.170, 0.170, 0.040,	170,  48, 218
0.180, 0.170, 0.040,	170,  48, 218
0.190, 0.170, 0.040,	170,  48, 218
0.200, 0.170, 0.040,	170,  52, 222
0.180, 0.180, 0.040,	170,  48, 218
0.190, 0.180, 0.040,	170,  48, 218
0.200, 0.180, 0.040,	170,  52, 222
0.190, 0.190, 0.040,	170,  48, 218
0.200, 0.190, 0.040,	170,  52, 222
0.200, 0.200, 0.040,	170,  56, 226
0.050, 0.050, 0.050,	170,   0, 170
0.060, 0.050, 0.050,	170,   0, 170
0.070, 0.050, 0.050,	170,   8, 178
0.080, 0.050, 0.050,	170,   8, 178
0.090, 0.050, 0.050,	170,   8, 178
0.100, 0.050, 0.050,	170,   8, 178
0.110, 0.050, 0.050,	170,   8, 178
0.120, 0.050, 0.050,	170,   8, 178
0.130, 0.050, 0.050,	170,  16, 186
0.140, 0.050, 0.050,	170,  16, 186
0.150, 0.050, 0.050,	170,  20, 190
0.160, 0.050, 0.050,	170,  20, 190
0.170, 0.050, 0.050,	170,  28, 198
0.180, 0.050, 0.050,	170,  28, 198
0.190, 0.050, 0.050,	170,  28, 198
0.200, 0.050, 0.050,	170,  32, 202
0.060, 0.060, 0.050,	170,   0, 170
0.070, 0.060, 0.050,	170,   8, 178
0.080, 0.060, 0.050,	170,   8, 178
0.090, 0.060, 0.050,	170,   8, 178
0.100, 0.060, 0.050,	170,   8, 178
0.110, 0.060, 0.050,	170,   8, 178
0.120, 0.060, 0.050,	170,   8, 178
0.130, 0.060, 0.050,	170,  16, 186
0.140, 0.060, 0.050,	170,  16, 186
0.150, 0.060, 0.050,	170,  20, 190
0.160, 0.060, 0.050,	170,  20, 190
0.170, 0.060, 0.050,	170,  28, 198
0.180, 0.060, 0.050,	170,  28, 198
0.190, 0.060, 0.050,	170,  28, 198
0.200, 0.060, 0.050,	170,  32, 202
0.070, 0.070, 0.050,	170,  16, 186
0.080, 0.070, 0.050,	170,  16, 186
0.090, 0.070, 0.050,	170,  16, 186
0.100, 0.070, 0.050,	170,  16, 186
0.110, 0.070, 0.050,	170,  16, 186
0.120, 0.070, 0.050,	170,  16, 186
0.130, 0.070, 0.050,	170,  24, 194
0.140, 0.070, 0.050,	170,  24, 194
0.150, 0.070, 0.050,	170,  28, 198
0.160, 0.070, 0.050,	170,  28, 198
0.170, 0.070, 0.050,	170,  36, 206
0.180, 0.070, 0.050,	170,  36, 206
0.190, 0.070, 0.050,	170,  36, 206
0.200, 0.070, 0.050,	170,  40, 210
0.080, 0.080, 0.050,	170,  16, 186
0.090, 0.080, 0.050,	170,  16, 186
0.100, 0.080, 0.050,	170,  16, 186
0.110, 0.080, 0.050,	170,  16, 186
0.120, 0.080, 0.050,	170,  16, 186
0.130, 0.080, 0.050,	170,  24, 194
0.140, 0.080, 0.050,	170,  24, 194
0.150, 0.080, 0.050,	170,  28, 198
0.160, 0.080, 0.050,	170,  28, 198
0.170, 0.080, 0.050,	170,  36, 206
0.180, 0.080, 0.050,	170,  36, 206
0.190, 0.080, 0.050,	170,  36, 206
0.200, 0.080, 0.050,	170,  40, 210
0.090, 0.090, 0.050,	170,  16, 186
0.100, 0.090, 0.050,	170,  16, 186
0.110, 0.090, 0.050,	170,  16, 186
0.120, 0.090, 0.050,	170,  16, 186
0.130, 0.090, 0.050,	170,  24, 194
0.140, 0.090, 0.050,	170,  24, 194
0.150, 0.090, 0.050,	170,  28, 198
0.160, 0.090, 0.050,	170,  28, 198
0.170, 0.090, 0.050,	170,  36, 206
0.180, 0.090, 0.050,	170,  36, 206
0.190, 0.090, 0.050,	170,  36, 206
0.200, 0.090, 0.050,	170,  40, 210
0.100, 0.100, 0.050,	170,  16, 186
0.110, 0.100, 0.050,	170,  16, 186
0.120, 0.100, 0.050,	170,  16, 186
0.130, 0.100, 0.050,	170,  24, 194
0.140, 0.100, 0.050,	170,  24, 194
0.150, 0.100, 0.050,	170,  28, 198
0.160, 0.100, 0.050,	170,  28, 198
0.170, 0.100, 0.050,	170,  36, 206
0.180, 0.100, 0.050,	170,  36, 206
0.190, 0.100, 0.050,	170,  36, 206
0.200, 0.100, 0.050,	170,  40, 210
0.110, 0.110, 0.050,	170,  16, 186
0.120, 0.110, 0.050,	170,  16, 186
0.130, 0.110, 0.050,	170,  24, 194
0.140, 0.110, 0.050,	170,  24, 194
0.150, 0.110, 0.050,	170,  28, 198
0.160, 0.110, 0.050,	170,  28, 198
0.170, 0.110, 0.050,	170,  36, 206
0.180, 0.110, 0.050,	170,  36, 206
0.190, 0.110, 0.050,	170,  36, 206
0.200, 0.110, 0.050,	170,  40, 210
0.120, 0.120, 0.050,	170,  16, 186
0.130, 0.120, 0.050,	170,  24, 194
0.140, 0.120, 0.050,	170,  24, 194
0.150, 0.120, 0.050,	170,  28, 198
0.160, 0.120, 0.050,	170,  28, 198
0.170, 0.120, 0.050,	170,  36, 206
0.180, 0.120, 0.050,	170,  36, 206
0.190, 0.120, 0.050,	170,  36, 206
0.200, 0.120, 0.050,	170,  40, 210
0.130, 0.130, 0.050,	170,  32, 202
0.140, 0.130, 0.050,	170,  32, 202
0.150, 0.130, 0.050,	170,  36, 206
0.160, 0.130, 0.050,	170,  36, 206
0.170, 0.130, 0.050,	170,  44, 214
0.180, 0.130, 0.050,	170,  44, 214
0.190, 0.130, 0.050,	170,  44, 214
0.200, 0.130, 0.050,	170,  48, 218
0.140, 0.140, 0.050,	170,  32, 202
0.150, 0.140, 0.050,	170,  36, 206
0.160, 0.140, 0.050,	170,  36, 206
0.170, 0.140, 0.050,	170,  44, 214
0.180, 0.140, 0.050,	170,  44, 214
0.190, 0.140, 0.050,	170,  44, 214
0.200, 0.140, 0.050,	170,  48, 218
0.150, 0.150, 0.050,	170,  36, 206
0.160, 0.150, 0.050,	170,  36, 206
0.170, 0.150, 0.050,	170,  44, 214
0.180, 0.150, 0.050,	170,  44, 214
0.190, 0.150, 0.050,	170,  44, 214
0.200, 0.150, 0.050,	170,  48, 218
0.160, 0.160, 0.050,	170,  36, 206
0.170, 0.160, 0.050,	170,  44, 214
0.180, 0.160, 0.050,	170,  44, 214
0.190, 0.160, 0.050,	170,  44, 214
0.200, 0.160, 0.050,	170,  48, 218
0.170, 0.170, 0.050,	170,  48, 218
0.180, 0.170, 0.050,	170,  48, 218
0.190, 0.170, 0.050,	170,  48, 218
0.200, 0.170, 0.050,	170,  52, 222
0.180, 0.180, 0.050,	170,  48, 218
0.190, 0.180, 0.050,	170,  48, 218
0.200, 0.180, 0.050,	170,  52, 222
0.190, 0.190, 0.050,	170,  48, 218
0.200, 0.190, 0.050,	170,  52, 222
0.200, 0.200, 0.050,	170,  56, 226
0.060, 0.060, 0.060,	170,   0, 170
0.070, 0.060, 0.060,	170,   8, 178
0.080, 0.060, 0.060,	170,   8, 178
0.090, 0.060, 0.060,	170,   8, 178
0.100, 0.060, 0.060,	170,   8, 178
0.110, 0.060, 0.060,	170,   8, 178
0.120, 0.060, 0.060,	170,   8, 178
0.130, 0.060, 0.060,	170,  16, 186
0.140, 0.060, 0.060,	170,  16, 186
0.150, 0.060, 0.060,	170,  20, 190
0.160, 0.060, 0.060,	170,  20, 190
0.170, 0.060, 0.060,	170,  28, 198
0.180, 0.060, 0.060,	170,  28, 198
0.190, 0.060, 0.060,	170,  28, 198
0.200, 0.060, 0.060,	170,  32, 202
0.070, 0.070, 0.060,	170,  16, 186
0.080, 0.070, 0.060,	170,  16, 186
0.090, 0.070, 0.060,	170,  16, 186
0.100, 0.070, 0.060,	170,  16, 186
0.110, 0.070, 0.060,	170,  16, 186
0.120, 0.070, 0.060,	170,  16, 186
0.130, 0.070, 0.060,	170,  24, 194
0.140, 0.070, 0.060,	170,  24, 194
0.150, 0.070, 0.060,	170,  28, 198
0.160, 0.070, 0.060,	170,  28, 198
0.170, 0.070, 0.060,	170,  36, 206
0.180, 0.070, 0.060,	170,  36, 206
0.190, 0.070, 0.060,	170,  36, 206
0.200, 0.070, 0.060,	170,  40, 210
0.080, 0.080, 0.060,	170,  16, 186
0.090, 0.080, 0.060,	170,  16, 186
0.100, 0.080, 0.060,	170,  16, 186
0.110, 0.080, 0.060,	170,  16, 186
0.120, 0.080, 0.060,	170,  16, 186
0.130, 0.080, 0.060,	170,  24, 194
0.140, 0.080, 0.060,	170,  24, 194
0.150, 0.080, 0.060,	170,  28, 198
0.160, 0.080, 0.060,	170,  28, 198
0.170, 0.080, 0.060,	170,  36, 206
0.180, 0.080, 0.060,	170,  36, 206
0.190, 0.080, 0.060,	170,  36, 206
0.200, 0.080, 0.060,	170,  40, 210
0.090, 0.090, 0.060,	170,  16, 186
0.100, 0.090, 0.060,	170,  16, 186
0.110, 0.090, 0.060,	170,  16, 186
0.120, 0.090, 0.060,	170,  16, 186
0.130, 0.090, 0.060,	170,  24, 194
0.140, 0.090, 0.060,	170,  24, 194
0.150, 0.090, 0.060,	170,  28, 198
0.160, 0.090, 0.060,	170,  28, 198
0.170, 0.090, 0.060,	170,  36, 206
0.180, 0.090, 0.060,	170,  36, 206
0.190, 0.090, 0.060,	170,  36, 206
0.200, 0.090, 0.060,	170,  40, 210
0.100, 0.100, 0.060,	170,  16, 186
0.110, 0.100, 0.060,	170,  16, 186
0.120, 0.100, 0.060,	170,  16, 186
0.130, 0.100, 0.060,	170,  24, 194
0.140, 0.100, 0.060,	170,  24, 194
0.150, 0.100, 0.060,	170,  28, 198
0.160, 0.100, 0.060,	170,  28, 198
0.170, 0.100, 0.060,	170,  36, 206
0.180, 0.100, 0.060,	170,  36, 206
0.190, 0.100, 0.060,	170,  36, 206
0.200, 0.100, 0.060,	170,  40, 210
0.110, 0.110, 0.060,	170,  16, 186
0.120, 0.110, 0.060,	170,  16, 186
0.130, 0.110, 0.060,	170,  24, 194
0.140, 0.110, 0.060,	170,  24, 194
0.150, 0.110, 0.060,	170,  28, 198
0.160, 0.110, 0.060,	170,  28, 198
0.170, 0.110, 0.060,	170,  36, 206
0.180, 0.110, 0.060,	170,  36, 206
0.190, 0.110, 0.060,	170,  36, 206
0.200, 0.110, 0.060,	170,  40, 210
0.120, 0.120, 0.060,	170,  16, 186
0.130, 0.120, 0.060,	170,  24, 194
0.140, 0.120, 0.060,	170,  24, 194
0.150, 0.120, 0.060,	170,  28, 198
0.160, 0.120, 0.060,	170,  28, 198
0.170, 0.120, 0.060,	170,  36, 206
0.180, 0.120, 0.060,	170,  36, 206
0.190, 0.120, 0.060,	170,  36, 206
0.200, 0.120, 0.060,	170,  40, 210
0.130, 0.130, 0.060,	170,  32, 202
0.140, 0.130, 0.060,	170,  32, 202
0.150, 0.130, 0.060,	170,  36, 206
0.160, 0.130, 0.060,	170,  36, 206
0.170, 0.130, 0.060,	170,  44, 214
0.180, 0.130, 0.060,	170,  44, 214
0.190, 0.130, 0.060,	170,  44, 214
0.200, 0.130, 0.060,	170,  48, 218
0.140, 0.140, 0.060,	170,  32, 202
0.150, 0.140, 0.060,	170,  36, 206
0.160, 0.140, 0.060,	170,  36, 206
0.170, 0.140, 0.060,	170,  44, 214
0.180, 0.140, 0.060,	170,  44, 214
0.190, 0.140, 0.060,	170,  44, 214
0.200, 0.140, 0.060,	170,  48, 218
0.150, 0.150, 0.060,	170,  36, 206
0.160, 0.150, 0.060,	170,  36, 206
0.170, 0.150, 0.060,	170,  44, 214
0.180, 0.150, 0.060,	170,  44, 214
0.190, 0.150, 0.060,	170,  44, 214
0.200, 0.150, 0.060,	170,  48, 218
0.160, 0.160, 0.060,	170,  36, 206
0.170, 0.160, 0.060,	170,  44, 214
0.180, 0.160, 0.060,	170,  44, 214
0.190, 0.160, 0.060,	170,  44, 214
0.200, 0.160, 0.060,	170,  48, 218
0.170, 0.170, 0.060,	170,  48, 218
0.180, 0.170, 0.060,	170,  48, 218
0.190, 0.170, 0.060,	170,  48, 218
0.200, 0.170, 0.060,	170,  52, 222
0.180, 0.180, 0.060,	170,  48, 218
0.190, 0.180, 0.060,	170,  48, 218
0.200, 0.180, 0.060,	170,  52, 222
0.190, 0.190, 0.060,	170,  48, 218
0.200, 0.190, 0.060,	170,  52, 222
0.200, 0.200, 0.060,	170,  56, 226
0.070, 0.070, 0.070,	170,  48, 218
0.080, 0.070, 0.070,	170,  48, 218
0.090, 0.070, 0.070,	170,  48, 218
0.100, 0.070, 0.070,	170,  48, 218
0.110, 0.070, 0.070,	170,  48, 218
0.120, 0.070, 0.070,	170,  48, 218
0.130, 0.070, 0.070,	170,  56, 226
0.140, 0.070, 0.070,	170,  56, 226
0.150, 0.070, 0.070,	170,  60, 230
0.160, 0.070, 0.070,	170,  60, 230
0.170, 0.070, 0.070,	170,  68, 238
0.180, 0.070, 0.070,	170,  68, 238
0.190, 0.070, 0.070,	170,  68, 238
0.200, 0.070, 0.070,	170,  72, 242
0.080, 0.080, 0.070,	170,  48, 218
0.090, 0.080, 0.070,	170,  48, 218
0.100, 0.080, 0.070,	170,  48, 218
0.110, 0.080, 0.070,	170,  48, 218
0.120, 0.080, 0.070,	170,  48, 218
0.130, 0.080, 0.070,	170,  56, 226
0.140, 0.080, 0.070,	170,  56, 226
0.150, 0.080, 0.070,	170,  60, 230
0.160, 0.080, 0.070,	170,  60, 230
0.170, 0.080, 0.070,	170,  68, 238
0.180, 0.080, 0.070,	170,  68, 238
0.190, 0.080, 0.070,	170,  68, 238
0.200, 0.080, 0.070,	170,  72, 242
0.090, 0.090, 0.070,	170,  48, 218
0.100, 0.090, 0.070,	170,  48, 218
0.110, 0.090, 0.070,	170,  48, 218
0.120, 0.090, 0.070,	170,  48, 218
0.130, 0.090, 0.070,	170,  56, 226
0.140, 0.090, 0.070,	170,  56, 226
0.150, 0.090, 0.070,	170,  60, 230
0.160, 0.090, 0.070,	170,  60, 230
0.170, 0.090, 0.070,	170,  68, 238
0.180, 0.090, 0.070,	170,  68, 238
0.190, 0.090, 0.070,	170,  68, 238
0.200, 0.090, 0.070,	170,  72, 242
0.100, 0.100, 0.070,	170,  48, 218
0.110, 0.100, 0.070,	170,  48, 218
0.120, 0.100, 0.070,	170,  48, 218
0.130, 0.100, 0.070,	170,  56, 226
0.140, 0.100, 0.070,	170,  56, 226
0.150, 0.100, 0.070,	170,  60, 230
0.160, 0.100, 0.070,	170,  60, 230
0.170, 0.100, 0.070,	170,  68, 238
0.180, 0.100, 0.070,	170,  68, 238
0.190, 0.100, 0.070,	170,  68, 238
0.200, 0.100, 0.070,	170,  72, 242
0.110, 0.110, 0.070,	170,  48, 218
0.120, 0.110, 0.070,	170,  48, 218
0.130, 0.110, 0.070,	170,  56, 226
0.140, 0.110, 0.070,	170,  56, 226
0.150, 0.110, 0.070,	170,  60, 230
0.160, 0.110, 0.070,	170,  60, 230
0.170, 0.110, 0.070,	170,  68, 238
0.180, 0.110, 0.070,	170,  68, 238
0.190, 0.110, 0.070,	170,  68, 238
0.200, 0.110, 0.070,	170,  72, 242
0.120, 0.120, 0.070,	170,  48, 218
0.130, 0.120, 0.070,	170,  56, 226
0.140, 0.120, 0.070,	170,  56, 226
0.150, 0.120, 0.070,	170,  60, 230
0.160, 0.120, 0.070,	170,  60, 230
0.170, 0.120, 0.070,	170,  68, 238
0.180, 0.120, 0.070,	170,  68, 238
0.190, 0.120, 0.070,	170,  68, 238
0.200, 0.120, 0.070,	170,  72, 242
0.130, 0.130, 0.070,	170,  64, 234
0.140, 0.130, 0.070,	170,  64, 234
0.150, 0.130, 0.070,	170,  68, 238
0.160, 0.130, 0.070,	170,  68, 238
0.170, 0.130, 0.070,	170,  76, 246
0.180, 0.130, 0.070,	170,  76, 246
0.190, 0.130, 0.070,	170,  76, 246
0.200, 0.130, 0.070,	170,  80, 250
0.140, 0.140, 0.070,	170,  64, 234
0.150, 0.140, 0.070,	170,  68, 238
0.160, 0.140, 0.070,	170,  68, 238
0.170, 0.140, 0.070,	170,  76, 246
0.180, 0.140, 0.070,	170,  76, 246
0.190, 0.140, 0.070,	170,  76, 246
0.200, 0.140, 0.070,	170,  80, 250
0.150, 0.150, 0.070,	170,  68, 238
0.160, 0.150, 0.070,	170,  68, 238
0.170, 0.150, 0.070,	170,  76, 246
0.180, 0.150, 0.070,	170,  76, 246
0.190, 0.150, 0.070,	170,  76, 246
0.200, 0.150, 0.070,	170,  80, 250
0.160, 0.160, 0.070,	170,  68, 238
0.170, 0.160, 0.070,	170,  76, 246
0.180, 0.160, 0.070,	170,  76, 246
0.190, 0.160, 0.070,	170,  76, 246
0.200, 0.160, 0.070,	170,  80, 250
0.170, 0.170, 0.070,	170,  80, 250
0.180, 0.170, 0.070,	170,  80, 250
0.190, 0.170, 0.070,	170,  80, 250
0.200, 0.170, 0.070,	170,  84, 254
0.180, 0.180, 0.070,	170,  80, 250
0.190, 0.180, 0.070,	170,  80, 250
0.200, 0.180, 0.070,	170,  84, 254
0.190, 0.190, 0.070,	170,  80, 250
0.200, 0.190, 0.070,	170,  84, 254
0.200, 0.200, 0.070,	170,  88, 258
0.080, 0.080, 0.080,	170,  48, 218
0.090, 0.080, 0.080,	170,  48, 218
0.100, 0.080, 0.080,	170,  48, 218
0.110, 0.080, 0.080,	170,  48, 218
0.120, 0.080, 0.080,	170,  48, 218
0.130, 0.080, 0.080,	170,  56, 226
0.140, 0.080, 0.080,	170,  56, 226
0.150, 0.080, 0.080,	170,  60, 230
0.160, 0.080, 0.080,	170,  60, 230
0.170, 0.080, 0.080,	170,  68, 238
0.180, 0.080, 0.080,	170,  68, 238
0.190, 0.080, 0.080,	170,  68, 238
0.200, 0.080, 0.080,	170,  72, 242
0.090, 0.090, 0.080,	170,  48, 218
0.100, 0.090, 0.080,	170,  48, 218
0.110, 0.090, 0.080,	170,  48, 218
0.120, 0.090, 0.080,	170,  48, 218
0.130, 0.090, 0.080,	170,  56, 226
0.140, 0.090, 0.080,	170,  56, 226
0.150, 0.090, 0.080,	170,  60, 230
0.160, 0.090, 0.080,	170,  60, 230
0.170, 0.090, 0.080,	170,  68, 238
0.180, 0.090, 0.080,	170,  68, 238
0.190, 0.090, 0.080,	170,  68, 238
0.200, 0.090, 0.080,	170,  72, 242
0.100, 0.100, 0.080,	170,  48, 218
0.110, 0.100, 0.080,	170,  48, 218
0.120, 0.100, 0.080,	170,  48, 218
0.130, 0.100, 0.080,	170,  56, 226
0.140, 0.100, 0.080,	170,  56, 226
0.150, 0.100, 0.080,	170,  60, 230
0.160, 0.100, 0.080,	170,  60, 230
0.170, 0.100, 0.080,	170,  68, 238
0.180, 0.100, 0.080,	170,  68, 238
0.190, 0.100, 0.080,	170,  68, 238
0.200, 0.100, 0.080,	170,  72, 242
0.110, 0.110, 0.080,	170,  48, 218
0.120, 0.110, 0.080,	170,  48, 218
0.130, 0.110, 0.080,	170,  56, 226
0.140, 0.110, 0.080,	170,  56, 226
0.150, 0.110, 0.080,	170,  60, 230
0.160, 0.110, 0.080,	170,  60, 230
0.170, 0.110, 0.080,	170,  68, 238
0.180, 0.110, 0.080,	170,  68, 238
0.190, 0.110, 0.080,	170,  68, 238
0.200, 0.110, 0.080,	170,  72, 242
0.120, 0.120, 0.080,	170,  48, 218
0.130, 0.120, 0.080,	170,  56, 226
0.140, 0.120, 0.080,	170,  56, 226
0.150, 0.120, 0.080,	170,  60, 230
0.160, 0.120, 0.080,	170,  60, 230
0.170, 0.120, 0.080,	170,  68, 238
0.180, 0.120, 0.080,	170,  68, 238
0.190, 0.120, 0.080,	170,  68, 238
0.200, 0.120, 0.080,	170,  72, 242
0.130, 0.130, 0.080,	170,  64, 234
0.140, 0.130, 0.080,	170,  64, 234
0.150, 0.130, 0.080,	170,  68, 238
0.160, 0.130, 0.080,	170,  68, 238
0.170, 0.130, 0.080,	170,  76, 246
0.180, 0.130, 0.080,	170,  76, 246
0.190, 0.130, 0.080,	170,  76, 246
0.200, 0.130, 0.080,	170,  80, 250
0.140, 0.140, 0.080,	170,  64, 234
0.150, 0.140, 0.080,	170,  68, 238
0.160, 0.140, 0.080,	170,  68, 238
0.170, 0.140, 0.080,	170,  76, 246
0.180, 0.140, 0.080,	170,  76, 246
0.190, 0.140, 0.080,	170,  76, 246
0.200, 0.140, 0.080,	170,  80, 250
0.150, 0.150, 0.080,	170,  68, 238
0.160, 0.150, 0.080,	170,  68, 238
0.170, 0.150, 0.080,	170,  76, 246
0.180, 0.150, 0.080,	170,  76, 246
0.190, 0.150, 0.080,	170,  76, 246
0.200, 0.150, 0.080,	170,  80, 250
0.160, 0.160, 0.080,	170,  68, 238
0.170, 0.160, 0.080,	170,  76, 246
0.180, 0.160, 0.080,	170,  76, 246
0.190, 0.160, 0.080,	170,  76, 246
0.200, 0.160, 0.080,	170,  80, 250
0.170, 0.170, 0.080,	170,  80, 250
0.180, 0.170, 0.080,	170,  80, 250
0.190, 0.170, 0.080,	170,  80, 250
0.200, 0.170, 0.080,	170,  84, 254
0.180, 0.180, 0.080,	170,  80, 250
0.190, 0.180, 0.080,	170,  80, 250
0.200, 0.180, 0.080,	170,  84, 254
0.190, 0.190, 0.080,	170,  80, 250
0.200, 0.190, 0.080,	170,  84, 254
0.200, 0.200, 0.080,	170,  88, 258
0.090, 0.090, 0.090,	170,  48, 218
0.100, 0.090, 0.090,	170,  48, 218
0.110, 0.090, 0.090,	170,  48, 218
0.120, 0.090, 0.090,	170,  48, 218
0.130, 0.090, 0.090,	170,  56, 226
0.140, 0.090, 0.090,	170,  56, 226
0.150, 0.090, 0.090,	170,  60, 230
0.160, 0.090, 0.090,	170,  60, 230
0.170, 0.090, 0.090,	170,  68, 238
0.180, 0.090, 0.090,	170,  68, 238
0.190, 0.090, 0.090,	170,  68, 238
0.200, 0.090, 0.090,	170,  72, 242
0.100, 0.100, 0.090,	170,  48, 218
0.110, 0.100, 0.090,	170,  48, 218
0.120, 0.100, 0.090,	170,  48, 218
0.130, 0.100, 0.090,	170,  56, 226
0.140, 0.100, 0.090,	170,  56, 226
0.150, 0.100, 0.090,	170,  60, 230
0.160, 0.100, 0.090,	170,  60, 230
0.170, 0.100, 0.090,	170,  68, 238
0.180, 0.100, 0.090,	170,  68, 238
0.190, 0.100, 0.090,	170,  68, 238
0.200, 0.100, 0.090,	170,  72, 242
0.110, 0.110, 0.090,	170,  48, 218
0.120, 0.110, 0.090,	170,  48, 218
0.130, 0.110, 0.090,	170,  56, 226
0.140, 0.110, 0.090,	170,  56, 226
0.150, 0.110, 0.090,	170,  60, 230
0.160, 0.110, 0.090,	170,  60, 230
0.170, 0.110, 0.090,	170,  68, 238
0.180, 0.110, 0.090,	170,  68, 238
0.190, 0.110, 0.090,	170,  68, 238
0.200, 0.110, 0.090,	170,  72, 242
0.120, 0.120, 0.090,	170,  48, 218
0.130, 0.120, 0.090,	170,  56, 226
0.140, 0.120, 0.090,	170,  56, 226
0.150, 0.120, 0.090,	170,  60, 230
0.160, 0.120, 0.090,	170,  60, 230
0.170, 0.120, 0.090,	170,  68, 238
0.180, 0.120, 0.090,	170,  68, 238
0.190, 0.120, 0.090,	170,  68, 238
0.200, 0.120, 0.090,	170,  72, 242
0.130, 0.130, 0.090,	170,  64, 234
0.140, 0.130, 0.090,	170,  64, 234
0.150, 0.130, 0.090,	170,  68, 238
0.160, 0.130, 0.090,	170,  68, 238
0.170, 0.130, 0.090,	170,  76, 246
0.180, 0.130, 0.090,	170,  76, 246
0.190, 0.130, 0.090,	170,  76, 246
0.200, 0.130, 0.090,	170,  80, 250
0.140, 0.140, 0.090,	170,  64, 234
0.150, 0.140, 0.090,	170,  68, 238
0.160, 0.140, 0.090,	170,  68, 238
0.170, 0.140, 0.090,	170,  76, 246
0.180, 0.140, 0.090,	170,  76, 246
0.190, 0.140, 0.090,	170,  76, 246
0.200, 0.140, 0.090,	170,  80, 250
0.150, 0.150, 0.090,	170,  68, 238
0.160, 0.150, 0.090,	170,  68, 238
0.170, 0.150, 0.090,	170,  76, 246
0.180, 0.150, 0.090,	170,  76, 246
0.190, 0.150, 0.090,	170,  76, 246
0.200, 0.150, 0.090,	170,  80, 250
0.160, 0.160, 0.090,	170,  68, 238
0.170, 0.160, 0.090,	170,  76, 246
0.180, 0.160, 0.090,	170,  76, 246
0.190, 0.160, 0.090,	170,  76, 246
0.200, 0.160, 0.090,	170,  80, 250
0.170, 0.170, 0.090,	170,  80, 250
0.180, 0.170, 0.090,	170,  80, 250
0.190, 0.170, 0.090,	170,  80, 250
0.200, 0.170, 0.090,	170,  84, 254
0.180, 0.180, 0.090,	170,  80, 250
0.190, 0.180, 0.090,	170,  80, 250
0.200, 0.180, 0.090,	170,  84, 254
0.190, 0.190, 0.090,	170,  80, 250
0.200, 0.190, 0.090,	170,  84, 254
0.200, 0.200, 0.090,	170,  88, 258
0.100, 0.100, 0.100,	170,  48, 218
0.110, 0.100, 0.100,	170,  48, 218
0.120, 0.100, 0.100,	170,  48, 218
0.130, 0.100, 0.100,	170,  56, 226
0.140, 0.100, 0.100,	170,  56, 226
0.150, 0.100, 0.100,	170,  60, 230
0.160, 0.100, 0.100,	170,  60, 230
0.170, 0.100, 0.100,	170,  68, 238
0.180, 0.100, 0.100,	170,  68, 238
0.190, 0.100, 0.100,	170,  68, 238
0.200, 0.100, 0.100,	170,  72, 242
0.110, 0.110, 0.100,	170,  48, 218
0.120, 0.110, 0.100,	170,  48, 218
0.130, 0.110, 0.100,	170,  56, 226
0.140, 0.110, 0.100,	170,  56, 226
0.150, 0.110, 0.100,	170,  60, 230
0.160, 0.110, 0.100,	170,  60, 230
0.170, 0.110, 0.100,	170,  68, 238
0.180, 0.110, 0.100,	170,  68, 238
0.190, 0.110, 0.100,	170,  68, 238
0.200, 0.110, 0.100,	170,  72, 242
0.120, 0.120, 0.100,	170,  48, 218
0.130, 0.120, 0.100,	170,  56, 226
0.140, 0.120, 0.100,	170,  56, 226
0.150, 0.120, 0.100,	170,  60, 230
0.160, 0.120, 0.100,	170,  60, 230
0.170, 0.120, 0.100,	170,  68, 238
0.180, 0.120, 0.100,	170,  68, 238
0.190, 0.120, 0.100,	170,  68, 238
0.200, 0.120, 0.100,	170,  72, 242
0.130, 0.130, 0.100,	170,  64, 234
0.140, 0.130, 0.100,	170,  64, 234
0.150, 0.130, 0.100,	170,  68, 238
0.160, 0.130, 0.100,	170,  68, 238
0.170, 0.130, 0.100,	170,  76, 246
0.180, 0.130, 0.100,	170,  76, 246
0.190, 0.130, 0.100,	170,  76, 246
0.200, 0.130, 0.100,	170,  80, 250
0.140, 0.140, 0.100,	170,  64, 234
0.150, 0.140, 0.100,	170,  68, 238
0.160, 0.140, 0.100,	170,  68, 238
0.170, 0.140, 0.100,	170,  76, 246
0.180, 0.140, 0.100,	170,  76, 246
0.190, 0.140, 0.100,	170,  76, 246
0.200, 0.140, 0.100,	170,  80, 250
0.150, 0.150, 0.100,	170,  68, 238
0.160, 0.150, 0.100,	170,  68, 238
0.170, 0.150, 0.100,	170,  76, 246
0.180, 0.150, 0.100,	170,  76, 246
0.190, 0.150, 0.100,	170,  76, 246
0.200, 0.150, 0.100,	170,  80, 250
0.160, 0.160, 0.100,	170,  68, 238
0.170, 0.160, 0.100,	170,  76, 246
0.180, 0.160, 0.100,	170,  76, 246
0.190, 0.160, 0.100,	170,  76, 246
0.200, 0.160, 0.100,	170,  80, 250
0.170, 0.170, 0.100,	170,  80, 250
0.180, 0.170, 0.100,	170,  80, 250
0.190, 0.170, 0.100,	170,  80, 250
0.200, 0.170, 0.100,	170,  84, 254
0.180, 0.180, 0.100,	170,  80, 250
0.190, 0.180, 0.100,	170,  80, 250
0.200, 0.180, 0.100,	170,  84, 254
0.190, 0.190, 0.100,	170,  80, 250
0.200, 0.190, 0.100,	170,  84, 254
0.200, 0.200, 0.100,	170,  88, 258
0.110, 0.110, 0.110,	170,  48, 218
0.120, 0.110, 0.110,	170,  48, 218
0.130, 0.110, 0.110,	170,  56, 226
0.140, 0.110, 0.110,	170,  56, 226
0.150, 0.110, 0.110,	170,  60, 230
0.160, 0.110, 0.110,	170,  60, 230
0.170, 0.110, 0.110,	170,  68, 238
0.180, 0.110, 0.110,	170,  68, 238
0.190, 0.110, 0.110,	170,  68, 238
0.200, 0.110, 0.110,	170,  72, 242
0.120, 0.120, 0.110,	170,  48, 218
0.130, 0.120, 0.110,	170,  56, 226
0.140, 0.120, 0.110,	170,  56, 226
0.150, 0.120, 0.110,	170,  60, 230
0.160, 0.120, 0.110,	170,  60, 230
0.170, 0.120, 0.110,	170,  68, 238
0.180, 0.120, 0.110,	170,  68, 238
0.190, 0.120, 0.110,	170,  68, 238
0.200, 0.120, 0.110,	170,  72, 242
0.130, 0.130, 0.110,	170,  64, 234
0.140, 0.130, 0.110,	170,  64, 234
0.150, 0.130, 0.110,	170,  68, 238
0.160, 0.130, 0.110,	170,  68, 238
0.170, 0.130, 0.110,	170,  76, 246
0.180, 0.130, 0.110,	170,  76, 246
0.190, 0.130, 0.110,	170,  76, 246
0.200, 0.130, 0.110,	170,  80, 250
0.140, 0.140, 0.110,	170,  64, 234
0.150, 0.140, 0.110,	170,  68, 238
0.160, 0.140, 0.110,	170,  68, 238
0.170, 0.140, 0.110,	170,  76, 246
0.180, 0.140, 0.110,	170,  76, 246
0.190, 0.140, 0.110,	170,  76, 246
0.200, 0.140, 0.110,	170,  80, 250
0.150, 0.150, 0.110,	170,  68, 238
0.160, 0.150, 0.110,	170,  68, 238
0.170, 0.150, 0.110,	170,  76, 246
0.180, 0.150, 0.110,	170,  76, 246
0.190, 0.150, 0.110,	170,  76, 246
0.200, 0.150, 0.110,	170,  80, 250
0.160, 0.160, 0.110,	170,  68, 238
0.170, 0.160, 0.110,	170,  76, 246
0.180, 0.160, 0.110,	170,  76, 246
0.190, 0.160, 0.110,	170,  76, 246
0.200, 0.160, 0.110,	170,  80, 250
0.170, 0.170, 0.110,	170,  80, 250
0.180, 0.170, 0.110,	170,  80, 250
0.190, 0.170, 0.110,	170,  80, 250
0.200, 0.170, 0.110,	170,  84, 254
0.180, 0.180, 0.110,	170,  80, 250
0.190, 0.180, 0.110,	170,  80, 250
0.200, 0.180, 0.110,	170,  84, 254
0.190, 0.190, 0.110,	170,  80, 250
0.200, 0.190, 0.110,	170,  84, 254
0.200, 0.200, 0.110,	170,  88, 258
0.120, 0.120, 0.120,	170,  48, 218
0.130, 0.120, 0.120,	170,  56, 226
0.140, 0.120, 0.120,	170,  56, 226
0.150, 0.120, 0.120,	170,  60, 230
0.160, 0.120, 0.120,	170,  60, 230
0.170, 0.120, 0.120,	170,  68, 238
0.180, 0.120, 0.120,	170,  68, 238
0.190, 0.120, 0.120,	170,  68, 238
0.200, 0.120, 0.120,	170,  72, 242
0.130, 0.130, 0.120,	170,  64, 234
0.140, 0.130, 0.120,	170,  64, 234
0.150, 0.130, 0.120,	170,  68, 238
0.160, 0.130, 0.120,	170,  68, 238
0.170, 0.130, 0.120,	170,  76, 246
0.180, 0.130, 0.120,	170,  76, 246
0.190, 0.130, 0.120,	170,  76, 246
0.200, 0.130, 0.120,	170,  80, 250
0.140, 0.140, 0.120,	170,  64, 234
0.150, 0.140, 0.120,	170,  68, 238
0.160, 0.140, 0.120,	170,  68, 238
0.170, 0.140, 0.120,	170,  76, 246
0.180, 0.140, 0.120,	170,  76, 246
0.190, 0.140, 0.120,	170,  76, 246
0.200, 0.140, 0.120,	170,  80, 250
0.150, 0.150, 0.120,	170,  68, 238
0.160, 0.150, 0.120,	170,  68, 238
0.170, 0.150, 0.120,	170,  76, 246
0.180, 0.150, 0.120,	170,  76, 246
0.190, 0.150, 0.120,	170,  76, 246
0.200, 0.150, 0.120,	170,  80, 250
0.160, 0.160, 0.120,	170,  68, 238
0.170, 0.160, 0.120,	170,  76, 246
0.180, 0.160, 0.120,	170,  76, 246
0.190, 0.160, 0.120,	170,  76, 246
0.200, 0.160, 0.120,	170,  80, 250
0.170, 0.170, 0.120,	170,  80, 250
0.180, 0.170, 0.120,	170,  80, 250
0.190, 0.170, 0.120,	170,  80, 250
0.200, 0.170, 0.120,	170,  84, 254
0.180, 0.180, 0.120,	170,  80, 250
0.190, 0.180, 0.120,	170,  80, 250
0.200, 0.180, 0.120,	170,  84, 254
0.190, 0.190, 0.120,	170,  80, 250
0.200, 0.190, 0.120,	170,  84, 254
0.200, 0.200, 0.120,	170,  88, 258
0.130, 0.130, 0.130,	170,  96, 266
0.140, 0.130, 0.130,	170,  96, 266
0.150, 0.130, 0.130,	170, 100, 270
0.160, 0.130, 0.130,	170, 100, 270
0.170, 0.130, 0.130,	170, 108, 278
0.180, 0.130, 0.130,	170, 108, 278
0.190, 0.130, 0.130,	170, 108, 278
0.200, 0.130, 0.130,	170, 112, 282
0.140, 0.140, 0.130,	170,  96, 266
0.150, 0.140, 0.130,	170, 100, 270
0.160, 0.140, 0.130,	170, 100, 270
0.170, 0.140, 0.130,	170, 108, 278
0.180, 0.140, 0.130,	170, 108, 278
0.190, 0.140, 0.130,	170, 108, 278
0.200, 0.140, 0.130,	170, 112, 282
0.150, 0.150, 0.130,	170, 100, 270
0.160, 0.150, 0.130,	170, 100, 270
0.170, 0.150, 0.130,	170, 108, 278
0.180, 0.150, 0.130,	170, 108, 278
0.190, 0.150, 0.130,	170, 108, 278
0.200, 0.150, 0.130,	170, 112, 282
0.160, 0.160, 0.130,	170, 100, 270
0.170, 0.160, 0.130,	170, 108, 278
0.180, 0.160, 0.130,	170, 108, 278
0.190, 0.160, 0.130,	170, 108, 278
0.200, 0.160, 0.130,	170, 112, 282
0.170, 0.170, 0.130,	170, 112, 282
0.180, 0.170, 0.130,	170, 112, 282
0.190, 0.170, 0.130,	170, 112, 282
0.200, 0.170, 0.130,	170, 116, 286
0.180, 0.180, 0.130,	170, 112, 282
0.190, 0.180, 0.130,	170, 112, 282
0.200, 0.180, 0.130,	170, 116, 286
0.190, 0.190, 0.130,	170, 112, 282
0.200, 0.190, 0.130,	170, 116, 286
0.200, 0.200, 0.130,	170, 120, 290
0.140, 0.140, 0.140,	170,  96, 266
0.150, 0.140, 0.140,	170, 100, 270
0.160, 0.140, 0.140,	170, 100, 270
0.170, 0.140, 0.140,	170, 108, 278
0.180, 0.140, 0.140,	170, 108, 278
0.190, 0.140, 0.140,	170, 108, 278
0.200, 0.140, 0.140,	170, 112, 282
0.150, 0.150, 0.140,	170, 100, 270
0.160, 0.150, 0.140,	170, 100, 270
0.170, 0.150, 0.140,	170, 108, 278
0.180, 0.150, 0.140,	170, 108, 278
0.190, 0.150, 0.140,	170, 108, 278
0.200, 0.150, 0.140,	170, 112, 282
0.160, 0.160, 0.140,	170, 100, 270
0.170, 0.160, 0.140,	170, 108, 278
0.180, 0.160, 0.140,	170, 108, 278
0.190, 0.160, 0.140,	170, 108, 278
0.200, 0.160, 0.140,	170, 112, 282
0.170, 0.170, 0.140,	170, 112, 282
0.180, 0.170, 0.140,	170, 112, 282
0.190, 0.170, 0.140,	170, 112, 282
0.200, 0.170, 0.140,	170, 116, 286
0.180, 0.180, 0.140,	170, 112, 282
0.190, 0.180, 0.140,	170, 112, 282
0.200, 0.180, 0.140,	170, 116, 286
0.190, 0.190, 0.140,	170, 112, 282
0.200, 0.190, 0.140,	170, 116, 286
0.200, 0.200, 0.140,	170, 120, 290
0.150, 0.150, 0.150,	170, 116, 286
0.160, 0.150, 0.150,	170, 116, 286
0.170, 0.150, 0.150,	170, 124, 294
0.180, 0.150, 0.150,	170, 124, 294
0.190, 0.150, 0.150,	170, 124, 294
0.200, 0.150, 0.150,	170, 128, 298
0.160, 0.160, 0.150,	170, 116, 286
0.170, 0.160, 0.150,	170, 124, 294
0.180, 0.160, 0.150,	170, 124, 294
0.190, 0.160, 0.150,	170, 124, 294
0.200, 0.160, 0.150,	170, 128, 298
0.170, 0.170, 0.150,	170, 128, 298
0.180, 0.170, 0.150,	170, 128, 298
0.190, 0.170, 0.150,	170, 128, 298
0.200, 0.170, 0.150,	170, 132, 302
0.180, 0.180, 0.150,	170, 128, 298
0.190, 0.180, 0.150,	170, 128, 298
0.200, 0.180, 0.150,	170, 132, 302
0.190, 0.190, 0.150,	170, 128, 298
0.200, 0.190, 0.150,	170, 132, 302
0.200, 0.200, 0.150,	170, 136, 306
0.160, 0.160, 0.160,	170, 116, 286
0.170, 0.160, 0.160,	170, 124, 294
0.180, 0.160, 0.160,	170, 124, 294
0.190, 0.160, 0.160,	170, 124, 294
0.200, 0.160, 0.160,	170, 128, 298
0.170, 0.170, 0.160,	170, 128, 298
0.180, 0.170, 0.160,	170, 128, 298
0.190, 0.170, 0.160,	170, 128, 298
0.200, 0.170, 0.160,	170, 132, 302
0.180, 0.180, 0.160,	170, 128, 298
0.190, 0.180, 0.160,	170, 128, 298
0.200, 0.180, 0.160,	170, 132, 302
0.190, 0.190, 0.160,	170, 128, 298
0.200, 0.190, 0.160,	170, 132, 302
0.200, 0.200, 0.160,	170, 136, 306
0.170, 0.170, 0.170,	170, 160, 330
0.180, 0.170, 0.170,	170, 160, 330
0.190, 0.170, 0.170,	170, 160, 330
0.200, 0.170, 0.170,	170, 164, 334
0.180, 0.180, 0.170,	170, 160, 330
0.190, 0.180, 0.170,	170, 160, 330
0.200, 0.180, 0.170,	170, 164, 334
0.190, 0.190, 0.170,	170, 160, 330
0.200, 0.190, 0.170,	170, 164, 334
0.200, 0.200, 0.170,	170, 168, 338
0.180, 0.180, 0.180,	170, 160, 330
0.190, 0.180, 0.180,	170, 160, 330
0.200, 0.180, 0.180,	170, 164, 334
0.190, 0.190, 0.180,	170, 160, 330
0.200, 0.190, 0.180,	170, 164, 334
0.200, 0.200, 0.180,	170, 168, 338
0.190, 0.190, 0.190,	170, 160, 330
0.200, 0.190, 0.190,	170, 164, 334
0.200, 0.200, 0.190,	170, 168, 338
0.200, 0.200, 0.200,	170, 184, 354
