order = 31
 ref0,  ref1,  ref2,    nR,  nG, nDir
0.000, 0.000, 0.000,	350,   0, 350
0.010, 0.000, 0.000,	350,   0, 350
0.020, 0.000, 0.000,	350,   0, 350
0.030, 0.000, 0.000,	350,   4, 354
0.040, 0.000, 0.000,	350,   4, 354
0.050, 0.000, 0.000,	350,   4, 354
0.060, 0.000, 0.000,	350,   8, 358
0.070, 0.000, 0.000,	350,   8, 358
0.080, 0.000, 0.000,	350,   8, 358
0.090, 0.000, 0.000,	350,   8, 358
0.100, 0.000, 0.000,	350,  16, 366
0.110, 0.000, 0.000,	350,  24, 374
0.120, 0.000, 0.000,	350,  24, 374
0.130, 0.000, 0.000,	350,  24, 374
0.140, 0.000, 0.000,	350,  32, 382
0.150, 0.000, 0.000,	350,  40, 390
0.160, 0.000, 0.000,	350,  40, 390
0.170, 0.000, 0.000,	350,  44, 394
0.180, 0.000, 0.000,	350,  60, 410
0.190, 0.000, 0.000,	350,  60, 410
0.200, 0.000, 0.000,	350,  60, 410
0.010, 0.010, 0.000,	350,   0, 350
0.020, 0.010, 0.000,	350,   0, 350
0.030, 0.010, 0.000,	350,   4, 354
0.040, 0.010, 0.000,	350,   4, 354
0.050, 0.010, 0.000,	350,   4, 354
0.060, 0.010, 0.000,	350,   8, 358
0.070, 0.010, 0.000,	350,   8, 358
0.080, 0.010, 0.000,	350,   8, 358
0.090, 0.010, 0.000,	350,   8, 358
0.100, 0.010, 0.000,	350,  16, 366
0.110, 0.010, 0.000,	350,  24, 374
0.120, 0.010, 0.000,	350,  24, 374
0.130, 0.010, 0.000,	350,  24, 374
0.140, 0.010, 0.000,	350,  32, 382
0.150, 0.010, 0.000,	350,  40, 390
0.160, 0.010, 0.000,	350,  40, 390
0.170, 0.010, 0.000,	350,  44, 394
0.180, 0.010, 0.000,	350,  60, 410
0.190, 0.010, 0.000,	350,  60, 410
0.200, 0.010, 0.000,	350,  60, 410
0.020, 0.020, 0.000,	350,   0, 350
0.030, 0.020, 0.000,	350,   4, 354
0.040, 0.020, 0.000,	350,   4, 354
0.050, 0.020, 0.000,	350,   4, 354
0.060, 0.020, 0.000,	350,   8, 358
0.070, 0.020, 0.000,	350,   8, 358
0.080, 0.020, 0.000,	350,   8, 358
0.090, 0.020, 0.000,	350,   8, 358
0.100, 0.020, 0.000,	350,  16, 366
0.110, 0.020, 0.000,	350,  24, 374
0.120, 0.020, 0.000,	350,  24, 374
0.130, 0.020, 0.000,	350,  24, 374
0.140, 0.020, 0.000,	350,  32, 382
0.150, 0.020, 0.000,	350,  40, 390
0.160, 0.020, 0.000,	350,  40, 390
0.170, 0.020, 0.000,	350,  44, 394
0.180, 0.020, 0.000,	350,  60, 410
0.190, 0.020, 0.000,	350,  60, 410
0.200, 0.020, 0.000,	350,  60, 410
0.030, 0.030, 0.000,	350,   8, 358
0.040, 0.030, 0.000,	350,   8, 358
0.050, 0.030, 0.000,	350,   8, 358
0.060, 0.030, 0.000,	350,  12, 362
0.070, 0.030, 0.000,	350,  12, 362
0.080, 0.030, 0.000,	350,  12, 362
0.090, 0.030, 0.000,	350,  12, 362
0.100, 0.030, 0.000,	350,  20, 370
0.110, 0.030, 0.000,	350,  28, 378
0.120, 0.030, 0.000,	350,  28, 378
0.130, 0.030, 0.000,	350,  28, 378
0.140, 0.030, 0.000,	350,  36, 386
0.150, 0.030, 0.000,	350,  44, 394
0.160, 0.030, 0.000,	350,  44, 394
0.170, 0.030, 0.000,	350,  48, 398
0.180, 0.030, 0.000,	350,  64, 414
0.190, 0.030, 0.000,	350,  64, 414
0.200, 0.030, 0.000,	350,  64, 414
0.040, 0.040, 0.000,	350,   8, 358
0.050, 0.040, 0.000,	350,   8, 358
0.060, 0.040, 0.000,	350,  12, 362
0.070, 0.040, 0.000,	350,  12, 362
0.080, 0.040, 0.000,	350,  12, 362
0.090, 0.040, 0.000,	350,  12, 362
0.100, 0.040, 0.000,	350,  20, 370
0.110, 0.040, 0.000,	350,  28, 378
0.120, 0.040, 0.000,	350,  28, 378
0.130, 0.040, 0.000,	350,  28, 378
0.140, 0.040, 0.000,	350,  36, 386
0.150, 0.040, 0.000,	350,  44, 394
0.160, 0.040, 0.000,	350,  44, 394
0.170, 0.040, 0.000,	350,  48, 398
0.180, 0.040, 0.000,	350,  64, 414
0.190, 0.040, 0.000,	350,  64, 414
0.200, 0.040, 0.000,	350,  64, 414
0.050, 0.050, 0.000,	350,   8, 358
0.060, 0.050, 0.000,	350,  12, 362
0.070, 0.050, 0.000,	350,  12, 362
0.080, 0.050, 0.000,	350,  12, 362
0.090, 0.050, 0.000,	350,  12, 362
0.100, 0.050, 0.000,	350,  20, 370
0.110, 0.050, 0.000,	350,  28, 378
0.120, 0.050, 0.000,	350,  28, 378
0.130, 0.050, 0.000,	350,  28, 378
0.140, 0.050, 0.000,	350,  36, 386
0.150, 0.050, 0.000,	350,  44, 394
0.160, 0.050, 0.000,	350,  44, 394
0.170, 0.050, 0.000,	350,  48, 398
0.180, 0.050, 0.000,	350,  64, 414
0.190, 0.050, 0.000,	350,  64, 414
0.200, 0.050, 0.000,	350,  64, 414
0.060, 0.060, 0.000,	350,  16, 366
0.070, 0.060, 0.000,	350,  16, 366
0.080, 0.060, 0.000,	350,  16, 366
0.090, 0.060, 0.000,	350,  16, 366
0.100, 0.060, 0.000,	350,  24, 374
0.110, 0.060, 0.000,	350,  32, 382
0.120, 0.060, 0.000,	350,  32, 382
0.130, 0.060, 0.000,	350,  32, 382
0.140, 0.060, 0.000,	350,  40, 390
0.150, 0.060, 0.000,	350,  48, 398
0.160, 0.060, 0.000,	350,  48, 398
0.170, 0.060, 0.000,	350,  52, 402
0.180, 0.060, 0.000,	350,  68, 418
0.190, 0.060, 0.000,	350,  68, 418
0.200, 0.060, 0.000,	350,  68, 418
0.070, 0.070, 0.000,	350,  16, 366
0.080, 0.070, 0.000,	350,  16, 366
0.090, 0.070, 0.000,	350,  16, 366
0.100, 0.070, 0.000,	350,  24, 374
0.110, 0.070, 0.000,	350,  32, 382
0.120, 0.070, 0.000,	350,  32, 382
0.130, 0.070, 0.000,	350,  32, 382
0.140, 0.070, 0.000,	350,  40, 390
0.150, 0.070, 0.000,	350,  48, 398
0.160, 0.070, 0.000,	350,  48, 398
0.170, 0.070, 0.000,	350,  52, 402
0.180, 0.070, 0.000,	350,  68, 418
0.190, 0.070, 0.000,	350,  68, 418
0.200, 0.070, 0.000,	350,  68, 418
0.080, 0.080, 0.000,	350,  16, 366
0.090, 0.080, 0.000,	350,  16, 366
0.100, 0.080, 0.000,	350,  24, 374
0.110, 0.080, 0.000,	350,  32, 382
0.120, 0.080, 0.000,	350,  32, 382
0.130, 0.080, 0.000,	350,  32, 382
0.140, 0.080, 0.000,	350,  40, 390
0.150, 0.080, 0.000,	350,  48, 398
0.160, 0.080, 0.000,	350,  48, 398
0.170, 0.080, 0.000,	350,  52, 402
0.180, 0.080, 0.000,	350,  68, 418
0.190, 0.080, 0.000,	350,  68, 418
0.200, 0.080, 0.000,	350,  68, 418
0.090, 0.090, 0.000,	350,  16, 366
0.100, 0.090, 0.000,	350,  24, 374
0.110, 0.090, 0.000,	350,  32, 382
0.120, 0.090, 0.000,	350,  32, 382
0.130, 0.090, 0.000,	350,  32, 382
0.140, 0.090, 0.000,	350,  40, 390
0.150, 0.090, 0.000,	350,  48, 398
0.160, 0.090, 0.000,	350,  48, 398
0.170, 0.090, 0.000,	350,  52, 402
0.180, 0.090, 0.000,	350,  68, 418
0.190, 0.090, 0.000,	350,  68, 418
0.200, 0.090, 0.000,	350,  68, 418
0.100, 0.100, 0.000,	350,  32, 382
0.110, 0.100, 0.000,	350,  40, 390
0.120, 0.100, 0.000,	350,  40, 390
0.130, 0.100, 0.000,	350,  40, 390
0.140, 0.100, 0.000,	350,  48, 398
0.150, 0.100, 0.000,	350,  56, 406
0.160, 0.100, 0.000,	350,  56, 406
0.170, 0.100, 0.000,	350,  60, 410
0.180, 0.100, 0.000,	350,  76, 426
0.190, 0.100, 0.000,	350,  76, 426
0.200, 0.100, 0.000,	350,  76, 426
0.110, 0.110, 0.000,	350,  44, 394
0.120, 0.110, 0.000,	350,  44, 394
0.130, 0.110, 0.000,	350,  44, 394
0.140, 0.110, 0.000,	350,  52, 402
0.150, 0.110, 0.000,	350,  60, 410
0.160, 0.110, 0.000,	350,  60, 410
0.170, 0.110, 0.000,	350,  64, 414
0.180, 0.110, 0.000,	350,  80, 430
0.190, 0.110, 0.000,	350,  80, 430
0.200, 0.110, 0.000,	350,  80, 430
0.120, 0.120, 0.000,	350,  44, 394
0.130, 0.120, 0.000,	350,  44, 394
0.140, 0.120, 0.000,	350,  52, 402
0.150, 0.120, 0.000,	350,  60, 410
0.160, 0.120, 0.000,	350,  60, 410
0.170, 0.120, 0.000,	350,  64, 414
0.180, 0.120, 0.000,	350,  80, 430
0.190, 0.120, 0.000,	350,  80, 430
0.200, 0.120, 0.000,	350,  80, 430
0.130, 0.130, 0.000,	350,  44, 394
0.140, 0.130, 0.000,	350,  52, 402
0.150, 0.130, 0.000,	350,  60, 410
0.160, 0.130, 0.000,	350,  60, 410
0.170, 0.130, 0.000,	350,  64, 414
0.180, 0.130, 0.000,	350,  80, 430
0.190, 0.130, 0.000,	350,  80, 430
0.200, 0.130, 0.000,	350,  80, 430
0.140, 0.140, 0.000,	350,  56, 406
0.150, 0.140, 0.000,	350,  64, 414
0.160, 0.140, 0.000,	350,  64, 414
0.170, 0.140, 0.000,	350,  68, 418
0.180, 0.140, 0.000,	350,  84, 434
0.190, 0.140, 0.000,	350,  84, 434
0.200, 0.140, 0.000,	350,  84, 434
0.150, 0.150, 0.000,	350,  72, 422
0.160, 0.150, 0.000,	350,  72, 422
0.170, 0.150, 0.000,	350,  76, 426
0.180, 0.150, 0.000,	350,  92, 442
0.190, 0.150, 0.000,	350,  92, 442
0.200, 0.150, 0.000,	350,  92, 442
0.160, 0.160, 0.000,	350,  72, 422
0.170, 0.160, 0.000,	350,  76, 426
0.180, 0.160, 0.000,	350,  92, 442
0.190, 0.160, 0.000,	350,  92, 442
0.200, 0.160, 0.000,	350,  92, 442
0.170, 0.170, 0.000,	350,  76, 426
0.180, 0.170, 0.000,	350,  92, 442
0.190, 0.170, 0.000,	350,  92, 442
0.200, 0.170, 0.000,	350,  92, 442
0.180, 0.180, 0.000,	350, 100, 450
0.190, 0.180, 0.000,	350, 100, 450
0.200, 0.180, 0.000,	350, 100, 450
0.190, 0.190, 0.000,	350, 100, 450
0.200, 0.190, 0.000,	350, 100, 450
0.200, 0.200, 0.000,	350, 100, 450
0.010, 0.010, 0.010,	350,   0, 350
0.020, 0.010, 0.010,	350,   0, 350
0.030, 0.010, 0.010,	350,   4, 354
0.040, 0.010, 0.010,	350,   4, 354
0.050, 0.010, 0.010,	350,   4, 354
0.060, 0.010, 0.010,	350,   8, 358
0.070, 0.010, 0.010,	350,   8, 358
0.080, 0.010, 0.010,	350,   8, 358
0.090, 0.010, 0.010,	350,   8, 358
0.100, 0.010, 0.010,	350,  16, 366
0.110, 0.010, 0.010,	350,  24, 374
0.120, 0.010, 0.010,	350,  24, 374
0.130, 0.010, 0.010,	350,  24, 374
0.140, 0.010, 0.010,	350,  32, 382
0.150, 0.010, 0.010,	350,  40, 390
0.160, 0.010, 0.010,	350,  40, 390
0.170, 0.010, 0.010,	350,  44, 394
0.180, 0.010, 0.010,	350,  60, 410
0.190, 0.010, 0.010,	350,  60, 410
0.200, 0.010, 0.010,	350,  60, 410
0.020, 0.020, 0.010,	350,   0, 350
0.030, 0.020, 0.010,	350,   4, 354
0.040, 0.020, 0.010,	350,   4, 354
0.050, 0.020, 0.010,	350,   4, 354
0.060, 0.020, 0.010,	350,   8, 358
0.070, 0.020, 0.010,	350,   8, 358
0.080, 0.020, 0.010,	350,   8, 358
0.090, 0.020, 0.010,	350,   8, 358
0.100, 0.020, 0.010,	350,  16, 366
0.110, 0.020, 0.010,	350,  24, 374
0.120, 0.020, 0.010,	350,  24, 374
0.130, 0.020, 0.010,	350,  24, 374
0.140, 0.020, 0.010,	350,  32, 382
0.150, 0.020, 0.010,	350,  40, 390
0.160, 0.020, 0.010,	350,  40, 390
0.170, 0.020, 0.010,	350,  44, 394
0.180, 0.020, 0.010,	350,  60, 410
0.190, 0.020, 0.010,	350,  60, 410
0.200, 0.020, 0.010,	350,  60, 410
0.030, 0.030, 0.010,	350,   8, 358
0.040, 0.030, 0.010,	350,   8, 358
0.050, 0.030, 0.010,	350,   8, 358
0.060, 0.030, 0.010,	350,  12, 362
0.070, 0.030, 0.010,	350,  12, 362
0.080, 0.030, 0.010,	350,  12, 362
0.090, 0.030, 0.010,	350,  12, 362
0.100, 0.030, 0.010,	350,  20, 370
0.110, 0.030, 0.010,	350,  28, 378
0.120, 0.030, 0.010,	350,  28, 378
0.130, 0.030, 0.010,	350,  28, 378
0.140, 0.030, 0.010,	350,  36, 386
0.150, 0.030, 0.010,	350,  44, 394
0.160, 0.030, 0.010,	350,  44, 394
0.170, 0.030, 0.010,	350,  48, 398
0.180, 0.030, 0.010,	350,  64, 414
0.190, 0.030, 0.010,	350,  64, 414
0.200, 0.030, 0.010,	350,  64, 414
0.040, 0.040, 0.010,	350,   8, 358
0.050, 0.040, 0.010,	350,   8, 358
0.060, 0.040, 0.010,	350,  12, 362
0.070, 0.040, 0.010,	350,  12, 362
0.080, 0.040, 0.010,	350,  12, 362
0.090, 0.040, 0.010,	350,  12, 362
0.100, 0.040, 0.010,	350,  20, 370
0.110, 0.040, 0.010,	350,  28, 378
0.120, 0.040, 0.010,	350,  28, 378
0.130, 0.040, 0.010,	350,  28, 378
0.140, 0.040, 0.010,	350,  36, 386
0.150, 0.040, 0.010,	350,  44, 394
0.160, 0.040, 0.010,	350,  44, 394
0.170, 0.040, 0.010,	350,  48, 398
0.180, 0.040, 0.010,	350,  64, 414
0.190, 0.040, 0.010,	350,  64, 414
0.200, 0.040, 0.010,	350,  64, 414
0.050, 0.050, 0.010,	350,   8, 358
0.060, 0.050, 0.010,	350,  12, 362
0.070, 0.050, 0.010,	350,  12, 362
0.080, 0.050, 0.010,	350,  12, 362
0.090, 0.050, 0.010,	350,  12, 362
0.100, 0.050, 0.010,	350,  20, 370
0.110, 0.050, 0.010,	350,  28, 378
0.120, 0.050, 0.010,	350,  28, 378
0.130, 0.050, 0.010,	350,  28, 378
0.140, 0.050, 0.010,	350,  36, 386
0.150, 0.050, 0.010,	350,  44, 394
0.160, 0.050, 0.010,	350,  44, 394
0.170, 0.050, 0.010,	350,  48, 398
0.180, 0.050, 0.010,	350,  64, 414
0.190, 0.050, 0.010,	350,  64, 414
0.200, 0.050, 0.010,	350,  64, 414
0.060, 0.060, 0.010,	350,  16, 366
0.070, 0.060, 0.010,	350,  16, 366
0.080, 0.060, 0.010,	350,  16, 366
0.090, 0.060, 0.010,	350,  16, 366
0.100, 0.060, 0.010,	350,  24, 374
0.110, 0.060, 0.010,	350,  32, 382
0.120, 0.060, 0.010,	350,  32, 382
0.130, 0.060, 0.010,	350,  32, 382
0.140, 0.060, 0.010,	350,  40, 390
0.150, 0.060, 0.010,	350,  48, 398
0.160, 0.060, 0.010,	350,  48, 398
0.170, 0.060, 0.010,	350,  52, 402
0.180, 0.060, 0.010,	350,  68, 418
0.190, 0.060, 0.010,	350,  68, 418
0.200, 0.060, 0.010,	350,  68, 418
0.070, 0.070, 0.010,	350,  16, 366
0.080, 0.070, 0.010,	350,  16, 366
0.090, 0.070, 0.010,	350,  16, 366
0.100, 0.070, 0.010,	350,  24, 374
0.110, 0.070, 0.010,	350,  32, 382
0.120, 0.070, 0.010,	350,  32, 382
0.130, 0.070, 0.010,	350,  32, 382
0.140, 0.070, 0.010,	350,  40, 390
0.150, 0.070, 0.010,	350,  48, 398
0.160, 0.070, 0.010,	350,  48, 398
0.170, 0.070, 0.010,	350,  52, 402
0.180, 0.070, 0.010,	350,  68, 418
0.190, 0.070, 0.010,	350,  68, 418
0.200, 0.070, 0.010,	350,  68, 418
0.080, 0.080, 0.010,	350,  16, 366
0.090, 0.080, 0.010,	350,  16, 366
0.100, 0.080, 0.010,	350,  24, 374
0.110, 0.080, 0.010,	350,  32, 382
0.120, 0.080, 0.010,	350,  32, 382
0.130, 0.080, 0.010,	350,  32, 382
0.140, 0.080, 0.010,	350,  40, 390
0.150, 0.080, 0.010,	350,  48, 398
0.160, 0.080, 0.010,	350,  48, 398
0.170, 0.080, 0.010,	350,  52, 402
0.180, 0.080, 0.010,	350,  68, 418
0.190, 0.080, 0.010,	350,  68, 418
0.200, 0.080, 0.010,	350,  68, 418
0.090, 0.090, 0.010,	350,  16, 366
0.100, 0.090, 0.010,	350,  24, 374
0.110, 0.090, 0.010,	350,  32, 382
0.120, 0.090, 0.010,	350,  32, 382
0.130, 0.090, 0.010,	350,  32, 382
0.140, 0.090, 0.010,	350,  40, 390
0.150, 0.090, 0.010,	350,  48, 398
0.160, 0.090, 0.010,	350,  48, 398
0.170, 0.090, 0.010,	350,  52, 402
0.180, 0.090, 0.010,	350,  68, 418
0.190, 0.090, 0.010,	350,  68, 418
0.200, 0.090, 0.010,	350,  68, 418
0.100, 0.100, 0.010,	350,  32, 382
0.110, 0.100, 0.010,	350,  40, 390
0.120, 0.100, 0.010,	350,  40, 390
0.130, 0.100, 0.010,	350,  40, 390
0.140, 0.100, 0.010,	350,  48, 398
0.150, 0.100, 0.010,	350,  56, 406
0.160, 0.100, 0.010,	350,  56, 406
0.170, 0.100, 0.010,	350,  60, 410
0.180, 0.100, 0.010,	350,  76, 426
0.190, 0.100, 0.010,	350,  76, 426
0.200, 0.100, 0.010,	350,  76, 426
0.110, 0.110, 0.010,	350,  44, 394
0.120, 0.110, 0.010,	350,  44, 394
0.130, 0.110, 0.010,	350,  44, 394
0.140, 0.110, 0.010,	350,  52, 402
0.150, 0.110, 0.010,	350,  60, 410
0.160, 0.110, 0.010,	350,  60, 410
0.170, 0.110, 0.010,	350,  64, 414
0.180, 0.110, 0.010,	350,  80, 430
0.190, 0.110, 0.010,	350,  80, 430
0.200, 0.110, 0.010,	350,  80, 430
0.120, 0.120, 0.010,	350,  44, 394
0.130, 0.120, 0.010,	350,  44, 394
0.140, 0.120, 0.010,	350,  52, 402
0.150, 0.120, 0.010,	350,  60, 410
0.160, 0.120, 0.010,	350,  60, 410
0.170, 0.120, 0.010,	350,  64, 414
0.180, 0.120, 0.010,	350,  80, 430
0.190, 0.120, 0.010,	350,  80, 430
0.200, 0.120, 0.010,	350,  80, 430
0.130, 0.130, 0.010,	350,  44, 394
0.140, 0.130, 0.010,	350,  52, 402
0.150, 0.130, 0.010,	350,  60, 410
0.160, 0.130, 0.010,	350,  60, 410
0.170, 0.130, 0.010,	350,  64, 414
0.180, 0.130, 0.010,	350,  80, 430
0.190, 0.130, 0.010,	350,  80, 430
0.200, 0.130, 0.010,	350,  80, 430
0.140, 0.140, 0.010,	350,  56, 406
0.150, 0.140, 0.010,	350,  64, 414
0.160, 0.140, 0.010,	350,  64, 414
0.170, 0.140, 0.010,	350,  68, 418
0.180, 0.140, 0.010,	350,  84, 434
0.190, 0.140, 0.010,	350,  84, 434
0.200, 0.140, 0.010,	350,  84, 434
0.150, 0.150, 0.010,	350,  72, 422
0.160, 0.150, 0.010,	350,  72, 422
0.170, 0.150, 0.010,	350,  76, 426
0.180, 0.150, 0.010,	350,  92, 442
0.190, 0.150, 0.010,	350,  92, 442
0.200, 0.150, 0.010,	350,  92, 442
0.160, 0.160, 0.010,	350,  72, 422
0.170, 0.160, 0.010,	350,  76, 426
0.180, 0.160, 0.010,	350,  92, 442
0.190, 0.160, 0.010,	350,  92, 442
0.200, 0.160, 0.010,	350,  92, 442
0.170, 0.170, 0.010,	350,  76, 426
0.180, 0.170, 0.010,	350,  92, 442
0.190, 0.170, 0.010,	350,  92, 442
0.200, 0.170, 0.010,	350,  92, 442
0.180, 0.180, 0.010,	350, 100, 450
0.190, 0.180, 0.010,	350, 100, 450
0.200, 0.180, 0.010,	350, 100, 450
0.190, 0.190, 0.010,	350, 100, 450
0.200, 0.190, 0.010,	350, 100, 450
0.200, 0.200, 0.010,	350, 100, 450
0.020, 0.020, 0.020,	350,   0, 350
0.030, 0.020, 0.020,	350,   4, 354
0.040, 0.020, 0.020,	350,   4, 354
0.050, 0.020, 0.020,	350,   4, 354
0.060, 0.020, 0.020,	350,   8, 358
0.070, 0.020, 0.020,	350,   8, 358
0.080, 0.020, 0.020,	350,   8, 358
0.090, 0.020, 0.020,	350,   8, 358
0.100, 0.020, 0.020,	350,  16, 366
0.110, 0.020, 0.020,	350,  24, 374
0.120, 0.020, 0.020,	350,  24, 374
0.130, 0.020, 0.020,	350,  24, 374
0.140, 0.020, 0.020,	350,  32, 382
0.150, 0.020, 0.020,	350,  40, 390
0.160, 0.020, 0.020,	350,  40, 390
0.170, 0.020, 0.020,	350,  44, 394
0.180, 0.020, 0.020,	350,  60, 410
0.190, 0.020, 0.020,	350,  60, 410
0.200, 0.020, 0.020,	350,  60, 410
0.030, 0.030, 0.020,	350,   8, 358
0.040, 0.030, 0.020,	350,   8, 358
0.050, 0.030, 0.020,	350,   8, 358
0.060, 0.030, 0.020,	350,  12, 362
0.070, 0.030, 0.020,	350,  12, 362
0.080, 0.030, 0.020,	350,  12, 362
0.090, 0.030, 0.020,	350,  12, 362
0.100, 0.030, 0.020,	350,  20, 370
0.110, 0.030, 0.020,	350,  28, 378
0.120, 0.030, 0.020,	350,  28, 378
0.130, 0.030, 0.020,	350,  28, 378
0.140, 0.030, 0.020,	350,  36, 386
0.150, 0.030, 0.020,	350,  44, 394
0.160, 0.030, 0.020,	350,  44, 394
0.170, 0.030, 0.020,	350,  48, 398
0.180, 0.030, 0.020,	350,  64, 414
0.190, 0.030, 0.020,	350,  64, 414
0.200, 0.030, 0.020,	350,  64, 414
0.040, 0.040, 0.020,	350,   8, 358
0.050, 0.040, 0.020,	350,   8, 358
0.060, 0.040, 0.020,	350,  12, 362
0.070, 0.040, 0.020,	350,  12, 362
0.080, 0.040, 0.020,	350,  12, 362
0.090, 0.040, 0.020,	350,  12, 362
0.100, 0.040, 0.020,	350,  20, 370
0.110, 0.040, 0.020,	350,  28, 378
0.120, 0.040, 0.020,	350,  28, 378
0.130, 0.040, 0.020,	350,  28, 378
0.140, 0.040, 0.020,	350,  36, 386
0.150, 0.040, 0.020,	350,  44, 394
0.160, 0.040, 0.020,	350,  44, 394
0.170, 0.040, 0.020,	350,  48, 398
0.180, 0.040, 0.020,	350,  64, 414
0.190, 0.040, 0.020,	350,  64, 414
0.200, 0.040, 0.020,	350,  64, 414
0.050, 0.050, 0.020,	350,   8, 358
0.060, 0.050, 0.020,	350,  12, 362
0.070, 0.050, 0.020,	350,  12, 362
0.080, 0.050, 0.020,	350,  12, 362
0.090, 0.050, 0.020,	350,  12, 362
0.100, 0.050, 0.020,	350,  20, 370
0.110, 0.050, 0.020,	350,  28, 378
0.120, 0.050, 0.020,	350,  28, 378
0.130, 0.050, 0.020,	350,  28, 378
0.140, 0.050, 0.020,	350,  36, 386
0.150, 0.050, 0.020,	350,  44, 394
0.160, 0.050, 0.020,	350,  44, 394
0.170, 0.050, 0.020,	350,  48, 398
0.180, 0.050, 0.020,	350,  64, 414
0.190, 0.050, 0.020,	350,  64, 414
0.200, 0.050, 0.020,	350,  64, 414
0.060, 0.060, 0.020,	350,  16, 366
0.070, 0.060, 0.020,	350,  16, 366
0.080, 0.060, 0.020,	350,  16, 366
0.090, 0.060, 0.020,	350,  16, 366
0.100, 0.060, 0.020,	350,  24, 374
0.110, 0.060, 0.020,	350,  32, 382
0.120, 0.060, 0.020,	350,  32, 382
0.130, 0.060, 0.020,	350,  32, 382
0.140, 0.060, 0.020,	350,  40, 390
0.150, 0.060, 0.020,	350,  48, 398
0.160, 0.060, 0.020,	350,  48, 398
0.170, 0.060, 0.020,	350,  52, 402
0.180, 0.060, 0.020,	350,  68, 418
0.190, 0.060, 0.020,	350,  68, 418
0.200, 0.060, 0.020,	350,  68, 418
0.070, 0.070, 0.020,	350,  16, 366
0.080, 0.070, 0.020,	350,  16, 366
0.090, 0.070, 0.020,	350,  16, 366
0.100, 0.070, 0.020,	350,  24, 374
0.110, 0.070, 0.020,	350,  32, 382
0.120, 0.070, 0.020,	350,  32, 382
0.130, 0.070, 0.020,	350,  32, 382
0.140, 0.070, 0.020,	350,  40, 390
0.150, 0.070, 0.020,	350,  48, 398
0.160, 0.070, 0.020,	350,  48, 398
0.170, 0.070, 0.020,	350,  52, 402
0.180, 0.070, 0.020,	350,  68, 418
0.190, 0.070, 0.020,	350,  68, 418
0.200, 0.070, 0.020,	350,  68, 418
0.080, 0.080, 0.020,	350,  16, 366
0.090, 0.080, 0.020,	350,  16, 366
0.100, 0.080, 0.020,	350,  24, 374
0.110, 0.080, 0.020,	350,  32, 382
0.120, 0.080, 0.020,	350,  32, 382
0.130, 0.080, 0.020,	350,  32, 382
0.140, 0.080, 0.020,	350,  40, 390
0.150, 0.080, 0.020,	350,  48, 398
0.160, 0.080, 0.020,	350,  48, 398
0.170, 0.080, 0.020,	350,  52, 402
0.180, 0.080, 0.020,	350,  68, 418
0.190, 0.080, 0.020,	350,  68, 418
0.200, 0.080, 0.020,	350,  68, 418
0.090, 0.090, 0.020,	350,  16, 366
0.100, 0.090, 0.020,	350,  24, 374
0.110, 0.090, 0.020,	350,  32, 382
0.120, 0.090, 0.020,	350,  32, 382
0.130, 0.090, 0.020,	350,  32, 382
0.140, 0.090, 0.020,	350,  40, 390
0.150, 0.090, 0.020,	350,  48, 398
0.160, 0.090, 0.020,	350,  48, 398
0.170, 0.090, 0.020,	350,  52, 402
0.180, 0.090, 0.020,	350,  68, 418
0.190, 0.090, 0.020,	350,  68, 418
0.200, 0.090, 0.020,	350,  68, 418
0.100, 0.100, 0.020,	350,  32, 382
0.110, 0.100, 0.020,	350,  40, 390
0.120, 0.100, 0.020,	350,  40, 390
0.130, 0.100, 0.020,	350,  40, 390
0.140, 0.100, 0.020,	350,  48, 398
0.150, 0.100, 0.020,	350,  56, 406
0.160, 0.100, 0.020,	350,  56, 406
0.170, 0.100, 0.020,	350,  60, 410
0.180, 0.100, 0.020,	350,  76, 426
0.190, 0.100, 0.020,	350,  76, 426
0.200, 0.100, 0.020,	350,  76, 426
0.110, 0.110, 0.020,	350,  44, 394
0.120, 0.110, 0.020,	350,  44, 394
0.130, 0.110, 0.020,	350,  44, 394
0.140, 0.110, 0.020,	350,  52, 402
0.150, 0.110, 0.020,	350,  60, 410
0.160, 0.110, 0.020,	350,  60, 410
0.170, 0.110, 0.020,	350,  64, 414
0.180, 0.110, 0.020,	350,  80, 430
0.190, 0.110, 0.020,	350,  80, 430
0.200, 0.110, 0.020,	350,  80, 430
0.120, 0.120, 0.020,	350,  44, 394
0.130, 0.120, 0.020,	350,  44, 394
0.140, 0.120, 0.020,	350,  52, 402
0.150, 0.120, 0.020,	350,  60, 410
0.160, 0.120, 0.020,	350,  60, 410
0.170, 0.120, 0.020,	350,  64, 414
0.180, 0.120, 0.020,	350,  80, 430
0.190, 0.120, 0.020,	350,  80, 430
0.200, 0.120, 0.020,	350,  80, 430
0.130, 0.130, 0.020,	350,  44, 394
0.140, 0.130, 0.020,	350,  52, 402
0.150, 0.130, 0.020,	350,  60, 410
0.160, 0.130, 0.020,	350,  60, 410
0.170, 0.130, 0.020,	350,  64, 414
0.180, 0.130, 0.020,	350,  80, 430
0.190, 0.130, 0.020,	350,  80, 430
0.200, 0.130, 0.020,	350,  80, 430
0.140, 0.140, 0.020,	350,  56, 406
0.150, 0.140, 0.020,	350,  64, 414
0.160, 0.140, 0.020,	350,  64, 414
0.170, 0.140, 0.020,	350,  68, 418
0.180, 0.140, 0.020,	350,  84, 434
0.190, 0.140, 0.020,	350,  84, 434
0.200, 0.140, 0.020,	350,  84, 434
0.150, 0.150, 0.020,	350,  72, 422
0.160, 0.150, 0.020,	350,  72, 422
0.170, 0.150, 0.020,	350,  76, 426
0.180, 0.150, 0.020,	350,  92, 442
0.190, 0.150, 0.020,	350,  92, 442
0.200, 0.150, 0.020,	350,  92, 442
0.160, 0.160, 0.020,	350,  72, 422
0.170, 0.160, 0.020,	350,  76, 426
0.180, 0.160, 0.020,	350,  92, 442
0.190, 0.160, 0.020,	350,  92, 442
0.200, 0.160, 0.020,	350,  92, 442
0.170, 0.170, 0.020,	350,  76, 426
0.180, 0.170, 0.020,	350,  92, 442
0.190, 0.170, 0.020,	350,  92, 442
0.200, 0.170, 0.020,	350,  92, 442
0.180, 0.180, 0.020,	350, 100, 450
0.190, 0.180, 0.020,	350, 100, 450
0.200, 0.180, 0.020,	350, 100, 450
0.190, 0.190, 0.020,	350, 100, 450
0.200, 0.190, 0.020,	350, 100, 450
0.200, 0.200, 0.020,	350, 100, 450
0.030, 0.030, 0.030,	350,  24, 374
0.040, 0.030, 0.030,	350,  24, 374
0.050, 0.030, 0.030,	350,  24, 374
0.060, 0.030, 0.030,	350,  28, 378
0.070, 0.030, 0.030,	350,  28, 378
0.080, 0.030, 0.030,	350,  28, 378
0.090, 0.030, 0.030,	350,  28, 378
0.100, 0.030, 0.030,	350,  36, 386
0.110, 0.030, 0.030,	350,  44, 394
0.120, 0.030, 0.030,	350,  44, 394
0.130, 0.030, 0.030,	350,  44, 394
0.140, 0.030, 0.030,	350,  52, 402
0.150, 0.030, 0.030,	350,  60, 410
0.160, 0.030, 0.030,	350,  60, 410
0.170, 0.030, 0.030,	350,  64, 414
0.180, 0.030, 0.030,	350,  80, 430
0.190, 0.030, 0.030,	350,  80, 430
0.200, 0.030, 0.030,	350,  80, 430
0.040, 0.040, 0.030,	350,  24, 374
0.050, 0.040, 0.030,	350,  24, 374
0.060, 0.040, 0.030,	350,  28, 378
0.070, 0.040, 0.030,	350,  28, 378
0.080, 0.040, 0.030,	350,  28, 378
0.090, 0.040, 0.030,	350,  28, 378
0.100, 0.040, 0.030,	350,  36, 386
0.110, 0.040, 0.030,	350,  44, 394
0.120, 0.040, 0.030,	350,  44, 394
0.130, 0.040, 0.030,	350,  44, 394
0.140, 0.040, 0.030,	350,  52, 402
0.150, 0.040, 0.030,	350,  60, 410
0.160, 0.040, 0.030,	350,  60, 410
0.170, 0.040, 0.030,	350,  64, 414
0.180, 0.040, 0.030,	350,  80, 430
0.190, 0.040, 0.030,	350,  80, 430
0.200, 0.040, 0.030,	350,  80, 430
0.050, 0.050, 0.030,	350,  24, 374
0.060, 0.050, 0.030,	350,  28, 378
0.070, 0.050, 0.030,	350,  28, 378
0.080, 0.050, 0.030,	350,  28, 378
0.090, 0.050, 0.030,	350,  28, 378
0.100, 0.050, 0.030,	350,  36, 386
0.110, 0.050, 0.030,	350,  44, 394
0.120, 0.050, 0.030,	350,  44, 394
0.130, 0.050, 0.030,	350,  44, 394
0.140, 0.050, 0.030,	350,  52, 402
0.150, 0.050, 0.030,	350,  60, 410
0.160, 0.050, 0.030,	350,  60, 410
0.170, 0.050, 0.030,	350,  64, 414
0.180, 0.050, 0.030,	350,  80, 430
0.190, 0.050, 0.030,	350,  80, 430
0.200, 0.050, 0.030,	350,  80, 430
0.060, 0.060, 0.030,	350,  32, 382
0.070, 0.060, 0.030,	350,  32, 382
0.080, 0.060, 0.030,	350,  32, 382
0.090, 0.060, 0.030,	350,  32, 382
0.100, 0.060, 0.030,	350,  40, 390
0.110, 0.060, 0.030,	350,  48, 398
0.120, 0.060, 0.030,	350,  48, 398
0.130, 0.060, 0.030,	350,  48, 398
0.140, 0.060, 0.030,	350,  56, 406
0.150, 0.060, 0.030,	350,  64, 414
0.160, 0.060, 0.030,	350,  64, 414
0.170, 0.060, 0.030,	350,  68, 418
0.180, 0.060, 0.030,	350,  84, 434
0.190, 0.060, 0.030,	350,  84, 434
0.200, 0.060, 0.030,	350,  84, 434
0.070, 0.070, 0.030,	350,  32, 382
0.080, 0.070, 0.030,	350,  32, 382
0.090, 0.070, 0.030,	350,  32, 382
0.100, 0.070, 0.030,	350,  40, 390
0.110, 0.070, 0.030,	350,  48, 398
0.120, 0.070, 0.030,	350,  48, 398
0.130, 0.070, 0.030,	350,  48, 398
0.140, 0.070, 0.030,	350,  56, 406
0.150, 0.070, 0.030,	350,  64, 414
0.160, 0.070, 0.030,	350,  64, 414
0.170, 0.070, 0.030,	350,  68, 418
0.180, 0.070, 0.030,	350,  84, 434
0.190, 0.070, 0.030,	350,  84, 434
0.200, 0.070, 0.030,	350,  84, 434
0.080, 0.080, 0.030,	350,  32, 382
0.090, 0.080, 0.030,	350,  32, 382
0.100, 0.080, 0.030,	350,  40, 390
0.110, 0.080, 0.030,	350,  48, 398
0.120, 0.080, 0.030,	350,  48, 398
0.130, 0.080, 0.030,	350,  48, 398
0.140, 0.080, 0.030,	350,  56, 406
0.150, 0.080, 0.030,	350,  64, 414
0.160, 0.080, 0.030,	350,  64, 414
0.170, 0.080, 0.030,	350,  68, 418
0.180, 0.080, 0.030,	350,  84, 434
0.190, 0.080, 0.030,	350,  84, 434
0.200, 0.080, 0.030,	350,  84, 434
0.090, 0.090, 0.030,	350,  32, 382
0.100, 0.090, 0.030,	350,  40, 390
0.110, 0.090, 0.030,	350,  48, 398
0.120, 0.090, 0.030,	350,  48, 398
0.130, 0.090, 0.030,	350,  48, 398
0.140, 0.090, 0.030,	350,  56, 406
0.150, 0.090, 0.030,	350,  64, 414
0.160, 0.090, 0.030,	350,  64, 414
0.170, 0.090, 0.030,	350,  68, 418
0.180, 0.090, 0.030,	350,  84, 434
0.190, 0.090, 0.030,	350,  84, 434
0.200, 0.090, 0.030,	350,  84, 434
0.100, 0.100, 0.030,	350,  48, 398
0.110, 0.100, 0.030,	350,  56, 406
0.120, 0.100, 0.030,	350,  56, 406
0.130, 0.100, 0.030,	350,  56, 406
0.140, 0.100, 0.030,	350,  64, 414
0.150, 0.100, 0.030,	350,  72, 422
0.160, 0.100, 0.030,	350,  72, 422
0.170, 0.100, 0.030,	350,  76, 426
0.180, 0.100, 0.030,	350,  92, 442
0.190, 0.100, 0.030,	350,  92, 442
0.200, 0.100, 0.030,	350,  92, 442
0.110, 0.110, 0.030,	350,  60, 410
0.120, 0.110, 0.030,	350,  60, 410
0.130, 0.110, 0.030,	350,  60, 410
0.140, 0.110, 0.030,	350,  68, 418
0.150, 0.110, 0.030,	350,  76, 426
0.160, 0.110, 0.030,	350,  76, 426
0.170, 0.110, 0.030,	350,  80, 430
0.180, 0.110, 0.030,	350,  96, 446
0.190, 0.110, 0.030,	350,  96, 446
0.200, 0.110, 0.030,	350,  96, 446
0.120, 0.120, 0.030,	350,  60, 410
0.130, 0.120, 0.030,	350,  60, 410
0.140, 0.120, 0.030,	350,  68, 418
0.150, 0.120, 0.030,	350,  76, 426
0.160, 0.120, 0.030,	350,  76, 426
0.170, 0.120, 0.030,	350,  80, 430
0.180, 0.120, 0.030,	350,  96, 446
0.190, 0.120, 0.030,	350,  96, 446
0.200, 0.120, 0.030,	350,  96, 446
0.130, 0.130, 0.030,	350,  60, 410
0.140, 0.130, 0.030,	350,  68, 418
0.150, 0.130, 0.030,	350,  76, 426
0.160, 0.130, 0.030,	350,  76, 426
0.170, 0.130, 0.030,	350,  80, 430
0.180, 0.130, 0.030,	350,  96, 446
0.190, 0.130, 0.030,	350,  96, 446
0.200, 0.130, 0.030,	350,  96, 446
0.140, 0.140, 0.030,	350,  72, 422
0.150, 0.140, 0.030,	350,  80, 430
0.160, 0.140, 0.030,	350,  80, 430
0.170, 0.140, 0.030,	350,  84, 434
0.180, 0.140, 0.030,	350, 100, 450
0.190, 0.140, 0.030,	350, 100, 450
0.200, 0.140, 0.030,	350, 100, 450
0.150, 0.150, 0.030,	350,  88, 438
0.160, 0.150, 0.030,	350,  88, 438
0.170, 0.150, 0.030,	350,  92, 442
0.180, 0.150, 0.030,	350, 108, 458
0.190, 0.150, 0.030,	350, 108, 458
0.200, 0.150, 0.030,	350, 108, 458
0.160, 0.160, 0.030,	350,  88, 438
0.170, 0.160, 0.030,	350,  92, 442
0.180, 0.160, 0.030,	350, 108, 458
0.190, 0.160, 0.030,	350, 108, 458
0.200, 0.160, 0.030,	350, 108, 458
0.170, 0.170, 0.030,	350,  92, 442
0.180, 0.170, 0.030,	350, 108, 458
0.190, 0.170, 0.030,	350, 108, 458
0.200, 0.170, 0.030,	350, 108, 458
0.180, 0.180, 0.030,	350, 116, 466
0.190, 0.180, 0.030,	350, 116, 466
0.200, 0.180, 0.030,	350, 116, 466
0.190, 0.190, 0.030,	350, 116, 466
0.200, 0.190, 0.030,	350, 116, 466
0.200, 0.200, 0.030,	350, 116, 466
0.040, 0.040, 0.040,	350,  24, 374
0.050, 0.040, 0.040,	350,  24, 374
0.060, 0.040, 0.040,	350,  28, 378
0.070, 0.040, 0.040,	350,  28, 378
0.080, 0.040, 0.040,	350,  28, 378
0.090, 0.040, 0.040,	350,  28, 378
0.100, 0.040, 0.040,	350,  36, 386
0.110, 0.040, 0.040,	350,  44, 394
0.120, 0.040, 0.040,	350,  44, 394
0.130, 0.040, 0.040,	350,  44, 394
0.140, 0.040, 0.040,	350,  52, 402
0.150, 0.040, 0.040,	350,  60, 410
0.160, 0.040, 0.040,	350,  60, 410
0.170, 0.040, 0.040,	350,  64, 414
0.180, 0.040, 0.040,	350,  80, 430
0.190, 0.040, 0.040,	350,  80, 430
0.200, 0.040, 0.040,	350,  80, 430
0.050, 0.050, 0.040,	350,  24, 374
0.060, 0.050, 0.040,	350,  28, 378
0.070, 0.050, 0.040,	350,  28, 378
0.080, 0.050, 0.040,	350,  28, 378
0.090, 0.050, 0.040,	350,  28, 378
0.100, 0.050, 0.040,	350,  36, 386
0.110, 0.050, 0.040,	350,  44, 394
0.120, 0.050, 0.040,	350,  44, 394
0.130, 0.050, 0.040,	350,  44, 394
0.140, 0.050, 0.040,	350,  52, 402
0.150, 0.050, 0.040,	350,  60, 410
0.160, 0.050, 0.040,	350,  60, 410
0.170, 0.050, 0.040,	350,  64, 414
0.180, 0.050, 0.040,	350,  80, 430
0.190, 0.050, 0.040,	350,  80, 430
0.200, 0.050, 0.040,	350,  80, 430
0.060, 0.060, 0.040,	350,  32, 382
0.070, 0.060, 0.040,	350,  32, 382
0.080, 0.060, 0.040,	350,  32, 382
0.090, 0.060, 0.040,	350,  32, 382
0.100, 0.060, 0.040,	350,  40, 390
0.110, 0.060, 0.040,	350,  48, 398
0.120, 0.060, 0.040,	350,  48, 398
0.130, 0.060, 0.040,	350,  48, 398
0.140, 0.060, 0.040,	350,  56, 406
0.150, 0.060, 0.040,	350,  64, 414
0.160, 0.060, 0.040,	350,  64, 414
0.170, 0.060, 0.040,	350,  68, 418
0.180, 0.060, 0.040,	350,  84, 434
0.190, 0.060, 0.040,	350,  84, 434
0.200, 0.060, 0.040,	350,  84, 434
0.070, 0.070, 0.040,	350,  32, 382
0.080, 0.070, 0.040,	350,  32, 382
0.090, 0.070, 0.040,	350,  32, 382
0.100, 0.070, 0.040,	350,  40, 390
0.110, 0.070, 0.040,	350,  48, 398
0.120, 0.070, 0.040,	350,  48, 398
0.130, 0.070, 0.040,	350,  48, 398
0.140, 0.070, 0.040,	350,  56, 406
0.150, 0.070, 0.040,	350,  64, 414
0.160, 0.070, 0.040,	350,  64, 414
0.170, 0.070, 0.040,	350,  68, 418
0.180, 0.070, 0.040,	350,  84, 434
0.190, 0.070, 0.040,	350,  84, 434
0.200, 0.070, 0.040,	350,  84, 434
0.080, 0.080, 0.040,	350,  32, 382
0.090, 0.080, 0.040,	350,  32, 382
0.100, 0.080, 0.040,	350,  40, 390
0.110, 0.080, 0.040,	350,  48, 398
0.120, 0.080, 0.040,	350,  48, 398
0.130, 0.080, 0.040,	350,  48, 398
0.140, 0.080, 0.040,	350,  56, 406
0.150, 0.080, 0.040,	350,  64, 414
0.160, 0.080, 0.040,	350,  64, 414
0.170, 0.080, 0.040,	350,  68, 418
0.180, 0.080, 0.040,	350,  84, 434
0.190, 0.080, 0.040,	350,  84, 434
0.200, 0.080, 0.040,	350,  84, 434
0.090, 0.090, 0.040,	350,  32, 382
0.100, 0.090, 0.040,	350,  40, 390
0.110, 0.090, 0.040,	350,  48, 398
0.120, 0.090, 0.040,	350,  48, 398
0.130, 0.090, 0.040,	350,  48, 398
0.140, 0.090, 0.040,	350,  56, 406
0.150, 0.090, 0.040,	350,  64, 414
0.160, 0.090, 0.040,	350,  64, 414
0.170, 0.090, 0.040,	350,  68, 418
0.180, 0.090, 0.040,	350,  84, 434
0.190, 0.090, 0.040,	350,  84, 434
0.200, 0.090, 0.040,	350,  84, 434
0.100, 0.100, 0.040,	350,  48, 398
0.110, 0.100, 0.040,	350,  56, 406
0.120, 0.100, 0.040,	350,  56, 406
0.130, 0.100, 0.040,	350,  56, 406
0.140, 0.100, 0.040,	350,  64, 414
0.150, 0.100, 0.040,	350,  72, 422
0.160, 0.100, 0.040,	350,  72, 422
0.170, 0.100, 0.040,	350,  76, 426
0.180, 0.100, 0.040,	350,  92, 442
0.190, 0.100, 0.040,	350,  92, 442
0.200, 0.100, 0.040,	350,  92, 442
0.110, 0.110, 0.040,	350,  60, 410
0.120, 0.110, 0.040,	350,  60, 410
0.130, 0.110, 0.040,	350,  60, 410
0.140, 0.110, 0.040,	350,  68, 418
0.150, 0.110, 0.040,	350,  76, 426
0.160, 0.110, 0.040,	350,  76, 426
0.170, 0.110, 0.040,	350,  80, 430
0.180, 0.110, 0.040,	350,  96, 446
0.190, 0.110, 0.040,	350,  96, 446
0.200, 0.110, 0.040,	350,  96, 446
0.120, 0.120, 0.040,	350,  60, 410
0.130, 0.120, 0.040,	350,  60, 410
0.140, 0.120, 0.040,	350,  68, 418
0.150, 0.120, 0.040,	350,  76, 426
0.160, 0.120, 0.040,	350,  76, 426
0.170, 0.120, 0.040,	350,  80, 430
0.180, 0.120, 0.040,	350,  96, 446
0.190, 0.120, 0.040,	350,  96, 446
0.200, 0.120, 0.040,	350,  96, 446
0.130, 0.130, 0.040,	350,  60, 410
0.140, 0.130, 0.040,	350,  68, 418
0.150, 0.130, 0.040,	350,  76, 426
0.160, 0.130, 0.040,	350,  76, 426
0.170, 0.130, 0.040,	350,  80, 430
0.180, 0.130, 0.040,	350,  96, 446
0.190, 0.130, 0.040,	350,  96, 446
0.200, 0.130, 0.040,	350,  96, 446
0.140, 0.140, 0.040,	350,  72, 422
0.150, 0.140, 0.040,	350,  80, 430
0.160, 0.140, 0.040,	350,  80, 430
0.170, 0.140, 0.040,	350,  84, 434
0.180, 0.140, 0.040,	350, 100, 450
0.190, 0.140, 0.040,	350, 100, 450
0.200, 0.140, 0.040,	350, 100, 450
0.150, 0.150, 0.040,	350,  88, 438
0.160, 0.150, 0.040,	350,  88, 438
0.170, 0.150, 0.040,	350,  92, 442
0.180, 0.150, 0.040,	350, 108, 458
0.190, 0.150, 0.040,	350, 108, 458
0.200, 0.150, 0.040,	350, 108, 458
0.160, 0.160, 0.040,	350,  88, 438
0.170, 0.160, 0.040,	350,  92, 442
0.180, 0.160, 0.040,	350, 108, 458
0.190, 0.160, 0.040,	350, 108, 458
0.200, 0.160, 0.040,	350, 108, 458
0.170, 0.170, 0.040,	350,  92, 442
0.180, 0.170, 0.040,	350, 108, 458
0.190, 0.170, 0.040,	350, 108, 458
0.200, 0.170, 0.040,	350, 108, 458
0.180, 0.180, 0.040,	350, 116, 466
0.190, 0.180, 0.040,	350, 116, 466
0.200, 0.180, 0.040,	350, 116, 466
0.190, 0.190, 0.040,	350, 116, 466
0.200, 0.190, 0.040,	350, 116, 466
0.200, 0.200, 0.040,	350, 116, 466
0.050, 0.050, 0.050,	350,  24, 374
0.060, 0.050, 0.050,	350,  28, 378
0.070, 0.050, 0.050,	350,  28, 378
0.080, 0.050, 0.050,	350,  28, 378
0.090, 0.050, 0.050,	350,  28, 378
0.100, 0.050, 0.050,	350,  36, 386
0.110, 0.050, 0.050,	350,  44, 394
0.120, 0.050, 0.050,	350,  44, 394
0.130, 0.050, 0.050,	350,  44, 394
0.140, 0.050, 0.050,	350,  52, 402
0.150, 0.050, 0.050,	350,  60, 410
0.160, 0.050, 0.050,	350,  60, 410
0.170, 0.050, 0.050,	350,  64, 414
0.180, 0.050, 0.050,	350,  80, 430
0.190, 0.050, 0.050,	350,  80, 430
0.200, 0.050, 0.050,	350,  80, 430
0.060, 0.060, 0.050,	350,  32, 382
0.070, 0.060, 0.050,	350,  32, 382
0.080, 0.060, 0.050,	350,  32, 382
0.090, 0.060, 0.050,	350,  32, 382
0.100, 0.060, 0.050,	350,  40, 390
0.110, 0.060, 0.050,	350,  48, 398
0.120, 0.060, 0.050,	350,  48, 398
0.130, 0.060, 0.050,	350,  48, 398
0.140, 0.060, 0.050,	350,  56, 406
0.150, 0.060, 0.050,	350,  64, 414
0.160, 0.060, 0.050,	350,  64, 414
0.170, 0.060, 0.050,	350,  68, 418
0.180, 0.060, 0.050,	350,  84, 434
0.190, 0.060, 0.050,	350,  84, 434
0.200, 0.060, 0.050,	350,  84, 434
0.070, 0.070, 0.050,	350,  32, 382
0.080, 0.070, 0.050,	350,  32, 382
0.090, 0.070, 0.050,	350,  32, 382
0.100, 0.070, 0.050,	350,  40, 390
0.110, 0.070, 0.050,	350,  48, 398
0.120, 0.070, 0.050,	350,  48, 398
0.130, 0.070, 0.050,	350,  48, 398
0.140, 0.070, 0.050,	350,  56, 406
0.150, 0.070, 0.050,	350,  64, 414
0.160, 0.070, 0.050,	350,  64, 414
0.170, 0.070, 0.050,	350,  68, 418
0.180, 0.070, 0.050,	350,  84, 434
0.190, 0.070, 0.050,	350,  84, 434
0.200, 0.070, 0.050,	350,  84, 434
0.080, 0.080, 0.050,	350,  32, 382
0.090, 0.080, 0.050,	350,  32, 382
0.100, 0.080, 0.050,	350,  40, 390
0.110, 0.080, 0.050,	350,  48, 398
0.120, 0.080, 0.050,	350,  48, 398
0.130, 0.080, 0.050,	350,  48, 398
0.140, 0.080, 0.050,	350,  56, 406
0.150, 0.080, 0.050,	350,  64, 414
0.160, 0.080, 0.050,	350,  64, 414
0.170, 0.080, 0.050,	350,  68, 418
0.180, 0.080, 0.050,	350,  84, 434
0.190, 0.080, 0.050,	350,  84, 434
0.200, 0.080, 0.050,	350,  84, 434
0.090, 0.090, 0.050,	350,  32, 382
0.100, 0.090, 0.050,	350,  40, 390
0.110, 0.090, 0.050,	350,  48, 398
0.120, 0.090, 0.050,	350,  48, 398
0.130, 0.090, 0.050,	350,  48, 398
0.140, 0.090, 0.050,	350,  56, 406
0.150, 0.090, 0.050,	350,  64, 414
0.160, 0.090, 0.050,	350,  64, 414
0.170, 0.090, 0.050,	350,  68, 418
0.180, 0.090, 0.050,	350,  84, 434
0.190, 0.090, 0.050,	350,  84, 434
0.200, 0.090, 0.050,	350,  84, 434
0.100, 0.100, 0.050,	350,  48, 398
0.110, 0.100, 0.050,	350,  56, 406
0.120, 0.100, 0.050,	350,  56, 406
0.130, 0.100, 0.050,	350,  56, 406
0.140, 0.100, 0.050,	350,  64, 414
0.150, 0.100, 0.050,	350,  72, 422
0.160, 0.100, 0.050,	350,  72, 422
0.170, 0.100, 0.050,	350,  76, 426
0.180, 0.100, 0.050,	350,  92, 442
0.190, 0.100, 0.050,	350,  92, 442
0.200, 0.100, 0.050,	350,  92, 442
0.110, 0.110, 0.050,	350,  60, 410
0.120, 0.110, 0.050,	350,  60, 410
0.130, 0.110, 0.050,	350,  60, 410
0.140, 0.110, 0.050,	350,  68, 418
0.150, 0.110, 0.050,	350,  76, 426
0.160, 0.110, 0.050,	350,  76, 426
0.170, 0.110, 0.050,	350,  80, 430
0.180, 0.110, 0.050,	350,  96, 446
0.190, 0.110, 0.050,	350,  96, 446
0.200, 0.110, 0.050,	350,  96, 446
0.120, 0.120, 0.050,	350,  60, 410
0.130, 0.120, 0.050,	350,  60, 410
0.140, 0.120, 0.050,	350,  68, 418
0.150, 0.120, 0.050,	350,  76, 426
0.160, 0.120, 0.050,	350,  76, 426
0.170, 0.120, 0.050,	350,  80, 430
0.180, 0.120, 0.050,	350,  96, 446
0.190, 0.120, 0.050,	350,  96, 446
0.200, 0.120, 0.050,	350,  96, 446
0.130, 0.130, 0.050,	350,  60, 410
0.140, 0.130, 0.050,	350,  68, 418
0.150, 0.130, 0.050,	350,  76, 426
0.160, 0.130, 0.050,	350,  76, 426
0.170, 0.130, 0.050,	350,  80, 430
0.180, 0.130, 0.050,	350,  96, 446
0.190, 0.130, 0.050,	350,  96, 446
0.200, 0.130, 0.050,	350,  96, 446
0.140, 0.140, 0.050,	350,  72, 422
0.150, 0.140, 0.050,	350,  80, 430
0.160, 0.140, 0.050,	350,  80, 430
0.170, 0.140, 0.050,	350,  84, 434
0.180, 0.140, 0.050,	350, 100, 450
0.190, 0.140, 0.050,	350, 100, 450
0.200, 0.140, 0.050,	350, 100, 450
0.150, 0.150, 0.050,	350,  88, 438
0.160, 0.150, 0.050,	350,  88, 438
0.170, 0.150, 0.050,	350,  92, 442
0.180, 0.150, 0.050,	350, 108, 458
0.190, 0.150, 0.050,	350, 108, 458
0.200, 0.150, 0.050,	350, 108, 458
0.160, 0.160, 0.050,	350,  88, 438
0.170, 0.160, 0.050,	350,  92, 442
0.180, 0.160, 0.050,	350, 108, 458
0.190, 0.160, 0.050,	350, 108, 458
0.200, 0.160, 0.050,	350, 108, 458
0.170, 0.170, 0.050,	350,  92, 442
0.180, 0.170, 0.050,	350, 108, 458
0.190, 0.170, 0.050,	350, 108, 458
0.200, 0.170, 0.050,	350, 108, 458
0.180, 0.180, 0.050,	350, 116, 466
0.190, 0.180, 0.050,	350, 116, 466
0.200, 0.180, 0.050,	350, 116, 466
0.190, 0.190, 0.050,	350, 116, 466
0.200, 0.190, 0.050,	350, 116, 466
0.200, 0.200, 0.050,	350, 116, 466
0.060, 0.060, 0.060,	350,  48, 398
0.070, 0.060, 0.060,	350,  48, 398
0.080, 0.060, 0.060,	350,  48, 398
0.090, 0.060, 0.060,	350,  48, 398
0.100, 0.060, 0.060,	350,  56, 406
0.110, 0.060, 0.060,	350,  64, 414
0.120, 0.060, 0.060,	350,  64, 414
0.130, 0.060, 0.060,	350,  64, 414
0.140, 0.060, 0.060,	350,  72, 422
0.150, 0.060, 0.060,	350,  80, 430
0.160, 0.060, 0.060,	350,  80, 430
0.170, 0.060, 0.060,	350,  84, 434
0.180, 0.060, 0.060,	350, 100, 450
0.190, 0.060, 0.060,	350, 100, 450
0.200, 0.060, 0.060,	350, 100, 450
0.070, 0.070, 0.060,	350,  48, 398
0.080, 0.070, 0.060,	350,  48, 398
0.090, 0.070, 0.060,	350,  48, 398
0.100, 0.070, 0.060,	350,  56, 406
0.110, 0.070, 0.060,	350,  64, 414
0.120, 0.070, 0.060,	350,  64, 414
0.130, 0.070, 0.060,	350,  64, 414
0.140, 0.070, 0.060,	350,  72, 422
0.150, 0.070, 0.060,	350,  80, 430
0.160, 0.070, 0.060,	350,  80, 430
0.170, 0.070, 0.060,	350,  84, 434
0.180, 0.070, 0.060,	350, 100, 450
0.190, 0.070, 0.060,	350, 100, 450
0.200, 0.070, 0.060,	350, 100, 450
0.080, 0.080, 0.060,	350,  48, 398
0.090, 0.080, 0.060,	350,  48, 398
0.100, 0.080, 0.060,	350,  56, 406
0.110, 0.080, 0.060,	350,  64, 414
0.120, 0.080, 0.060,	350,  64, 414
0.130, 0.080, 0.060,	350,  64, 414
0.140, 0.080, 0.060,	350,  72, 422
0.150, 0.080, 0.060,	350,  80, 430
0.160, 0.080, 0.060,	350,  80, 430
0.170, 0.080, 0.060,	350,  84, 434
0.180, 0.080, 0.060,	350, 100, 450
0.190, 0.080, 0.060,	350, 100, 450
0.200, 0.080, 0.060,	350, 100, 450
0.090, 0.090, 0.060,	350,  48, 398
0.100, 0.090, 0.060,	350,  56, 406
0.110, 0.090, 0.060,	350,  64, 414
0.120, 0.090, 0.060,	350,  64, 414
0.130, 0.090, 0.060,	350,  64, 414
0.140, 0.090, 0.060,	350,  72, 422
0.150, 0.090, 0.060,	350,  80, 430
0.160, 0.090, 0.060,	350,  80, 430
0.170, 0.090, 0.060,	350,  84, 434
0.180, 0.090, 0.060,	350, 100, 450
0.190, 0.090, 0.060,	350, 100, 450
0.200, 0.090, 0.060,	350, 100, 450
0.100, 0.100, 0.060,	350,  64, 414
0.110, 0.100, 0.060,	350,  72, 422
0.120, 0.100, 0.060,	350,  72, 422
0.130, 0.100, 0.060,	350,  72, 422
0.140, 0.100, 0.060,	350,  80, 430
0.150, 0.100, 0.060,	350,  88, 438
0.160, 0.100, 0.060,	350,  88, 438
0.170, 0.100, 0.060,	350,  92, 442
0.180, 0.100, 0.060,	350, 108, 458
0.190, 0.100, 0.060,	350, 108, 458
0.200, 0.100, 0.060,	350, 108, 458
0.110, 0.110, 0.060,	350,  76, 426
0.120, 0.110, 0.060,	350,  76, 426
0.130, 0.110, 0.060,	350,  76, 426
0.140, 0.110, 0.060,	350,  84, 434
0.150, 0.110, 0.060,	350,  92, 442
0.160, 0.110, 0.060,	350,  92, 442
0.170, 0.110, 0.060,	350,  96, 446
0.180, 0.110, 0.060,	350, 112, 462
0.190, 0.110, 0.060,	350, 112, 462
0.200, 0.110, 0.060,	350, 112, 462
0.120, 0.120, 0.060,	350,  76, 426
0.130, 0.120, 0.060,	350,  76, 426
0.140, 0.120, 0.060,	350,  84, 434
0.150, 0.120, 0.060,	350,  92, 442
0.160, 0.120, 0.060,	350,  92, 442
0.170, 0.120, 0.060,	350,  96, 446
0.180, 0.120, 0.060,	350, 112, 462
0.190, 0.120, 0.060,	350, 112, 462
0.200, 0.120, 0.060,	350, 112, 462
0.130, 0.130, 0.060,	350,  76, 426
0.140, 0.130, 0.060,	350,  84, 434
0.150, 0.130, 0.060,	350,  92, 442
0.160, 0.130, 0.060,	350,  92, 442
0.170, 0.130, 0.060,	350,  96, 446
0.180, 0.130, 0.060,	350, 112, 462
0.190, 0.130, 0.060,	350, 112, 462
0.200, 0.130, 0.060,	350, 112, 462
0.140, 0.140, 0.060,	350,  88, 438
0.150, 0.140, 0.060,	350,  96, 446
0.160, 0.140, 0.060,	350,  96, 446
0.170, 0.140, 0.060,	350, 100, 450
0.180, 0.140, 0.060,	350, 116, 466
0.190, 0.140, 0.060,	350, 116, 466
0.200, 0.140, 0.060,	350, 116, 466
0.150, 0.150, 0.060,	350, 104, 454
0.160, 0.150, 0.060,	350, 104, 454
0.170, 0.150, 0.060,	350, 108, 458
0.180, 0.150, 0.060,	350, 124, 474
0.190, 0.150, 0.060,	350, 124, 474
0.200, 0.150, 0.060,	350, 124, 474
0.160, 0.160, 0.060,	350, 104, 454
0.170, 0.160, 0.060,	350, 108, 458
0.180, 0.160, 0.060,	350, 124, 474
0.190, 0.160, 0.060,	350, 124, 474
0.200, 0.160, 0.060,	350, 124, 474
0.170, 0.170, 0.060,	350, 108, 458
0.180, 0.170, 0.060,	350, 124, 474
0.190, 0.170, 0.060,	350, 124, 474
0.200, 0.170, 0.060,	350, 124, 474
0.180, 0.180, 0.060,	350, 132, 482
0.190, 0.180, 0.060,	350, 132, 482
0.200, 0.180, 0.060,	350, 132, 482
0.190, 0.190, 0.060,	350, 132, 482
0.200, 0.190, 0.060,	350, 132, 482
0.200, 0.200, 0.060,	350, 132, 482
0.070, 0.070, 0.070,	350,  48, 398
0.080, 0.070, 0.070,	350,  48, 398
0.090, 0.070, 0.070,	350,  48, 398
0.100, 0.070, 0.070,	350,  56, 406
0.110, 0.070, 0.070,	350,  64, 414
0.120, 0.070, 0.070,	350,  64, 414
0.130, 0.070, 0.070,	350,  64, 414
0.140, 0.070, 0.070,	350,  72, 422
0.150, 0.070, 0.070,	350,  80, 430
0.160, 0.070, 0.070,	350,  80, 430
0.170, 0.070, 0.070,	350,  84, 434
0.180, 0.070, 0.070,	350, 100, 450
0.190, 0.070, 0.070,	350, 100, 450
0.200, 0.070, 0.070,	350, 100, 450
0.080, 0.080, 0.070,	350,  48, 398
0.090, 0.080, 0.070,	350,  48, 398
0.100, 0.080, 0.070,	350,  56, 406
0.110, 0.080, 0.070,	350,  64, 414
0.120, 0.080, 0.070,	350,  64, 414
0.130, 0.080, 0.070,	350,  64, 414
0.140, 0.080, 0.070,	350,  72, 422
0.150, 0.080, 0.070,	350,  80, 430
0.160, 0.080, 0.070,	350,  80, 430
0.170, 0.080, 0.070,	350,  84, 434
0.180, 0.080, 0.070,	350, 100, 450
0.190, 0.080, 0.070,	350, 100, 450
0.200, 0.080, 0.070,	350, 100, 450
0.090, 0.090, 0.070,	350,  48, 398
0.100, 0.090, 0.070,	350,  56, 406
0.110, 0.090, 0.070,	350,  64, 414
0.120, 0.090, 0.070,	350,  64, 414
0.130, 0.090, 0.070,	350,  64, 414
0.140, 0.090, 0.070,	350,  72, 422
0.150, 0.090, 0.070,	350,  80, 430
0.160, 0.090, 0.070,	350,  80, 430
0.170, 0.090, 0.070,	350,  84, 434
0.180, 0.090, 0.070,	350, 100, 450
0.190, 0.090, 0.070,	350, 100, 450
0.200, 0.090, 0.070,	350, 100, 450
0.100, 0.100, 0.070,	350,  64, 414
0.110, 0.100, 0.070,	350,  72, 422
0.120, 0.100, 0.070,	350,  72, 422
0.130, 0.100, 0.070,	350,  72, 422
0.140, 0.100, 0.070,	350,  80, 430
0.150, 0.100, 0.070,	350,  88, 438
0.160, 0.100, 0.070,	350,  88, 438
0.170, 0.100, 0.070,	350,  92, 442
0.180, 0.100, 0.070,	350, 108, 458
0.190, 0.100, 0.070,	350, 108, 458
0.200, 0.100, 0.070,	350, 108, 458
0.110, 0.110, 0.070,	350,  76, 426
0.120, 0.110, 0.070,	350,  76, 426
0.130, 0.110, 0.070,	350,  76, 426
0.140, 0.110, 0.070,	350,  84, 434
0.150, 0.110, 0.070,	350,  92, 442
0.160, 0.110, 0.070,	350,  92, 442
0.170, 0.110, 0.070,	350,  96, 446
0.180, 0.110, 0.070,	350, 112, 462
0.190, 0.110, 0.070,	350, 112, 462
0.200, 0.110, 0.070,	350, 112, 462
0.120, 0.120, 0.070,	350,  76, 426
0.130, 0.120, 0.070,	350,  76, 426
0.140, 0.120, 0.070,	350,  84, 434
0.150, 0.120, 0.070,	350,  92, 442
0.160, 0.120, 0.070,	350,  92, 442
0.170, 0.120, 0.070,	350,  96, 446
0.180, 0.120, 0.070,	350, 112, 462
0.190, 0.120, 0.070,	350, 112, 462
0.200, 0.120, 0.070,	350, 112, 462
0.130, 0.130, 0.070,	350,  76, 426
0.140, 0.130, 0.070,	350,  84, 434
0.150, 0.130, 0.070,	350,  92, 442
0.160, 0.130, 0.070,	350,  92, 442
0.170, 0.130, 0.070,	350,  96, 446
0.180, 0.130, 0.070,	350, 112, 462
0.190, 0.130, 0.070,	350, 112, 462
0.200, 0.130, 0.070,	350, 112, 462
0.140, 0.140, 0.070,	350,  88, 438
0.150, 0.140, 0.070,	350,  96, 446
0.160, 0.140, 0.070,	350,  96, 446
0.170, 0.140, 0.070,	350, 100, 450
0.180, 0.140, 0.070,	350, 116, 466
0.190, 0.140, 0.070,	350, 116, 466
0.200, 0.140, 0.070,	350, 116, 466
0.150, 0.150, 0.070,	350, 104, 454
0.160, 0.150, 0.070,	350, 104, 454
0.170, 0.150, 0.070,	350, 108, 458
0.180, 0.150, 0.070,	350, 124, 474
0.190, 0.150, 0.070,	350, 124, 474
0.200, 0.150, 0.070,	350, 124, 474
0.160, 0.160, 0.070,	350, 104, 454
0.170, 0.160, 0.070,	350, 108, 458
0.180, 0.160, 0.070,	350, 124, 474
0.190, 0.160, 0.070,	350, 124, 474
0.200, 0.160, 0.070,	350, 124, 474
0.170, 0.170, 0.070,	350, 108, 458
0.180, 0.170, 0.070,	350, 124, 474
0.190, 0.170, 0.070,	350, 124, 474
0.200, 0.170, 0.070,	350, 124, 474
0.180, 0.180, 0.070,	350, 132, 482
0.190, 0.180, 0.070,	350, 132, 482
0.200, 0.180, 0.070,	350, 132, 482
0.190, 0.190, 0.070,	350, 132, 482
0.200, 0.190, 0.070,	350, 132, 482
0.200, 0.200, 0.070,	350, 132, 482
0.080, 0.080, 0.080,	350,  48, 398
0.090, 0.080, 0.080,	350,  48, 398
0.100, 0.080, 0.080,	350,  56, 406
0.110, 0.080, 0.080,	350,  64, 414
0.120, 0.080, 0.080,	350,  64, 414
0.130, 0.080, 0.080,	350,  64, 414
0.140, 0.080, 0.080,	350,  72, 422
0.150, 0.080, 0.080,	350,  80, 430
0.160, 0.080, 0.080,	350,  80, 430
0.170, 0.080, 0.080,	350,  84, 434
0.180, 0.080, 0.080,	350, 100, 450
0.190, 0.080, 0.080,	350, 100, 450
0.200, 0.080, 0.080,	350, 100, 450
0.090, 0.090, 0.080,	350,  48, 398
0.100, 0.090, 0.080,	350,  56, 406
0.110, 0.090, 0.080,	350,  64, 414
0.120, 0.090, 0.080,	350,  64, 414
0.130, 0.090, 0.080,	350,  64, 414
0.140, 0.090, 0.080,	350,  72, 422
0.150, 0.090, 0.080,	350,  80, 430
0.160, 0.090, 0.080,	350,  80, 430
0.170, 0.090, 0.080,	350,  84, 434
0.180, 0.090, 0.080,	350, 100, 450
0.190, 0.090, 0.080,	350, 100, 450
0.200, 0.090, 0.080,	350, 100, 450
0.100, 0.100, 0.080,	350,  64, 414
0.110, 0.100, 0.080,	350,  72, 422
0.120, 0.100, 0.080,	350,  72, 422
0.130, 0.100, 0.080,	350,  72, 422
0.140, 0.100, 0.080,	350,  80, 430
0.150, 0.100, 0.080,	350,  88, 438
0.160, 0.100, 0.080,	350,  88, 438
0.170, 0.100, 0.080,	350,  92, 442
0.180, 0.100, 0.080,	350, 108, 458
0.190, 0.100, 0.080,	350, 108, 458
0.200, 0.100, 0.080,	350, 108, 458
0.110, 0.110, 0.080,	350,  76, 426
0.120, 0.110, 0.080,	350,  76, 426
0.130, 0.110, 0.080,	350,  76, 426
0.140, 0.110, 0.080,	350,  84, 434
0.150, 0.110, 0.080,	350,  92, 442
0.160, 0.110, 0.080,	350,  92, 442
0.170, 0.110, 0.080,	350,  96, 446
0.180, 0.110, 0.080,	350, 112, 462
0.190, 0.110, 0.080,	350, 112, 462
0.200, 0.110, 0.080,	350, 112, 462
0.120, 0.120, 0.080,	350,  76, 426
0.130, 0.120, 0.080,	350,  76, 426
0.140, 0.120, 0.080,	350,  84, 434
0.150, 0.120, 0.080,	350,  92, 442
0.160, 0.120, 0.080,	350,  92, 442
0.170, 0.120, 0.080,	350,  96, 446
0.180, 0.120, 0.080,	350, 112, 462
0.190, 0.120, 0.080,	350, 112, 462
0.200, 0.120, 0.080,	350, 112, 462
0.130, 0.130, 0.080,	350,  76, 426
0.140, 0.130, 0.080,	350,  84, 434
0.150, 0.130, 0.080,	350,  92, 442
0.160, 0.130, 0.080,	350,  92, 442
0.170, 0.130, 0.080,	350,  96, 446
0.180, 0.130, 0.080,	350, 112, 462
0.190, 0.130, 0.080,	350, 112, 462
0.200, 0.130, 0.080,	350, 112, 462
0.140, 0.140, 0.080,	350,  88, 438
0.150, 0.140, 0.080,	350,  96, 446
0.160, 0.140, 0.080,	350,  96, 446
0.170, 0.140, 0.080,	350, 100, 450
0.180, 0.140, 0.080,	350, 116, 466
0.190, 0.140, 0.080,	350, 116, 466
0.200, 0.140, 0.080,	350, 116, 466
0.150, 0.150, 0.080,	350, 104, 454
0.160, 0.150, 0.080,	350, 104, 454
0.170, 0.150, 0.080,	350, 108, 458
0.180, 0.150, 0.080,	350, 124, 474
0.190, 0.150, 0.080,	350, 124, 474
0.200, 0.150, 0.080,	350, 124, 474
0.160, 0.160, 0.080,	350, 104, 454
0.170, 0.160, 0.080,	350, 108, 458
0.180, 0.160, 0.080,	350, 124, 474
0.190, 0.160, 0.080,	350, 124, 474
0.200, 0.160, 0.080,	350, 124, 474
0.170, 0.170, 0.080,	350, 108, 458
0.180, 0.170, 0.080,	350, 124, 474
0.190, 0.170, 0.080,	350, 124, 474
0.200, 0.170, 0.080,	350, 124, 474
0.180, 0.180, 0.080,	350, 132, 482
0.190, 0.180, 0.080,	350, 132, 482
0.200, 0.180, 0.080,	350, 132, 482
0.190, 0.190, 0.080,	350, 132, 482
0.200, 0.190, 0.080,	350, 132, 482
0.200, 0.200, 0.080,	350, 132, 482
0.090, 0.090, 0.090,	350,  48, 398
0.100, 0.090, 0.090,	350,  56, 406
0.110, 0.090, 0.090,	350,  64, 414
0.120, 0.090, 0.090,	350,  64, 414
0.130, 0.090, 0.090,	350,  64, 414
0.140, 0.090, 0.090,	350,  72, 422
0.150, 0.090, 0.090,	350,  80, 430
0.160, 0.090, 0.090,	350,  80, 430
0.170, 0.090, 0.090,	350,  84, 434
0.180, 0.090, 0.090,	350, 100, 450
0.190, 0.090, 0.090,	350, 100, 450
0.200, 0.090, 0.090,	350, 100, 450
0.100, 0.100, 0.090,	350,  64, 414
0.110, 0.100, 0.090,	350,  72, 422
0.120, 0.100, 0.090,	350,  72, 422
0.130, 0.100, 0.090,	350,  72, 422
0.140, 0.100, 0.090,	350,  80, 430
0.150, 0.100, 0.090,	350,  88, 438
0.160, 0.100, 0.090,	350,  88, 438
0.170, 0.100, 0.090,	350,  92, 442
0.180, 0.100, 0.090,	350, 108, 458
0.190, 0.100, 0.090,	350, 108, 458
0.200, 0.100, 0.090,	350, 108, 458
0.110, 0.110, 0.090,	350,  76, 426
0.120, 0.110, 0.090,	350,  76, 426
0.130, 0.110, 0.090,	350,  76, 426
0.140, 0.110, 0.090,	350,  84, 434
0.150, 0.110, 0.090,	350,  92, 442
0.160, 0.110, 0.090,	350,  92, 442
0.170, 0.110, 0.090,	350,  96, 446
0.180, 0.110, 0.090,	350, 112, 462
0.190, 0.110, 0.090,	350, 112, 462
0.200, 0.110, 0.090,	350, 112, 462
0.120, 0.120, 0.090,	350,  76, 426
0.130, 0.120, 0.090,	350,  76, 426
0.140, 0.120, 0.090,	350,  84, 434
0.150, 0.120, 0.090,	350,  92, 442
0.160, 0.120, 0.090,	350,  92, 442
0.170, 0.120, 0.090,	350,  96, 446
0.180, 0.120, 0.090,	350, 112, 462
0.190, 0.120, 0.090,	350, 112, 462
0.200, 0.120, 0.090,	350, 112, 462
0.130, 0.130, 0.090,	350,  76, 426
0.140, 0.130, 0.090,	350,  84, 434
0.150, 0.130, 0.090,	350,  92, 442
0.160, 0.130, 0.090,	350,  92, 442
0.170, 0.130, 0.090,	350,  96, 446
0.180, 0.130, 0.090,	350, 112, 462
0.190, 0.130, 0.090,	350, 112, 462
0.200, 0.130, 0.090,	350, 112, 462
0.140, 0.140, 0.090,	350,  88, 438
0.150, 0.140, 0.090,	350,  96, 446
0.160, 0.140, 0.090,	350,  96, 446
0.170, 0.140, 0.090,	350, 100, 450
0.180, 0.140, 0.090,	350, 116, 466
0.190, 0.140, 0.090,	350, 116, 466
0.200, 0.140, 0.090,	350, 116, 466
0.150, 0.150, 0.090,	350, 104, 454
0.160, 0.150, 0.090,	350, 104, 454
0.170, 0.150, 0.090,	350, 108, 458
0.180, 0.150, 0.090,	350, 124, 474
0.190, 0.150, 0.090,	350, 124, 474
0.200, 0.150, 0.090,	350, 124, 474
0.160, 0.160, 0.090,	350, 104, 454
0.170, 0.160, 0.090,	350, 108, 458
0.180, 0.160, 0.090,	350, 124, 474
0.190, 0.160, 0.090,	350, 124, 474
0.200, 0.160, 0.090,	350, 124, 474
0.170, 0.170, 0.090,	350, 108, 458
0.180, 0.170, 0.090,	350, 124, 474
0.190, 0.170, 0.090,	350, 124, 474
0.200, 0.170, 0.090,	350, 124, 474
0.180, 0.180, 0.090,	350, 132, 482
0.190, 0.180, 0.090,	350, 132, 482
0.200, 0.180, 0.090,	350, 132, 482
0.190, 0.190, 0.090,	350, 132, 482
0.200, 0.190, 0.090,	350, 132, 482
0.200, 0.200, 0.090,	350, 132, 482
0.100, 0.100, 0.100,	350,  96, 446
0.110, 0.100, 0.100,	350, 104, 454
0.120, 0.100, 0.100,	350, 104, 454
0.130, 0.100, 0.100,	350, 104, 454
0.140, 0.100, 0.100,	350, 112, 462
0.150, 0.100, 0.100,	350, 120, 470
0.160, 0.100, 0.100,	350, 120, 470
0.170, 0.100, 0.100,	350, 124, 474
0.180, 0.100, 0.100,	350, 140, 490
0.190, 0.100, 0.100,	350, 140, 490
0.200, 0.100, 0.100,	350, 140, 490
0.110, 0.110, 0.100,	350, 108, 458
0.120, 0.110, 0.100,	350, 108, 458
0.130, 0.110, 0.100,	350, 108, 458
0.140, 0.110, 0.100,	350, 116, 466
0.150, 0.110, 0.100,	350, 124, 474
0.160, 0.110, 0.100,	350, 124, 474
0.170, 0.110, 0.100,	350, 128, 478
0.180, 0.110, 0.100,	350, 144, 494
0.190, 0.110, 0.100,	350, 144, 494
0.200, 0.110, 0.100,	350, 144, 494
0.120, 0.120, 0.100,	350, 108, 458
0.130, 0.120, 0.100,	350, 108, 458
0.140, 0.120, 0.100,	350, 116, 466
0.150, 0.120, 0.100,	350, 124, 474
0.160, 0.120, 0.100,	350, 124, 474
0.170, 0.120, 0.100,	350, 128, 478
0.180, 0.120, 0.100,	350, 144, 494
0.190, 0.120, 0.100,	350, 144, 494
0.200, 0.120, 0.100,	350, 144, 494
0.130, 0.130, 0.100,	350, 108, 458
0.140, 0.130, 0.100,	350, 116, 466
0.150, 0.130, 0.100,	350, 124, 474
0.160, 0.130, 0.100,	350, 124, 474
0.170, 0.130, 0.100,	350, 128, 478
0.180, 0.130, 0.100,	350, 144, 494
0.190, 0.130, 0.100,	350, 144, 494
0.200, 0.130, 0.100,	350, 144, 494
0.140, 0.140, 0.100,	350, 120, 470
0.150, 0.140, 0.100,	350, 128, 478
0.160, 0.140, 0.100,	350, 128, 478
0.170, 0.140, 0.100,	350, 132, 482
0.180, 0.140, 0.100,	350, 148, 498
0.190, 0.140, 0.100,	350, 148, 498
0.200, 0.140, 0.100,	350, 148, 498
0.150, 0.150, 0.100,	350, 136, 486
0.160, 0.150, 0.100,	350, 136, 486
0.170, 0.150, 0.100,	350, 140, 490
0.180, 0.150, 0.100,	350, 156, 506
0.190, 0.150, 0.100,	350, 156, 506
0.200, 0.150, 0.100,	350, 156, 506
0.160, 0.160, 0.100,	350, 136, 486
0.170, 0.160, 0.100,	350, 140, 490
0.180, 0.160, 0.100,	350, 156, 506
0.190, 0.160, 0.100,	350, 156, 506
0.200, 0.160, 0.100,	350, 156, 506
0.170, 0.170, 0.100,	350, 140, 490
0.180, 0.170, 0.100,	350, 156, 506
0.190, 0.170, 0.100,	350, 156, 506
0.200, 0.170, 0.100,	350, 156, 506
0.180, 0.180, 0.100,	350, 164, 514
0.190, 0.180, 0.100,	350, 164, 514
0.200, 0.180, 0.100,	350, 164, 514
0.190, 0.190, 0.100,	350, 164, 514
0.200, 0.190, 0.100,	350, 164, 514
0.200, 0.200, 0.100,	350, 164, 514
0.110, 0.110, 0.110,	350, 140, 490
0.120, 0.110, 0.110,	350, 140, 490
0.130, 0.110, 0.110,	350, 140, 490
0.140, 0.110, 0.110,	350, 148, 498
0.150, 0.110, 0.110,	350, 156, 506
0.160, 0.110, 0.110,	350, 156, 506
0.170, 0.110, 0.110,	350, 160, 510
0.180, 0.110, 0.110,	350, 176, 526
0.190, 0.110, 0.110,	350, 176, 526
0.200, 0.110, 0.110,	350, 176, 526
0.120, 0.120, 0.110,	350, 140, 490
0.130, 0.120, 0.110,	350, 140, 490
0.140, 0.120, 0.110,	350, 148, 498
0.150, 0.120, 0.110,	350, 156, 506
0.160, 0.120, 0.110,	350, 156, 506
0.170, 0.120, 0.110,	350, 160, 510
0.180, 0.120, 0.110,	350, 176, 526
0.190, 0.120, 0.110,	350, 176, 526
0.200, 0.120, 0.110,	350, 176, 526
0.130, 0.130, 0.110,	350, 140, 490
0.140, 0.130, 0.110,	350, 148, 498
0.150, 0.130, 0.110,	350, 156, 506
0.160, 0.130, 0.110,	350, 156, 506
0.170, 0.130, 0.110,	350, 160, 510
0.180, 0.130, 0.110,	350, 176, 526
0.190, 0.130, 0.110,	350, 176, 526
0.200, 0.130, 0.110,	350, 176, 526
0.140, 0.140, 0.110,	350, 152, 502
0.150, 0.140, 0.110,	350, 160, 510
0.160, 0.140, 0.110,	350, 160, 510
0.170, 0.140, 0.110,	350, 164, 514
0.180, 0.140, 0.110,	350, 180, 530
0.190, 0.140, 0.110,	350, 180, 530
0.200, 0.140, 0.110,	350, 180, 530
0.150, 0.150, 0.110,	350, 168, 518
0.160, 0.150, 0.110,	350, 168, 518
0.170, 0.150, 0.110,	350, 172, 522
0.180, 0.150, 0.110,	350, 188, 538
0.190, 0.150, 0.110,	350, 188, 538
0.200, 0.150, 0.110,	350, 188, 538
0.160, 0.160, 0.110,	350, 168, 518
0.170, 0.160, 0.110,	350, 172, 522
0.180, 0.160, 0.110,	350, 188, 538
0.190, 0.160, 0.110,	350, 188, 538
0.200, 0.160, 0.110,	350, 188, 538
0.170, 0.170, 0.110,	350, 172, 522
0.180, 0.170, 0.110,	350, 188, 538
0.190, 0.170, 0.110,	350, 188, 538
0.200, 0.170, 0.110,	350, 188, 538
0.180, 0.180, 0.110,	350, 196, 546
0.190, 0.180, 0.110,	350, 196, 546
0.200, 0.180, 0.110,	350, 196, 546
0.190, 0.190, 0.110,	350, 196, 546
0.200, 0.190, 0.110,	350, 196, 546
0.200, 0.200, 0.110,	350, 196, 546
0.120, 0.120, 0.120,	350, 140, 490
0.130, 0.120, 0.120,	350, 140, 490
0.140, 0.120, 0.120,	350, 148, 498
0.150, 0.120, 0.120,	350, 156, 506
0.160, 0.120, 0.120,	350, 156, 506
0.170, 0.120, 0.120,	350, 160, 510
0.180, 0.120, 0.120,	350, 176, 526
0.190, 0.120, 0.120,	350, 176, 526
0.200, 0.120, 0.120,	350, 176, 526
0.130, 0.130, 0.120,	350, 140, 490
0.140, 0.130, 0.120,	350, 148, 498
0.150, 0.130, 0.120,	350, 156, 506
0.160, 0.130, 0.120,	350, 156, 506
0.170, 0.130, 0.120,	350, 160, 510
0.180, 0.130, 0.120,	350, 176, 526
0.190, 0.130, 0.120,	350, 176, 526
0.200, 0.130, 0.120,	350, 176, 526
0.140, 0.140, 0.120,	350, 152, 502
0.150, 0.140, 0.120,	350, 160, 510
0.160, 0.140, 0.120,	350, 160, 510
0.170, 0.140, 0.120,	350, 164, 514
0.180, 0.140, 0.120,	350, 180, 530
0.190, 0.140, 0.120,	350, 180, 530
0.200, 0.140, 0.120,	350, 180, 530
0.150, 0.150, 0.120,	350, 168, 518
0.160, 0.150, 0.120,	350, 168, 518
0.170, 0.150, 0.120,	350, 172, 522
0.180, 0.150, 0.120,	350, 188, 538
0.190, 0.150, 0.120,	350, 188, 538
0.200, 0.150, 0.120,	350, 188, 538
0.160, 0.160, 0.120,	350, 168, 518
0.170, 0.160, 0.120,	350, 172, 522
0.180, 0.160, 0.120,	350, 188, 538
0.190, 0.160, 0.120,	350, 188, 538
0.200, 0.160, 0.120,	350, 188, 538
0.170, 0.170, 0.120,	350, 172, 522
0.180, 0.170, 0.120,	350, 188, 538
0.190, 0.170, 0.120,	350, 188, 538
0.200, 0.170, 0.120,	350, 188, 538
0.180, 0.180, 0.120,	350, 196, 546
0.190, 0.180, 0.120,	350, 196, 546
0.200, 0.180, 0.120,	350, 196, 546
0.190, 0.190, 0.120,	350, 196, 546
0.200, 0.190, 0.120,	350, 196, 546
0.200, 0.200, 0.120,	350, 196, 546
0.130, 0.130, 0.130,	350, 140, 490
0.140, 0.130, 0.130,	350, 148, 498
0.150, 0.130, 0.130,	350, 156, 506
0.160, 0.130, 0.130,	350, 156, 506
0.170, 0.130, 0.130,	350, 160, 510
0.180, 0.130, 0.130,	350, 176, 526
0.190, 0.130, 0.130,	350, 176, 526
0.200, 0.130, 0.130,	350, 176, 526
0.140, 0.140, 0.130,	350, 152, 502
0.150, 0.140, 0.130,	350, 160, 510
0.160, 0.140, 0.130,	350, 160, 510
0.170, 0.140, 0.130,	350, 164, 514
0.180, 0.140, 0.130,	350, 180, 530
0.190, 0.140, 0.130,	350, 180, 530
0.200, 0.140, 0.130,	350, 180, 530
0.150, 0.150, 0.130,	350, 168, 518
0.160, 0.150, 0.130,	350, 168, 518
0.170, 0.150, 0.130,	350, 172, 522
0.180, 0.150, 0.130,	350, 188, 538
0.190, 0.150, 0.130,	350, 188, 538
0.200, 0.150, 0.130,	350, 188, 538
0.160, 0.160, 0.130,	350, 168, 518
0.170, 0.160, 0.130,	350, 172, 522
0.180, 0.160, 0.130,	350, 188, 538
0.190, 0.160, 0.130,	350, 188, 538
0.200, 0.160, 0.130,	350, 188, 538
0.170, 0.170, 0.130,	350, 172, 522
0.180, 0.170, 0.130,	350, 188, 538
0.190, 0.170, 0.130,	350, 188, 538
0.200, 0.170, 0.130,	350, 188, 538
0.180, 0.180, 0.130,	350, 196, 546
0.190, 0.180, 0.130,	350, 196, 546
0.200, 0.180, 0.130,	350, 196, 546
0.190, 0.190, 0.130,	350, 196, 546
0.200, 0.190, 0.130,	350, 196, 546
0.200, 0.200, 0.130,	350, 196, 546
0.140, 0.140, 0.140,	350, 184, 534
0.150, 0.140, 0.140,	350, 192, 542
0.160, 0.140, 0.140,	350, 192, 542
0.170, 0.140, 0.140,	350, 196, 546
0.180, 0.140, 0.140,	350, 212, 562
0.190, 0.140, 0.140,	350, 212, 562
0.200, 0.140, 0.140,	350, 212, 562
0.150, 0.150, 0.140,	350, 200, 550
0.160, 0.150, 0.140,	350, 200, 550
0.170, 0.150, 0.140,	350, 204, 554
0.180, 0.150, 0.140,	350, 220, 570
0.190, 0.150, 0.140,	350, 220, 570
0.200, 0.150, 0.140,	350, 220, 570
0.160, 0.160, 0.140,	350, 200, 550
0.170, 0.160, 0.140,	350, 204, 554
0.180, 0.160, 0.140,	350, 220, 570
0.190, 0.160, 0.140,	350, 220, 570
0.200, 0.160, 0.140,	350, 220, 570
0.170, 0.170, 0.140,	350, 204, 554
0.180, 0.170, 0.140,	350, 220, 570
0.190, 0.170, 0.140,	350, 220, 570
0.200, 0.170, 0.140,	350, 220, 570
0.180, 0.180, 0.140,	350, 228, 578
0.190, 0.180, 0.140,	350, 228, 578
0.200, 0.180, 0.140,	350, 228, 578
0.190, 0.190, 0.140,	350, 228, 578
0.200, 0.190, 0.140,	350, 228, 578
0.200, 0.200, 0.140,	350, 228, 578
0.150, 0.150, 0.150,	350, 232, 582
0.160, 0.150, 0.150,	350, 232, 582
0.170, 0.150, 0.150,	350, 236, 586
0.180, 0.150, 0.150,	350, 252, 602
0.190, 0.150, 0.150,	350, 252, 602
0.200, 0.150, 0.150,	350, 252, 602
0.160, 0.160, 0.150,	350, 232, 582
0.170, 0.160, 0.150,	350, 236, 586
0.180, 0.160, 0.150,	350, 252, 602
0.190, 0.160, 0.150,	350, 252, 602
0.200, 0.160, 0.150,	350, 252, 602
0.170, 0.170, 0.150,	350, 236, 586
0.180, 0.170, 0.150,	350, 252, 602
0.190, 0.170, 0.150,	350, 252, 602
0.200, 0.170, 0.150,	350, 252, 602
0.180, 0.180, 0.150,	350, 260, 610
0.190, 0.180, 0.150,	350, 260, 610
0.200, 0.180, 0.150,	350, 260, 610
0.190, 0.190, 0.150,	350, 260, 610
0.200, 0.190, 0.150,	350, 260, 610
0.200, 0.200, 0.150,	350, 260, 610
0.160, 0.160, 0.160,	350, 232, 582
0.170, 0.160, 0.160,	350, 236, 586
0.180, 0.160, 0.160,	350, 252, 602
0.190, 0.160, 0.160,	350, 252, 602
0.200, 0.160, 0.160,	350, 252, 602
0.170, 0.170, 0.160,	350, 236, 586
0.180, 0.170, 0.160,	350, 252, 602
0.190, 0.170, 0.160,	350, 252, 602
0.200, 0.170, 0.160,	350, 252, 602
0.180, 0.180, 0.160,	350, 260, 610
0.190, 0.180, 0.160,	350, 260, 610
0.200, 0.180, 0.160,	350, 260, 610
0.190, 0.190, 0.160,	350, 260, 610
0.200, 0.190, 0.160,	350, 260, 610
0.200, 0.200, 0.160,	350, 260, 610
0.170, 0.170, 0.170,	350, 252, 602
0.180, 0.170, 0.170,	350, 268, 618
0.190, 0.170, 0.170,	350, 268, 618
0.200, 0.170, 0.170,	350, 268, 618
0.180, 0.180, 0.170,	350, 276, 626
0.190, 0.180, 0.170,	350, 276, 626
0.200, 0.180, 0.170,	350, 276, 626
0.190, 0.190, 0.170,	350, 276, 626
0.200, 0.190, 0.170,	350, 276, 626
0.200, 0.200, 0.170,	350, 276, 626
0.180, 0.180, 0.180,	350, 340, 690
0.190, 0.180, 0.180,	350, 340, 690
0.200, 0.180, 0.180,	350, 340, 690
0.190, 0.190, 0.180,	350, 340, 690
0.200, 0.190, 0.180,	350, 340, 690
0.200, 0.200, 0.180,	350, 340, 690
0.190, 0.190, 0.190,	350, 340, 690
0.200, 0.190, 0.190,	350, 340, 690
0.200, 0.200, 0.190,	350, 340, 690
0.200, 0.200, 0.200,	350, 340, 690
