order = 77
 ref0,  ref1,  ref2,    nR,  nG, nDir
0.000, 0.000, 0.000,	2030,   0, 2030
0.010, 0.000, 0.000,	2030,   4, 2034
0.020, 0.000, 0.000,	2030,  16, 2046
0.030, 0.000, 0.000,	2030,  16, 2046
0.040, 0.000, 0.000,	2030,  36, 2066
0.050, 0.000, 0.000,	2030,  40, 2070
0.060, 0.000, 0.000,	2030,  56, 2086
0.070, 0.000, 0.000,	2030,  72, 2102
0.080, 0.000, 0.000,	2030,  92, 2122
0.090, 0.000, 0.000,	2030, 112, 2142
0.100, 0.000, 0.000,	2030, 136, 2166
0.110, 0.000, 0.000,	2030, 152, 2182
0.120, 0.000, 0.000,	2030, 180, 2210
0.130, 0.000, 0.000,	2030, 200, 2230
0.140, 0.000, 0.000,	2030, 232, 2262
0.150, 0.000, 0.000,	2030, 256, 2286
0.160, 0.000, 0.000,	2030, 292, 2322
0.170, 0.000, 0.000,	2030, 312, 2342
0.180, 0.000, 0.000,	2030, 344, 2374
0.190, 0.000, 0.000,	2030, 376, 2406
0.200, 0.000, 0.000,	2030, 412, 2442
0.010, 0.010, 0.000,	2030,   8, 2038
0.020, 0.010, 0.000,	2030,  20, 2050
0.030, 0.010, 0.000,	2030,  20, 2050
0.040, 0.010, 0.000,	2030,  40, 2070
0.050, 0.010, 0.000,	2030,  44, 2074
0.060, 0.010, 0.000,	2030,  60, 2090
0.070, 0.010, 0.000,	2030,  76, 2106
0.080, 0.010, 0.000,	2030,  96, 2126
0.090, 0.010, 0.000,	2030, 116, 2146
0.100, 0.010, 0.000,	2030, 140, 2170
0.110, 0.010, 0.000,	2030, 156, 2186
0.120, 0.010, 0.000,	2030, 184, 2214
0.130, 0.010, 0.000,	2030, 204, 2234
0.140, 0.010, 0.000,	2030, 236, 2266
0.150, 0.010, 0.000,	2030, 260, 2290
0.160, 0.010, 0.000,	2030, 296, 2326
0.170, 0.010, 0.000,	2030, 316, 2346
0.180, 0.010, 0.000,	2030, 348, 2378
0.190, 0.010, 0.000,	2030, 380, 2410
0.200, 0.010, 0.000,	2030, 416, 2446
0.020, 0.020, 0.000,	2030,  28, 2058
0.030, 0.020, 0.000,	2030,  28, 2058
0.040, 0.020, 0.000,	2030,  48, 2078
0.050, 0.020, 0.000,	2030,  52, 2082
0.060, 0.020, 0.000,	2030,  68, 2098
0.070, 0.020, 0.000,	2030,  84, 2114
0.080, 0.020, 0.000,	2030, 104, 2134
0.090, 0.020, 0.000,	2030, 124, 2154
0.100, 0.020, 0.000,	2030, 148, 2178
0.110, 0.020, 0.000,	2030, 164, 2194
0.120, 0.020, 0.000,	2030, 192, 2222
0.130, 0.020, 0.000,	2030, 212, 2242
0.140, 0.020, 0.000,	2030, 244, 2274
0.150, 0.020, 0.000,	2030, 268, 2298
0.160, 0.020, 0.000,	2030, 304, 2334
0.170, 0.020, 0.000,	2030, 324, 2354
0.180, 0.020, 0.000,	2030, 356, 2386
0.190, 0.020, 0.000,	2030, 388, 2418
0.200, 0.020, 0.000,	2030, 424, 2454
0.030, 0.030, 0.000,	2030,  28, 2058
0.040, 0.030, 0.000,	2030,  48, 2078
0.050, 0.030, 0.000,	2030,  52, 2082
0.060, 0.030, 0.000,	2030,  68, 2098
0.070, 0.030, 0.000,	2030,  84, 2114
0.080, 0.030, 0.000,	2030, 104, 2134
0.090, 0.030, 0.000,	2030, 124, 2154
0.100, 0.030, 0.000,	2030, 148, 2178
0.110, 0.030, 0.000,	2030, 164, 2194
0.120, 0.030, 0.000,	2030, 192, 2222
0.130, 0.030, 0.000,	2030, 212, 2242
0.140, 0.030, 0.000,	2030, 244, 2274
0.150, 0.030, 0.000,	2030, 268, 2298
0.160, 0.030, 0.000,	2030, 304, 2334
0.170, 0.030, 0.000,	2030, 324, 2354
0.180, 0.030, 0.000,	2030, 356, 2386
0.190, 0.030, 0.000,	2030, 388, 2418
0.200, 0.030, 0.000,	2030, 424, 2454
0.040, 0.040, 0.000,	2030,  60, 2090
0.050, 0.040, 0.000,	2030,  64, 2094
0.060, 0.040, 0.000,	2030,  80, 2110
0.070, 0.040, 0.000,	2030,  96, 2126
0.080, 0.040, 0.000,	2030, 116, 2146
0.090, 0.040, 0.000,	2030, 136, 2166
0.100, 0.040, 0.000,	2030, 160, 2190
0.110, 0.040, 0.000,	2030, 176, 2206
0.120, 0.040, 0.000,	2030, 204, 2234
0.130, 0.040, 0.000,	2030, 224, 2254
0.140, 0.040, 0.000,	2030, 256, 2286
0.150, 0.040, 0.000,	2030, 280, 2310
0.160, 0.040, 0.000,	2030, 316, 2346
0.170, 0.040, 0.000,	2030, 336, 2366
0.180, 0.040, 0.000,	2030, 368, 2398
0.190, 0.040, 0.000,	2030, 400, 2430
0.200, 0.040, 0.000,	2030, 436, 2466
0.050, 0.050, 0.000,	2030,  68, 2098
0.060, 0.050, 0.000,	2030,  84, 2114
0.070, 0.050, 0.000,	2030, 100, 2130
0.080, 0.050, 0.000,	2030, 120, 2150
0.090, 0.050, 0.000,	2030, 140, 2170
0.100, 0.050, 0.000,	2030, 164, 2194
0.110, 0.050, 0.000,	2030, 180, 2210
0.120, 0.050, 0.000,	2030, 208, 2238
0.130, 0.050, 0.000,	2030, 228, 2258
0.140, 0.050, 0.000,	2030, 260, 2290
0.150, 0.050, 0.000,	2030, 284, 2314
0.160, 0.050, 0.000,	2030, 320, 2350
0.170, 0.050, 0.000,	2030, 340, 2370
0.180, 0.050, 0.000,	2030, 372, 2402
0.190, 0.050, 0.000,	2030, 404, 2434
0.200, 0.050, 0.000,	2030, 440, 2470
0.060, 0.060, 0.000,	2030,  92, 2122
0.070, 0.060, 0.000,	2030, 108, 2138
0.080, 0.060, 0.000,	2030, 128, 2158
0.090, 0.060, 0.000,	2030, 148, 2178
0.100, 0.060, 0.000,	2030, 172, 2202
0.110, 0.060, 0.000,	2030, 188, 2218
0.120, 0.060, 0.000,	2030, 216, 2246
0.130, 0.060, 0.000,	2030, 236, 2266
0.140, 0.060, 0.000,	2030, 268, 2298
0.150, 0.060, 0.000,	2030, 292, 2322
0.160, 0.060, 0.000,	2030, 328, 2358
0.170, 0.060, 0.000,	2030, 348, 2378
0.180, 0.060, 0.000,	2030, 380, 2410
0.190, 0.060, 0.000,	2030, 412, 2442
0.200, 0.060, 0.000,	2030, 448, 2478
0.070, 0.070, 0.000,	2030, 120, 2150
0.080, 0.070, 0.000,	2030, 140, 2170
0.090, 0.070, 0.000,	2030, 160, 2190
0.100, 0.070, 0.000,	2030, 184, 2214
0.110, 0.070, 0.000,	2030, 200, 2230
0.120, 0.070, 0.000,	2030, 228, 2258
0.130, 0.070, 0.000,	2030, 248, 2278
0.140, 0.070, 0.000,	2030, 280, 2310
0.150, 0.070, 0.000,	2030, 304, 2334
0.160, 0.070, 0.000,	2030, 340, 2370
0.170, 0.070, 0.000,	2030, 360, 2390
0.180, 0.070, 0.000,	2030, 392, 2422
0.190, 0.070, 0.000,	2030, 424, 2454
0.200, 0.070, 0.000,	2030, 460, 2490
0.080, 0.080, 0.000,	2030, 148, 2178
0.090, 0.080, 0.000,	2030, 168, 2198
0.100, 0.080, 0.000,	2030, 192, 2222
0.110, 0.080, 0.000,	2030, 208, 2238
0.120, 0.080, 0.000,	2030, 236, 2266
0.130, 0.080, 0.000,	2030, 256, 2286
0.140, 0.080, 0.000,	2030, 288, 2318
0.150, 0.080, 0.000,	2030, 312, 2342
0.160, 0.080, 0.000,	2030, 348, 2378
0.170, 0.080, 0.000,	2030, 368, 2398
0.180, 0.080, 0.000,	2030, 400, 2430
0.190, 0.080, 0.000,	2030, 432, 2462
0.200, 0.080, 0.000,	2030, 468, 2498
0.090, 0.090, 0.000,	2030, 184, 2214
0.100, 0.090, 0.000,	2030, 208, 2238
0.110, 0.090, 0.000,	2030, 224, 2254
0.120, 0.090, 0.000,	2030, 252, 2282
0.130, 0.090, 0.000,	2030, 272, 2302
0.140, 0.090, 0.000,	2030, 304, 2334
0.150, 0.090, 0.000,	2030, 328, 2358
0.160, 0.090, 0.000,	2030, 364, 2394
0.170, 0.090, 0.000,	2030, 384, 2414
0.180, 0.090, 0.000,	2030, 416, 2446
0.190, 0.090, 0.000,	2030, 448, 2478
0.200, 0.090, 0.000,	2030, 484, 2514
0.100, 0.100, 0.000,	2030, 216, 2246
0.110, 0.100, 0.000,	2030, 232, 2262
0.120, 0.100, 0.000,	2030, 260, 2290
0.130, 0.100, 0.000,	2030, 280, 2310
0.140, 0.100, 0.000,	2030, 312, 2342
0.150, 0.100, 0.000,	2030, 336, 2366
0.160, 0.100, 0.000,	2030, 372, 2402
0.170, 0.100, 0.000,	2030, 392, 2422
0.180, 0.100, 0.000,	2030, 424, 2454
0.190, 0.100, 0.000,	2030, 456, 2486
0.200, 0.100, 0.000,	2030, 492, 2522
0.110, 0.110, 0.000,	2030, 244, 2274
0.120, 0.110, 0.000,	2030, 272, 2302
0.130, 0.110, 0.000,	2030, 292, 2322
0.140, 0.110, 0.000,	2030, 324, 2354
0.150, 0.110, 0.000,	2030, 348, 2378
0.160, 0.110, 0.000,	2030, 384, 2414
0.170, 0.110, 0.000,	2030, 404, 2434
0.180, 0.110, 0.000,	2030, 436, 2466
0.190, 0.110, 0.000,	2030, 468, 2498
0.200, 0.110, 0.000,	2030, 504, 2534
0.120, 0.120, 0.000,	2030, 288, 2318
0.130, 0.120, 0.000,	2030, 308, 2338
0.140, 0.120, 0.000,	2030, 340, 2370
0.150, 0.120, 0.000,	2030, 364, 2394
0.160, 0.120, 0.000,	2030, 400, 2430
0.170, 0.120, 0.000,	2030, 420, 2450
0.180, 0.120, 0.000,	2030, 452, 2482
0.190, 0.120, 0.000,	2030, 484, 2514
0.200, 0.120, 0.000,	2030, 520, 2550
0.130, 0.130, 0.000,	2030, 320, 2350
0.140, 0.130, 0.000,	2030, 352, 2382
0.150, 0.130, 0.000,	2030, 376, 2406
0.160, 0.130, 0.000,	2030, 412, 2442
0.170, 0.130, 0.000,	2030, 432, 2462
0.180, 0.130, 0.000,	2030, 464, 2494
0.190, 0.130, 0.000,	2030, 496, 2526
0.200, 0.130, 0.000,	2030, 532, 2562
0.140, 0.140, 0.000,	2030, 364, 2394
0.150, 0.140, 0.000,	2030, 388, 2418
0.160, 0.140, 0.000,	2030, 424, 2454
0.170, 0.140, 0.000,	2030, 444, 2474
0.180, 0.140, 0.000,	2030, 476, 2506
0.190, 0.140, 0.000,	2030, 508, 2538
0.200, 0.140, 0.000,	2030, 544, 2574
0.150, 0.150, 0.000,	2030, 404, 2434
0.160, 0.150, 0.000,	2030, 440, 2470
0.170, 0.150, 0.000,	2030, 460, 2490
0.180, 0.150, 0.000,	2030, 492, 2522
0.190, 0.150, 0.000,	2030, 524, 2554
0.200, 0.150, 0.000,	2030, 560, 2590
0.160, 0.160, 0.000,	2030, 460, 2490
0.170, 0.160, 0.000,	2030, 480, 2510
0.180, 0.160, 0.000,	2030, 512, 2542
0.190, 0.160, 0.000,	2030, 544, 2574
0.200, 0.160, 0.000,	2030, 580, 2610
0.170, 0.170, 0.000,	2030, 492, 2522
0.180, 0.170, 0.000,	2030, 524, 2554
0.190, 0.170, 0.000,	2030, 556, 2586
0.200, 0.170, 0.000,	2030, 592, 2622
0.180, 0.180, 0.000,	2030, 540, 2570
0.190, 0.180, 0.000,	2030, 572, 2602
0.200, 0.180, 0.000,	2030, 608, 2638
0.190, 0.190, 0.000,	2030, 584, 2614
0.200, 0.190, 0.000,	2030, 620, 2650
0.200, 0.200, 0.000,	2030, 644, 2674
0.010, 0.010, 0.010,	2030,  24, 2054
0.020, 0.010, 0.010,	2030,  36, 2066
0.030, 0.010, 0.010,	2030,  36, 2066
0.040, 0.010, 0.010,	2030,  56, 2086
0.050, 0.010, 0.010,	2030,  60, 2090
0.060, 0.010, 0.010,	2030,  76, 2106
0.070, 0.010, 0.010,	2030,  92, 2122
0.080, 0.010, 0.010,	2030, 112, 2142
0.090, 0.010, 0.010,	2030, 132, 2162
0.100, 0.010, 0.010,	2030, 156, 2186
0.110, 0.010, 0.010,	2030, 172, 2202
0.120, 0.010, 0.010,	2030, 200, 2230
0.130, 0.010, 0.010,	2030, 220, 2250
0.140, 0.010, 0.010,	2030, 252, 2282
0.150, 0.010, 0.010,	2030, 276, 2306
0.160, 0.010, 0.010,	2030, 312, 2342
0.170, 0.010, 0.010,	2030, 332, 2362
0.180, 0.010, 0.010,	2030, 364, 2394
0.190, 0.010, 0.010,	2030, 396, 2426
0.200, 0.010, 0.010,	2030, 432, 2462
0.020, 0.020, 0.010,	2030,  44, 2074
0.030, 0.020, 0.010,	2030,  44, 2074
0.040, 0.020, 0.010,	2030,  64, 2094
0.050, 0.020, 0.010,	2030,  68, 2098
0.060, 0.020, 0.010,	2030,  84, 2114
0.070, 0.020, 0.010,	2030, 100, 2130
0.080, 0.020, 0.010,	2030, 120, 2150
0.090, 0.020, 0.010,	2030, 140, 2170
0.100, 0.020, 0.010,	2030, 164, 2194
0.110, 0.020, 0.010,	2030, 180, 2210
0.120, 0.020, 0.010,	2030, 208, 2238
0.130, 0.020, 0.010,	2030, 228, 2258
0.140, 0.020, 0.010,	2030, 260, 2290
0.150, 0.020, 0.010,	2030, 284, 2314
0.160, 0.020, 0.010,	2030, 320, 2350
0.170, 0.020, 0.010,	2030, 340, 2370
0.180, 0.020, 0.010,	2030, 372, 2402
0.190, 0.020, 0.010,	2030, 404, 2434
0.200, 0.020, 0.010,	2030, 440, 2470
0.030, 0.030, 0.010,	2030,  44, 2074
0.040, 0.030, 0.010,	2030,  64, 2094
0.050, 0.030, 0.010,	2030,  68, 2098
0.060, 0.030, 0.010,	2030,  84, 2114
0.070, 0.030, 0.010,	2030, 100, 2130
0.080, 0.030, 0.010,	2030, 120, 2150
0.090, 0.030, 0.010,	2030, 140, 2170
0.100, 0.030, 0.010,	2030, 164, 2194
0.110, 0.030, 0.010,	2030, 180, 2210
0.120, 0.030, 0.010,	2030, 208, 2238
0.130, 0.030, 0.010,	2030, 228, 2258
0.140, 0.030, 0.010,	2030, 260, 2290
0.150, 0.030, 0.010,	2030, 284, 2314
0.160, 0.030, 0.010,	2030, 320, 2350
0.170, 0.030, 0.010,	2030, 340, 2370
0.180, 0.030, 0.010,	2030, 372, 2402
0.190, 0.030, 0.010,	2030, 404, 2434
0.200, 0.030, 0.010,	2030, 440, 2470
0.040, 0.040, 0.010,	2030,  76, 2106
0.050, 0.040, 0.010,	2030,  80, 2110
0.060, 0.040, 0.010,	2030,  96, 2126
0.070, 0.040, 0.010,	2030, 112, 2142
0.080, 0.040, 0.010,	2030, 132, 2162
0.090, 0.040, 0.010,	2030, 152, 2182
0.100, 0.040, 0.010,	2030, 176, 2206
0.110, 0.040, 0.010,	2030, 192, 2222
0.120, 0.040, 0.010,	2030, 220, 2250
0.130, 0.040, 0.010,	2030, 240, 2270
0.140, 0.040, 0.010,	2030, 272, 2302
0.150, 0.040, 0.010,	2030, 296, 2326
0.160, 0.040, 0.010,	2030, 332, 2362
0.170, 0.040, 0.010,	2030, 352, 2382
0.180, 0.040, 0.010,	2030, 384, 2414
0.190, 0.040, 0.010,	2030, 416, 2446
0.200, 0.040, 0.010,	2030, 452, 2482
0.050, 0.050, 0.010,	2030,  84, 2114
0.060, 0.050, 0.010,	2030, 100, 2130
0.070, 0.050, 0.010,	2030, 116, 2146
0.080, 0.050, 0.010,	2030, 136, 2166
0.090, 0.050, 0.010,	2030, 156, 2186
0.100, 0.050, 0.010,	2030, 180, 2210
0.110, 0.050, 0.010,	2030, 196, 2226
0.120, 0.050, 0.010,	2030, 224, 2254
0.130, 0.050, 0.010,	2030, 244, 2274
0.140, 0.050, 0.010,	2030, 276, 2306
0.150, 0.050, 0.010,	2030, 300, 2330
0.160, 0.050, 0.010,	2030, 336, 2366
0.170, 0.050, 0.010,	2030, 356, 2386
0.180, 0.050, 0.010,	2030, 388, 2418
0.190, 0.050, 0.010,	2030, 420, 2450
0.200, 0.050, 0.010,	2030, 456, 2486
0.060, 0.060, 0.010,	2030, 108, 2138
0.070, 0.060, 0.010,	2030, 124, 2154
0.080, 0.060, 0.010,	2030, 144, 2174
0.090, 0.060, 0.010,	2030, 164, 2194
0.100, 0.060, 0.010,	2030, 188, 2218
0.110, 0.060, 0.010,	2030, 204, 2234
0.120, 0.060, 0.010,	2030, 232, 2262
0.130, 0.060, 0.010,	2030, 252, 2282
0.140, 0.060, 0.010,	2030, 284, 2314
0.150, 0.060, 0.010,	2030, 308, 2338
0.160, 0.060, 0.010,	2030, 344, 2374
0.170, 0.060, 0.010,	2030, 364, 2394
0.180, 0.060, 0.010,	2030, 396, 2426
0.190, 0.060, 0.010,	2030, 428, 2458
0.200, 0.060, 0.010,	2030, 464, 2494
0.070, 0.070, 0.010,	2030, 136, 2166
0.080, 0.070, 0.010,	2030, 156, 2186
0.090, 0.070, 0.010,	2030, 176, 2206
0.100, 0.070, 0.010,	2030, 200, 2230
0.110, 0.070, 0.010,	2030, 216, 2246
0.120, 0.070, 0.010,	2030, 244, 2274
0.130, 0.070, 0.010,	2030, 264, 2294
0.140, 0.070, 0.010,	2030, 296, 2326
0.150, 0.070, 0.010,	2030, 320, 2350
0.160, 0.070, 0.010,	2030, 356, 2386
0.170, 0.070, 0.010,	2030, 376, 2406
0.180, 0.070, 0.010,	2030, 408, 2438
0.190, 0.070, 0.010,	2030, 440, 2470
0.200, 0.070, 0.010,	2030, 476, 2506
0.080, 0.080, 0.010,	2030, 164, 2194
0.090, 0.080, 0.010,	2030, 184, 2214
0.100, 0.080, 0.010,	2030, 208, 2238
0.110, 0.080, 0.010,	2030, 224, 2254
0.120, 0.080, 0.010,	2030, 252, 2282
0.130, 0.080, 0.010,	2030, 272, 2302
0.140, 0.080, 0.010,	2030, 304, 2334
0.150, 0.080, 0.010,	2030, 328, 2358
0.160, 0.080, 0.010,	2030, 364, 2394
0.170, 0.080, 0.010,	2030, 384, 2414
0.180, 0.080, 0.010,	2030, 416, 2446
0.190, 0.080, 0.010,	2030, 448, 2478
0.200, 0.080, 0.010,	2030, 484, 2514
0.090, 0.090, 0.010,	2030, 200, 2230
0.100, 0.090, 0.010,	2030, 224, 2254
0.110, 0.090, 0.010,	2030, 240, 2270
0.120, 0.090, 0.010,	2030, 268, 2298
0.130, 0.090, 0.010,	2030, 288, 2318
0.140, 0.090, 0.010,	2030, 320, 2350
0.150, 0.090, 0.010,	2030, 344, 2374
0.160, 0.090, 0.010,	2030, 380, 2410
0.170, 0.090, 0.010,	2030, 400, 2430
0.180, 0.090, 0.010,	2030, 432, 2462
0.190, 0.090, 0.010,	2030, 464, 2494
0.200, 0.090, 0.010,	2030, 500, 2530
0.100, 0.100, 0.010,	2030, 232, 2262
0.110, 0.100, 0.010,	2030, 248, 2278
0.120, 0.100, 0.010,	2030, 276, 2306
0.130, 0.100, 0.010,	2030, 296, 2326
0.140, 0.100, 0.010,	2030, 328, 2358
0.150, 0.100, 0.010,	2030, 352, 2382
0.160, 0.100, 0.010,	2030, 388, 2418
0.170, 0.100, 0.010,	2030, 408, 2438
0.180, 0.100, 0.010,	2030, 440, 2470
0.190, 0.100, 0.010,	2030, 472, 2502
0.200, 0.100, 0.010,	2030, 508, 2538
0.110, 0.110, 0.010,	2030, 260, 2290
0.120, 0.110, 0.010,	2030, 288, 2318
0.130, 0.110, 0.010,	2030, 308, 2338
0.140, 0.110, 0.010,	2030, 340, 2370
0.150, 0.110, 0.010,	2030, 364, 2394
0.160, 0.110, 0.010,	2030, 400, 2430
0.170, 0.110, 0.010,	2030, 420, 2450
0.180, 0.110, 0.010,	2030, 452, 2482
0.190, 0.110, 0.010,	2030, 484, 2514
0.200, 0.110, 0.010,	2030, 520, 2550
0.120, 0.120, 0.010,	2030, 304, 2334
0.130, 0.120, 0.010,	2030, 324, 2354
0.140, 0.120, 0.010,	2030, 356, 2386
0.150, 0.120, 0.010,	2030, 380, 2410
0.160, 0.120, 0.010,	2030, 416, 2446
0.170, 0.120, 0.010,	2030, 436, 2466
0.180, 0.120, 0.010,	2030, 468, 2498
0.190, 0.120, 0.010,	2030, 500, 2530
0.200, 0.120, 0.010,	2030, 536, 2566
0.130, 0.130, 0.010,	2030, 336, 2366
0.140, 0.130, 0.010,	2030, 368, 2398
0.150, 0.130, 0.010,	2030, 392, 2422
0.160, 0.130, 0.010,	2030, 428, 2458
0.170, 0.130, 0.010,	2030, 448, 2478
0.180, 0.130, 0.010,	2030, 480, 2510
0.190, 0.130, 0.010,	2030, 512, 2542
0.200, 0.130, 0.010,	2030, 548, 2578
0.140, 0.140, 0.010,	2030, 380, 2410
0.150, 0.140, 0.010,	2030, 404, 2434
0.160, 0.140, 0.010,	2030, 440, 2470
0.170, 0.140, 0.010,	2030, 460, 2490
0.180, 0.140, 0.010,	2030, 492, 2522
0.190, 0.140, 0.010,	2030, 524, 2554
0.200, 0.140, 0.010,	2030, 560, 2590
0.150, 0.150, 0.010,	2030, 420, 2450
0.160, 0.150, 0.010,	2030, 456, 2486
0.170, 0.150, 0.010,	2030, 476, 2506
0.180, 0.150, 0.010,	2030, 508, 2538
0.190, 0.150, 0.010,	2030, 540, 2570
0.200, 0.150, 0.010,	2030, 576, 2606
0.160, 0.160, 0.010,	2030, 476, 2506
0.170, 0.160, 0.010,	2030, 496, 2526
0.180, 0.160, 0.010,	2030, 528, 2558
0.190, 0.160, 0.010,	2030, 560, 2590
0.200, 0.160, 0.010,	2030, 596, 2626
0.170, 0.170, 0.010,	2030, 508, 2538
0.180, 0.170, 0.010,	2030, 540, 2570
0.190, 0.170, 0.010,	2030, 572, 2602
0.200, 0.170, 0.010,	2030, 608, 2638
0.180, 0.180, 0.010,	2030, 556, 2586
0.190, 0.180, 0.010,	2030, 588, 2618
0.200, 0.180, 0.010,	2030, 624, 2654
0.190, 0.190, 0.010,	2030, 600, 2630
0.200, 0.190, 0.010,	2030, 636, 2666
0.200, 0.200, 0.010,	2030, 660, 2690
0.020, 0.020, 0.020,	2030,  92, 2122
0.030, 0.020, 0.020,	2030,  92, 2122
0.040, 0.020, 0.020,	2030, 112, 2142
0.050, 0.020, 0.020,	2030, 116, 2146
0.060, 0.020, 0.020,	2030, 132, 2162
0.070, 0.020, 0.020,	2030, 148, 2178
0.080, 0.020, 0.020,	2030, 168, 2198
0.090, 0.020, 0.020,	2030, 188, 2218
0.100, 0.020, 0.020,	2030, 212, 2242
0.110, 0.020, 0.020,	2030, 228, 2258
0.120, 0.020, 0.020,	2030, 256, 2286
0.130, 0.020, 0.020,	2030, 276, 2306
0.140, 0.020, 0.020,	2030, 308, 2338
0.150, 0.020, 0.020,	2030, 332, 2362
0.160, 0.020, 0.020,	2030, 368, 2398
0.170, 0.020, 0.020,	2030, 388, 2418
0.180, 0.020, 0.020,	2030, 420, 2450
0.190, 0.020, 0.020,	2030, 452, 2482
0.200, 0.020, 0.020,	2030, 488, 2518
0.030, 0.030, 0.020,	2030,  92, 2122
0.040, 0.030, 0.020,	2030, 112, 2142
0.050, 0.030, 0.020,	2030, 116, 2146
0.060, 0.030, 0.020,	2030, 132, 2162
0.070, 0.030, 0.020,	2030, 148, 2178
0.080, 0.030, 0.020,	2030, 168, 2198
0.090, 0.030, 0.020,	2030, 188, 2218
0.100, 0.030, 0.020,	2030, 212, 2242
0.110, 0.030, 0.020,	2030, 228, 2258
0.120, 0.030, 0.020,	2030, 256, 2286
0.130, 0.030, 0.020,	2030, 276, 2306
0.140, 0.030, 0.020,	2030, 308, 2338
0.150, 0.030, 0.020,	2030, 332, 2362
0.160, 0.030, 0.020,	2030, 368, 2398
0.170, 0.030, 0.020,	2030, 388, 2418
0.180, 0.030, 0.020,	2030, 420, 2450
0.190, 0.030, 0.020,	2030, 452, 2482
0.200, 0.030, 0.020,	2030, 488, 2518
0.040, 0.040, 0.020,	2030, 124, 2154
0.050, 0.040, 0.020,	2030, 128, 2158
0.060, 0.040, 0.020,	2030, 144, 2174
0.070, 0.040, 0.020,	2030, 160, 2190
0.080, 0.040, 0.020,	2030, 180, 2210
0.090, 0.040, 0.020,	2030, 200, 2230
0.100, 0.040, 0.020,	2030, 224, 2254
0.110, 0.040, 0.020,	2030, 240, 2270
0.120, 0.040, 0.020,	2030, 268, 2298
0.130, 0.040, 0.020,	2030, 288, 2318
0.140, 0.040, 0.020,	2030, 320, 2350
0.150, 0.040, 0.020,	2030, 344, 2374
0.160, 0.040, 0.020,	2030, 380, 2410
0.170, 0.040, 0.020,	2030, 400, 2430
0.180, 0.040, 0.020,	2030, 432, 2462
0.190, 0.040, 0.020,	2030, 464, 2494
0.200, 0.040, 0.020,	2030, 500, 2530
0.050, 0.050, 0.020,	2030, 132, 2162
0.060, 0.050, 0.020,	2030, 148, 2178
0.070, 0.050, 0.020,	2030, 164, 2194
0.080, 0.050, 0.020,	2030, 184, 2214
0.090, 0.050, 0.020,	2030, 204, 2234
0.100, 0.050, 0.020,	2030, 228, 2258
0.110, 0.050, 0.020,	2030, 244, 2274
0.120, 0.050, 0.020,	2030, 272, 2302
0.130, 0.050, 0.020,	2030, 292, 2322
0.140, 0.050, 0.020,	2030, 324, 2354
0.150, 0.050, 0.020,	2030, 348, 2378
0.160, 0.050, 0.020,	2030, 384, 2414
0.170, 0.050, 0.020,	2030, 404, 2434
0.180, 0.050, 0.020,	2030, 436, 2466
0.190, 0.050, 0.020,	2030, 468, 2498
0.200, 0.050, 0.020,	2030, 504, 2534
0.060, 0.060, 0.020,	2030, 156, 2186
0.070, 0.060, 0.020,	2030, 172, 2202
0.080, 0.060, 0.020,	2030, 192, 2222
0.090, 0.060, 0.020,	2030, 212, 2242
0.100, 0.060, 0.020,	2030, 236, 2266
0.110, 0.060, 0.020,	2030, 252, 2282
0.120, 0.060, 0.020,	2030, 280, 2310
0.130, 0.060, 0.020,	2030, 300, 2330
0.140, 0.060, 0.020,	2030, 332, 2362
0.150, 0.060, 0.020,	2030, 356, 2386
0.160, 0.060, 0.020,	2030, 392, 2422
0.170, 0.060, 0.020,	2030, 412, 2442
0.180, 0.060, 0.020,	2030, 444, 2474
0.190, 0.060, 0.020,	2030, 476, 2506
0.200, 0.060, 0.020,	2030, 512, 2542
0.070, 0.070, 0.020,	2030, 184, 2214
0.080, 0.070, 0.020,	2030, 204, 2234
0.090, 0.070, 0.020,	2030, 224, 2254
0.100, 0.070, 0.020,	2030, 248, 2278
0.110, 0.070, 0.020,	2030, 264, 2294
0.120, 0.070, 0.020,	2030, 292, 2322
0.130, 0.070, 0.020,	2030, 312, 2342
0.140, 0.070, 0.020,	2030, 344, 2374
0.150, 0.070, 0.020,	2030, 368, 2398
0.160, 0.070, 0.020,	2030, 404, 2434
0.170, 0.070, 0.020,	2030, 424, 2454
0.180, 0.070, 0.020,	2030, 456, 2486
0.190, 0.070, 0.020,	2030, 488, 2518
0.200, 0.070, 0.020,	2030, 524, 2554
0.080, 0.080, 0.020,	2030, 212, 2242
0.090, 0.080, 0.020,	2030, 232, 2262
0.100, 0.080, 0.020,	2030, 256, 2286
0.110, 0.080, 0.020,	2030, 272, 2302
0.120, 0.080, 0.020,	2030, 300, 2330
0.130, 0.080, 0.020,	2030, 320, 2350
0.140, 0.080, 0.020,	2030, 352, 2382
0.150, 0.080, 0.020,	2030, 376, 2406
0.160, 0.080, 0.020,	2030, 412, 2442
0.170, 0.080, 0.020,	2030, 432, 2462
0.180, 0.080, 0.020,	2030, 464, 2494
0.190, 0.080, 0.020,	2030, 496, 2526
0.200, 0.080, 0.020,	2030, 532, 2562
0.090, 0.090, 0.020,	2030, 248, 2278
0.100, 0.090, 0.020,	2030, 272, 2302
0.110, 0.090, 0.020,	2030, 288, 2318
0.120, 0.090, 0.020,	2030, 316, 2346
0.130, 0.090, 0.020,	2030, 336, 2366
0.140, 0.090, 0.020,	2030, 368, 2398
0.150, 0.090, 0.020,	2030, 392, 2422
0.160, 0.090, 0.020,	2030, 428, 2458
0.170, 0.090, 0.020,	2030, 448, 2478
0.180, 0.090, 0.020,	2030, 480, 2510
0.190, 0.090, 0.020,	2030, 512, 2542
0.200, 0.090, 0.020,	2030, 548, 2578
0.100, 0.100, 0.020,	2030, 280, 2310
0.110, 0.100, 0.020,	2030, 296, 2326
0.120, 0.100, 0.020,	2030, 324, 2354
0.130, 0.100, 0.020,	2030, 344, 2374
0.140, 0.100, 0.020,	2030, 376, 2406
0.150, 0.100, 0.020,	2030, 400, 2430
0.160, 0.100, 0.020,	2030, 436, 2466
0.170, 0.100, 0.020,	2030, 456, 2486
0.180, 0.100, 0.020,	2030, 488, 2518
0.190, 0.100, 0.020,	2030, 520, 2550
0.200, 0.100, 0.020,	2030, 556, 2586
0.110, 0.110, 0.020,	2030, 308, 2338
0.120, 0.110, 0.020,	2030, 336, 2366
0.130, 0.110, 0.020,	2030, 356, 2386
0.140, 0.110, 0.020,	2030, 388, 2418
0.150, 0.110, 0.020,	2030, 412, 2442
0.160, 0.110, 0.020,	2030, 448, 2478
0.170, 0.110, 0.020,	2030, 468, 2498
0.180, 0.110, 0.020,	2030, 500, 2530
0.190, 0.110, 0.020,	2030, 532, 2562
0.200, 0.110, 0.020,	2030, 568, 2598
0.120, 0.120, 0.020,	2030, 352, 2382
0.130, 0.120, 0.020,	2030, 372, 2402
0.140, 0.120, 0.020,	2030, 404, 2434
0.150, 0.120, 0.020,	2030, 428, 2458
0.160, 0.120, 0.020,	2030, 464, 2494
0.170, 0.120, 0.020,	2030, 484, 2514
0.180, 0.120, 0.020,	2030, 516, 2546
0.190, 0.120, 0.020,	2030, 548, 2578
0.200, 0.120, 0.020,	2030, 584, 2614
0.130, 0.130, 0.020,	2030, 384, 2414
0.140, 0.130, 0.020,	2030, 416, 2446
0.150, 0.130, 0.020,	2030, 440, 2470
0.160, 0.130, 0.020,	2030, 476, 2506
0.170, 0.130, 0.020,	2030, 496, 2526
0.180, 0.130, 0.020,	2030, 528, 2558
0.190, 0.130, 0.020,	2030, 560, 2590
0.200, 0.130, 0.020,	2030, 596, 2626
0.140, 0.140, 0.020,	2030, 428, 2458
0.150, 0.140, 0.020,	2030, 452, 2482
0.160, 0.140, 0.020,	2030, 488, 2518
0.170, 0.140, 0.020,	2030, 508, 2538
0.180, 0.140, 0.020,	2030, 540, 2570
0.190, 0.140, 0.020,	2030, 572, 2602
0.200, 0.140, 0.020,	2030, 608, 2638
0.150, 0.150, 0.020,	2030, 468, 2498
0.160, 0.150, 0.020,	2030, 504, 2534
0.170, 0.150, 0.020,	2030, 524, 2554
0.180, 0.150, 0.020,	2030, 556, 2586
0.190, 0.150, 0.020,	2030, 588, 2618
0.200, 0.150, 0.020,	2030, 624, 2654
0.160, 0.160, 0.020,	2030, 524, 2554
0.170, 0.160, 0.020,	2030, 544, 2574
0.180, 0.160, 0.020,	2030, 576, 2606
0.190, 0.160, 0.020,	2030, 608, 2638
0.200, 0.160, 0.020,	2030, 644, 2674
0.170, 0.170, 0.020,	2030, 556, 2586
0.180, 0.170, 0.020,	2030, 588, 2618
0.190, 0.170, 0.020,	2030, 620, 2650
0.200, 0.170, 0.020,	2030, 656, 2686
0.180, 0.180, 0.020,	2030, 604, 2634
0.190, 0.180, 0.020,	2030, 636, 2666
0.200, 0.180, 0.020,	2030, 672, 2702
0.190, 0.190, 0.020,	2030, 648, 2678
0.200, 0.190, 0.020,	2030, 684, 2714
0.200, 0.200, 0.020,	2030, 708, 2738
0.030, 0.030, 0.030,	2030,  92, 2122
0.040, 0.030, 0.030,	2030, 112, 2142
0.050, 0.030, 0.030,	2030, 116, 2146
0.060, 0.030, 0.030,	2030, 132, 2162
0.070, 0.030, 0.030,	2030, 148, 2178
0.080, 0.030, 0.030,	2030, 168, 2198
0.090, 0.030, 0.030,	2030, 188, 2218
0.100, 0.030, 0.030,	2030, 212, 2242
0.110, 0.030, 0.030,	2030, 228, 2258
0.120, 0.030, 0.030,	2030, 256, 2286
0.130, 0.030, 0.030,	2030, 276, 2306
0.140, 0.030, 0.030,	2030, 308, 2338
0.150, 0.030, 0.030,	2030, 332, 2362
0.160, 0.030, 0.030,	2030, 368, 2398
0.170, 0.030, 0.030,	2030, 388, 2418
0.180, 0.030, 0.030,	2030, 420, 2450
0.190, 0.030, 0.030,	2030, 452, 2482
0.200, 0.030, 0.030,	2030, 488, 2518
0.040, 0.040, 0.030,	2030, 124, 2154
0.050, 0.040, 0.030,	2030, 128, 2158
0.060, 0.040, 0.030,	2030, 144, 2174
0.070, 0.040, 0.030,	2030, 160, 2190
0.080, 0.040, 0.030,	2030, 180, 2210
0.090, 0.040, 0.030,	2030, 200, 2230
0.100, 0.040, 0.030,	2030, 224, 2254
0.110, 0.040, 0.030,	2030, 240, 2270
0.120, 0.040, 0.030,	2030, 268, 2298
0.130, 0.040, 0.030,	2030, 288, 2318
0.140, 0.040, 0.030,	2030, 320, 2350
0.150, 0.040, 0.030,	2030, 344, 2374
0.160, 0.040, 0.030,	2030, 380, 2410
0.170, 0.040, 0.030,	2030, 400, 2430
0.180, 0.040, 0.030,	2030, 432, 2462
0.190, 0.040, 0.030,	2030, 464, 2494
0.200, 0.040, 0.030,	2030, 500, 2530
0.050, 0.050, 0.030,	2030, 132, 2162
0.060, 0.050, 0.030,	2030, 148, 2178
0.070, 0.050, 0.030,	2030, 164, 2194
0.080, 0.050, 0.030,	2030, 184, 2214
0.090, 0.050, 0.030,	2030, 204, 2234
0.100, 0.050, 0.030,	2030, 228, 2258
0.110, 0.050, 0.030,	2030, 244, 2274
0.120, 0.050, 0.030,	2030, 272, 2302
0.130, 0.050, 0.030,	2030, 292, 2322
0.140, 0.050, 0.030,	2030, 324, 2354
0.150, 0.050, 0.030,	2030, 348, 2378
0.160, 0.050, 0.030,	2030, 384, 2414
0.170, 0.050, 0.030,	2030, 404, 2434
0.180, 0.050, 0.030,	2030, 436, 2466
0.190, 0.050, 0.030,	2030, 468, 2498
0.200, 0.050, 0.030,	2030, 504, 2534
0.060, 0.060, 0.030,	2030, 156, 2186
0.070, 0.060, 0.030,	2030, 172, 2202
0.080, 0.060, 0.030,	2030, 192, 2222
0.090, 0.060, 0.030,	2030, 212, 2242
0.100, 0.060, 0.030,	2030, 236, 2266
0.110, 0.060, 0.030,	2030, 252, 2282
0.120, 0.060, 0.030,	2030, 280, 2310
0.130, 0.060, 0.030,	2030, 300, 2330
0.140, 0.060, 0.030,	2030, 332, 2362
0.150, 0.060, 0.030,	2030, 356, 2386
0.160, 0.060, 0.030,	2030, 392, 2422
0.170, 0.060, 0.030,	2030, 412, 2442
0.180, 0.060, 0.030,	2030, 444, 2474
0.190, 0.060, 0.030,	2030, 476, 2506
0.200, 0.060, 0.030,	2030, 512, 2542
0.070, 0.070, 0.030,	2030, 184, 2214
0.080, 0.070, 0.030,	2030, 204, 2234
0.090, 0.070, 0.030,	2030, 224, 2254
0.100, 0.070, 0.030,	2030, 248, 2278
0.110, 0.070, 0.030,	2030, 264, 2294
0.120, 0.070, 0.030,	2030, 292, 2322
0.130, 0.070, 0.030,	2030, 312, 2342
0.140, 0.070, 0.030,	2030, 344, 2374
0.150, 0.070, 0.030,	2030, 368, 2398
0.160, 0.070, 0.030,	2030, 404, 2434
0.170, 0.070, 0.030,	2030, 424, 2454
0.180, 0.070, 0.030,	2030, 456, 2486
0.190, 0.070, 0.030,	2030, 488, 2518
0.200, 0.070, 0.030,	2030, 524, 2554
0.080, 0.080, 0.030,	2030, 212, 2242
0.090, 0.080, 0.030,	2030, 232, 2262
0.100, 0.080, 0.030,	2030, 256, 2286
0.110, 0.080, 0.030,	2030, 272, 2302
0.120, 0.080, 0.030,	2030, 300, 2330
0.130, 0.080, 0.030,	2030, 320, 2350
0.140, 0.080, 0.030,	2030, 352, 2382
0.150, 0.080, 0.030,	2030, 376, 2406
0.160, 0.080, 0.030,	2030, 412, 2442
0.170, 0.080, 0.030,	2030, 432, 2462
0.180, 0.080, 0.030,	2030, 464, 2494
0.190, 0.080, 0.030,	2030, 496, 2526
0.200, 0.080, 0.030,	2030, 532, 2562
0.090, 0.090, 0.030,	2030, 248, 2278
0.100, 0.090, 0.030,	2030, 272, 2302
0.110, 0.090, 0.030,	2030, 288, 2318
0.120, 0.090, 0.030,	2030, 316, 2346
0.130, 0.090, 0.030,	2030, 336, 2366
0.140, 0.090, 0.030,	2030, 368, 2398
0.150, 0.090, 0.030,	2030, 392, 2422
0.160, 0.090, 0.030,	2030, 428, 2458
0.170, 0.090, 0.030,	2030, 448, 2478
0.180, 0.090, 0.030,	2030, 480, 2510
0.190, 0.090, 0.030,	2030, 512, 2542
0.200, 0.090, 0.030,	2030, 548, 2578
0.100, 0.100, 0.030,	2030, 280, 2310
0.110, 0.100, 0.030,	2030, 296, 2326
0.120, 0.100, 0.030,	2030, 324, 2354
0.130, 0.100, 0.030,	2030, 344, 2374
0.140, 0.100, 0.030,	2030, 376, 2406
0.150, 0.100, 0.030,	2030, 400, 2430
0.160, 0.100, 0.030,	2030, 436, 2466
0.170, 0.100, 0.030,	2030, 456, 2486
0.180, 0.100, 0.030,	2030, 488, 2518
0.190, 0.100, 0.030,	2030, 520, 2550
0.200, 0.100, 0.030,	2030, 556, 2586
0.110, 0.110, 0.030,	2030, 308, 2338
0.120, 0.110, 0.030,	2030, 336, 2366
0.130, 0.110, 0.030,	2030, 356, 2386
0.140, 0.110, 0.030,	2030, 388, 2418
0.150, 0.110, 0.030,	2030, 412, 2442
0.160, 0.110, 0.030,	2030, 448, 2478
0.170, 0.110, 0.030,	2030, 468, 2498
0.180, 0.110, 0.030,	2030, 500, 2530
0.190, 0.110, 0.030,	2030, 532, 2562
0.200, 0.110, 0.030,	2030, 568, 2598
0.120, 0.120, 0.030,	2030, 352, 2382
0.130, 0.120, 0.030,	2030, 372, 2402
0.140, 0.120, 0.030,	2030, 404, 2434
0.150, 0.120, 0.030,	2030, 428, 2458
0.160, 0.120, 0.030,	2030, 464, 2494
0.170, 0.120, 0.030,	2030, 484, 2514
0.180, 0.120, 0.030,	2030, 516, 2546
0.190, 0.120, 0.030,	2030, 548, 2578
0.200, 0.120, 0.030,	2030, 584, 2614
0.130, 0.130, 0.030,	2030, 384, 2414
0.140, 0.130, 0.030,	2030, 416, 2446
0.150, 0.130, 0.030,	2030, 440, 2470
0.160, 0.130, 0.030,	2030, 476, 2506
0.170, 0.130, 0.030,	2030, 496, 2526
0.180, 0.130, 0.030,	2030, 528, 2558
0.190, 0.130, 0.030,	2030, 560, 2590
0.200, 0.130, 0.030,	2030, 596, 2626
0.140, 0.140, 0.030,	2030, 428, 2458
0.150, 0.140, 0.030,	2030, 452, 2482
0.160, 0.140, 0.030,	2030, 488, 2518
0.170, 0.140, 0.030,	2030, 508, 2538
0.180, 0.140, 0.030,	2030, 540, 2570
0.190, 0.140, 0.030,	2030, 572, 2602
0.200, 0.140, 0.030,	2030, 608, 2638
0.150, 0.150, 0.030,	2030, 468, 2498
0.160, 0.150, 0.030,	2030, 504, 2534
0.170, 0.150, 0.030,	2030, 524, 2554
0.180, 0.150, 0.030,	2030, 556, 2586
0.190, 0.150, 0.030,	2030, 588, 2618
0.200, 0.150, 0.030,	2030, 624, 2654
0.160, 0.160, 0.030,	2030, 524, 2554
0.170, 0.160, 0.030,	2030, 544, 2574
0.180, 0.160, 0.030,	2030, 576, 2606
0.190, 0.160, 0.030,	2030, 608, 2638
0.200, 0.160, 0.030,	2030, 644, 2674
0.170, 0.170, 0.030,	2030, 556, 2586
0.180, 0.170, 0.030,	2030, 588, 2618
0.190, 0.170, 0.030,	2030, 620, 2650
0.200, 0.170, 0.030,	2030, 656, 2686
0.180, 0.180, 0.030,	2030, 604, 2634
0.190, 0.180, 0.030,	2030, 636, 2666
0.200, 0.180, 0.030,	2030, 672, 2702
0.190, 0.190, 0.030,	2030, 648, 2678
0.200, 0.190, 0.030,	2030, 684, 2714
0.200, 0.200, 0.030,	2030, 708, 2738
0.040, 0.040, 0.040,	2030, 204, 2234
0.050, 0.040, 0.040,	2030, 208, 2238
0.060, 0.040, 0.040,	2030, 224, 2254
0.070, 0.040, 0.040,	2030, 240, 2270
0.080, 0.040, 0.040,	2030, 260, 2290
0.090, 0.040, 0.040,	2030, 280, 2310
0.100, 0.040, 0.040,	2030, 304, 2334
0.110, 0.040, 0.040,	2030, 320, 2350
0.120, 0.040, 0.040,	2030, 348, 2378
0.130, 0.040, 0.040,	2030, 368, 2398
0.140, 0.040, 0.040,	2030, 400, 2430
0.150, 0.040, 0.040,	2030, 424, 2454
0.160, 0.040, 0.040,	2030, 460, 2490
0.170, 0.040, 0.040,	2030, 480, 2510
0.180, 0.040, 0.040,	2030, 512, 2542
0.190, 0.040, 0.040,	2030, 544, 2574
0.200, 0.040, 0.040,	2030, 580, 2610
0.050, 0.050, 0.040,	2030, 212, 2242
0.060, 0.050, 0.040,	2030, 228, 2258
0.070, 0.050, 0.040,	2030, 244, 2274
0.080, 0.050, 0.040,	2030, 264, 2294
0.090, 0.050, 0.040,	2030, 284, 2314
0.100, 0.050, 0.040,	2030, 308, 2338
0.110, 0.050, 0.040,	2030, 324, 2354
0.120, 0.050, 0.040,	2030, 352, 2382
0.130, 0.050, 0.040,	2030, 372, 2402
0.140, 0.050, 0.040,	2030, 404, 2434
0.150, 0.050, 0.040,	2030, 428, 2458
0.160, 0.050, 0.040,	2030, 464, 2494
0.170, 0.050, 0.040,	2030, 484, 2514
0.180, 0.050, 0.040,	2030, 516, 2546
0.190, 0.050, 0.040,	2030, 548, 2578
0.200, 0.050, 0.040,	2030, 584, 2614
0.060, 0.060, 0.040,	2030, 236, 2266
0.070, 0.060, 0.040,	2030, 252, 2282
0.080, 0.060, 0.040,	2030, 272, 2302
0.090, 0.060, 0.040,	2030, 292, 2322
0.100, 0.060, 0.040,	2030, 316, 2346
0.110, 0.060, 0.040,	2030, 332, 2362
0.120, 0.060, 0.040,	2030, 360, 2390
0.130, 0.060, 0.040,	2030, 380, 2410
0.140, 0.060, 0.040,	2030, 412, 2442
0.150, 0.060, 0.040,	2030, 436, 2466
0.160, 0.060, 0.040,	2030, 472, 2502
0.170, 0.060, 0.040,	2030, 492, 2522
0.180, 0.060, 0.040,	2030, 524, 2554
0.190, 0.060, 0.040,	2030, 556, 2586
0.200, 0.060, 0.040,	2030, 592, 2622
0.070, 0.070, 0.040,	2030, 264, 2294
0.080, 0.070, 0.040,	2030, 284, 2314
0.090, 0.070, 0.040,	2030, 304, 2334
0.100, 0.070, 0.040,	2030, 328, 2358
0.110, 0.070, 0.040,	2030, 344, 2374
0.120, 0.070, 0.040,	2030, 372, 2402
0.130, 0.070, 0.040,	2030, 392, 2422
0.140, 0.070, 0.040,	2030, 424, 2454
0.150, 0.070, 0.040,	2030, 448, 2478
0.160, 0.070, 0.040,	2030, 484, 2514
0.170, 0.070, 0.040,	2030, 504, 2534
0.180, 0.070, 0.040,	2030, 536, 2566
0.190, 0.070, 0.040,	2030, 568, 2598
0.200, 0.070, 0.040,	2030, 604, 2634
0.080, 0.080, 0.040,	2030, 292, 2322
0.090, 0.080, 0.040,	2030, 312, 2342
0.100, 0.080, 0.040,	2030, 336, 2366
0.110, 0.080, 0.040,	2030, 352, 2382
0.120, 0.080, 0.040,	2030, 380, 2410
0.130, 0.080, 0.040,	2030, 400, 2430
0.140, 0.080, 0.040,	2030, 432, 2462
0.150, 0.080, 0.040,	2030, 456, 2486
0.160, 0.080, 0.040,	2030, 492, 2522
0.170, 0.080, 0.040,	2030, 512, 2542
0.180, 0.080, 0.040,	2030, 544, 2574
0.190, 0.080, 0.040,	2030, 576, 2606
0.200, 0.080, 0.040,	2030, 612, 2642
0.090, 0.090, 0.040,	2030, 328, 2358
0.100, 0.090, 0.040,	2030, 352, 2382
0.110, 0.090, 0.040,	2030, 368, 2398
0.120, 0.090, 0.040,	2030, 396, 2426
0.130, 0.090, 0.040,	2030, 416, 2446
0.140, 0.090, 0.040,	2030, 448, 2478
0.150, 0.090, 0.040,	2030, 472, 2502
0.160, 0.090, 0.040,	2030, 508, 2538
0.170, 0.090, 0.040,	2030, 528, 2558
0.180, 0.090, 0.040,	2030, 560, 2590
0.190, 0.090, 0.040,	2030, 592, 2622
0.200, 0.090, 0.040,	2030, 628, 2658
0.100, 0.100, 0.040,	2030, 360, 2390
0.110, 0.100, 0.040,	2030, 376, 2406
0.120, 0.100, 0.040,	2030, 404, 2434
0.130, 0.100, 0.040,	2030, 424, 2454
0.140, 0.100, 0.040,	2030, 456, 2486
0.150, 0.100, 0.040,	2030, 480, 2510
0.160, 0.100, 0.040,	2030, 516, 2546
0.170, 0.100, 0.040,	2030, 536, 2566
0.180, 0.100, 0.040,	2030, 568, 2598
0.190, 0.100, 0.040,	2030, 600, 2630
0.200, 0.100, 0.040,	2030, 636, 2666
0.110, 0.110, 0.040,	2030, 388, 2418
0.120, 0.110, 0.040,	2030, 416, 2446
0.130, 0.110, 0.040,	2030, 436, 2466
0.140, 0.110, 0.040,	2030, 468, 2498
0.150, 0.110, 0.040,	2030, 492, 2522
0.160, 0.110, 0.040,	2030, 528, 2558
0.170, 0.110, 0.040,	2030, 548, 2578
0.180, 0.110, 0.040,	2030, 580, 2610
0.190, 0.110, 0.040,	2030, 612, 2642
0.200, 0.110, 0.040,	2030, 648, 2678
0.120, 0.120, 0.040,	2030, 432, 2462
0.130, 0.120, 0.040,	2030, 452, 2482
0.140, 0.120, 0.040,	2030, 484, 2514
0.150, 0.120, 0.040,	2030, 508, 2538
0.160, 0.120, 0.040,	2030, 544, 2574
0.170, 0.120, 0.040,	2030, 564, 2594
0.180, 0.120, 0.040,	2030, 596, 2626
0.190, 0.120, 0.040,	2030, 628, 2658
0.200, 0.120, 0.040,	2030, 664, 2694
0.130, 0.130, 0.040,	2030, 464, 2494
0.140, 0.130, 0.040,	2030, 496, 2526
0.150, 0.130, 0.040,	2030, 520, 2550
0.160, 0.130, 0.040,	2030, 556, 2586
0.170, 0.130, 0.040,	2030, 576, 2606
0.180, 0.130, 0.040,	2030, 608, 2638
0.190, 0.130, 0.040,	2030, 640, 2670
0.200, 0.130, 0.040,	2030, 676, 2706
0.140, 0.140, 0.040,	2030, 508, 2538
0.150, 0.140, 0.040,	2030, 532, 2562
0.160, 0.140, 0.040,	2030, 568, 2598
0.170, 0.140, 0.040,	2030, 588, 2618
0.180, 0.140, 0.040,	2030, 620, 2650
0.190, 0.140, 0.040,	2030, 652, 2682
0.200, 0.140, 0.040,	2030, 688, 2718
0.150, 0.150, 0.040,	2030, 548, 2578
0.160, 0.150, 0.040,	2030, 584, 2614
0.170, 0.150, 0.040,	2030, 604, 2634
0.180, 0.150, 0.040,	2030, 636, 2666
0.190, 0.150, 0.040,	2030, 668, 2698
0.200, 0.150, 0.040,	2030, 704, 2734
0.160, 0.160, 0.040,	2030, 604, 2634
0.170, 0.160, 0.040,	2030, 624, 2654
0.180, 0.160, 0.040,	2030, 656, 2686
0.190, 0.160, 0.040,	2030, 688, 2718
0.200, 0.160, 0.040,	2030, 724, 2754
0.170, 0.170, 0.040,	2030, 636, 2666
0.180, 0.170, 0.040,	2030, 668, 2698
0.190, 0.170, 0.040,	2030, 700, 2730
0.200, 0.170, 0.040,	2030, 736, 2766
0.180, 0.180, 0.040,	2030, 684, 2714
0.190, 0.180, 0.040,	2030, 716, 2746
0.200, 0.180, 0.040,	2030, 752, 2782
0.190, 0.190, 0.040,	2030, 728, 2758
0.200, 0.190, 0.040,	2030, 764, 2794
0.200, 0.200, 0.040,	2030, 788, 2818
0.050, 0.050, 0.050,	2030, 228, 2258
0.060, 0.050, 0.050,	2030, 244, 2274
0.070, 0.050, 0.050,	2030, 260, 2290
0.080, 0.050, 0.050,	2030, 280, 2310
0.090, 0.050, 0.050,	2030, 300, 2330
0.100, 0.050, 0.050,	2030, 324, 2354
0.110, 0.050, 0.050,	2030, 340, 2370
0.120, 0.050, 0.050,	2030, 368, 2398
0.130, 0.050, 0.050,	2030, 388, 2418
0.140, 0.050, 0.050,	2030, 420, 2450
0.150, 0.050, 0.050,	2030, 444, 2474
0.160, 0.050, 0.050,	2030, 480, 2510
0.170, 0.050, 0.050,	2030, 500, 2530
0.180, 0.050, 0.050,	2030, 532, 2562
0.190, 0.050, 0.050,	2030, 564, 2594
0.200, 0.050, 0.050,	2030, 600, 2630
0.060, 0.060, 0.050,	2030, 252, 2282
0.070, 0.060, 0.050,	2030, 268, 2298
0.080, 0.060, 0.050,	2030, 288, 2318
0.090, 0.060, 0.050,	2030, 308, 2338
0.100, 0.060, 0.050,	2030, 332, 2362
0.110, 0.060, 0.050,	2030, 348, 2378
0.120, 0.060, 0.050,	2030, 376, 2406
0.130, 0.060, 0.050,	2030, 396, 2426
0.140, 0.060, 0.050,	2030, 428, 2458
0.150, 0.060, 0.050,	2030, 452, 2482
0.160, 0.060, 0.050,	2030, 488, 2518
0.170, 0.060, 0.050,	2030, 508, 2538
0.180, 0.060, 0.050,	2030, 540, 2570
0.190, 0.060, 0.050,	2030, 572, 2602
0.200, 0.060, 0.050,	2030, 608, 2638
0.070, 0.070, 0.050,	2030, 280, 2310
0.080, 0.070, 0.050,	2030, 300, 2330
0.090, 0.070, 0.050,	2030, 320, 2350
0.100, 0.070, 0.050,	2030, 344, 2374
0.110, 0.070, 0.050,	2030, 360, 2390
0.120, 0.070, 0.050,	2030, 388, 2418
0.130, 0.070, 0.050,	2030, 408, 2438
0.140, 0.070, 0.050,	2030, 440, 2470
0.150, 0.070, 0.050,	2030, 464, 2494
0.160, 0.070, 0.050,	2030, 500, 2530
0.170, 0.070, 0.050,	2030, 520, 2550
0.180, 0.070, 0.050,	2030, 552, 2582
0.190, 0.070, 0.050,	2030, 584, 2614
0.200, 0.070, 0.050,	2030, 620, 2650
0.080, 0.080, 0.050,	2030, 308, 2338
0.090, 0.080, 0.050,	2030, 328, 2358
0.100, 0.080, 0.050,	2030, 352, 2382
0.110, 0.080, 0.050,	2030, 368, 2398
0.120, 0.080, 0.050,	2030, 396, 2426
0.130, 0.080, 0.050,	2030, 416, 2446
0.140, 0.080, 0.050,	2030, 448, 2478
0.150, 0.080, 0.050,	2030, 472, 2502
0.160, 0.080, 0.050,	2030, 508, 2538
0.170, 0.080, 0.050,	2030, 528, 2558
0.180, 0.080, 0.050,	2030, 560, 2590
0.190, 0.080, 0.050,	2030, 592, 2622
0.200, 0.080, 0.050,	2030, 628, 2658
0.090, 0.090, 0.050,	2030, 344, 2374
0.100, 0.090, 0.050,	2030, 368, 2398
0.110, 0.090, 0.050,	2030, 384, 2414
0.120, 0.090, 0.050,	2030, 412, 2442
0.130, 0.090, 0.050,	2030, 432, 2462
0.140, 0.090, 0.050,	2030, 464, 2494
0.150, 0.090, 0.050,	2030, 488, 2518
0.160, 0.090, 0.050,	2030, 524, 2554
0.170, 0.090, 0.050,	2030, 544, 2574
0.180, 0.090, 0.050,	2030, 576, 2606
0.190, 0.090, 0.050,	2030, 608, 2638
0.200, 0.090, 0.050,	2030, 644, 2674
0.100, 0.100, 0.050,	2030, 376, 2406
0.110, 0.100, 0.050,	2030, 392, 2422
0.120, 0.100, 0.050,	2030, 420, 2450
0.130, 0.100, 0.050,	2030, 440, 2470
0.140, 0.100, 0.050,	2030, 472, 2502
0.150, 0.100, 0.050,	2030, 496, 2526
0.160, 0.100, 0.050,	2030, 532, 2562
0.170, 0.100, 0.050,	2030, 552, 2582
0.180, 0.100, 0.050,	2030, 584, 2614
0.190, 0.100, 0.050,	2030, 616, 2646
0.200, 0.100, 0.050,	2030, 652, 2682
0.110, 0.110, 0.050,	2030, 404, 2434
0.120, 0.110, 0.050,	2030, 432, 2462
0.130, 0.110, 0.050,	2030, 452, 2482
0.140, 0.110, 0.050,	2030, 484, 2514
0.150, 0.110, 0.050,	2030, 508, 2538
0.160, 0.110, 0.050,	2030, 544, 2574
0.170, 0.110, 0.050,	2030, 564, 2594
0.180, 0.110, 0.050,	2030, 596, 2626
0.190, 0.110, 0.050,	2030, 628, 2658
0.200, 0.110, 0.050,	2030, 664, 2694
0.120, 0.120, 0.050,	2030, 448, 2478
0.130, 0.120, 0.050,	2030, 468, 2498
0.140, 0.120, 0.050,	2030, 500, 2530
0.150, 0.120, 0.050,	2030, 524, 2554
0.160, 0.120, 0.050,	2030, 560, 2590
0.170, 0.120, 0.050,	2030, 580, 2610
0.180, 0.120, 0.050,	2030, 612, 2642
0.190, 0.120, 0.050,	2030, 644, 2674
0.200, 0.120, 0.050,	2030, 680, 2710
0.130, 0.130, 0.050,	2030, 480, 2510
0.140, 0.130, 0.050,	2030, 512, 2542
0.150, 0.130, 0.050,	2030, 536, 2566
0.160, 0.130, 0.050,	2030, 572, 2602
0.170, 0.130, 0.050,	2030, 592, 2622
0.180, 0.130, 0.050,	2030, 624, 2654
0.190, 0.130, 0.050,	2030, 656, 2686
0.200, 0.130, 0.050,	2030, 692, 2722
0.140, 0.140, 0.050,	2030, 524, 2554
0.150, 0.140, 0.050,	2030, 548, 2578
0.160, 0.140, 0.050,	2030, 584, 2614
0.170, 0.140, 0.050,	2030, 604, 2634
0.180, 0.140, 0.050,	2030, 636, 2666
0.190, 0.140, 0.050,	2030, 668, 2698
0.200, 0.140, 0.050,	2030, 704, 2734
0.150, 0.150, 0.050,	2030, 564, 2594
0.160, 0.150, 0.050,	2030, 600, 2630
0.170, 0.150, 0.050,	2030, 620, 2650
0.180, 0.150, 0.050,	2030, 652, 2682
0.190, 0.150, 0.050,	2030, 684, 2714
0.200, 0.150, 0.050,	2030, 720, 2750
0.160, 0.160, 0.050,	2030, 620, 2650
0.170, 0.160, 0.050,	2030, 640, 2670
0.180, 0.160, 0.050,	2030, 672, 2702
0.190, 0.160, 0.050,	2030, 704, 2734
0.200, 0.160, 0.050,	2030, 740, 2770
0.170, 0.170, 0.050,	2030, 652, 2682
0.180, 0.170, 0.050,	2030, 684, 2714
0.190, 0.170, 0.050,	2030, 716, 2746
0.200, 0.170, 0.050,	2030, 752, 2782
0.180, 0.180, 0.050,	2030, 700, 2730
0.190, 0.180, 0.050,	2030, 732, 2762
0.200, 0.180, 0.050,	2030, 768, 2798
0.190, 0.190, 0.050,	2030, 744, 2774
0.200, 0.190, 0.050,	2030, 780, 2810
0.200, 0.200, 0.050,	2030, 804, 2834
0.060, 0.060, 0.060,	2030, 316, 2346
0.070, 0.060, 0.060,	2030, 332, 2362
0.080, 0.060, 0.060,	2030, 352, 2382
0.090, 0.060, 0.060,	2030, 372, 2402
0.100, 0.060, 0.060,	2030, 396, 2426
0.110, 0.060, 0.060,	2030, 412, 2442
0.120, 0.060, 0.060,	2030, 440, 2470
0.130, 0.060, 0.060,	2030, 460, 2490
0.140, 0.060, 0.060,	2030, 492, 2522
0.150, 0.060, 0.060,	2030, 516, 2546
0.160, 0.060, 0.060,	2030, 552, 2582
0.170, 0.060, 0.060,	2030, 572, 2602
0.180, 0.060, 0.060,	2030, 604, 2634
0.190, 0.060, 0.060,	2030, 636, 2666
0.200, 0.060, 0.060,	2030, 672, 2702
0.070, 0.070, 0.060,	2030, 344, 2374
0.080, 0.070, 0.060,	2030, 364, 2394
0.090, 0.070, 0.060,	2030, 384, 2414
0.100, 0.070, 0.060,	2030, 408, 2438
0.110, 0.070, 0.060,	2030, 424, 2454
0.120, 0.070, 0.060,	2030, 452, 2482
0.130, 0.070, 0.060,	2030, 472, 2502
0.140, 0.070, 0.060,	2030, 504, 2534
0.150, 0.070, 0.060,	2030, 528, 2558
0.160, 0.070, 0.060,	2030, 564, 2594
0.170, 0.070, 0.060,	2030, 584, 2614
0.180, 0.070, 0.060,	2030, 616, 2646
0.190, 0.070, 0.060,	2030, 648, 2678
0.200, 0.070, 0.060,	2030, 684, 2714
0.080, 0.080, 0.060,	2030, 372, 2402
0.090, 0.080, 0.060,	2030, 392, 2422
0.100, 0.080, 0.060,	2030, 416, 2446
0.110, 0.080, 0.060,	2030, 432, 2462
0.120, 0.080, 0.060,	2030, 460, 2490
0.130, 0.080, 0.060,	2030, 480, 2510
0.140, 0.080, 0.060,	2030, 512, 2542
0.150, 0.080, 0.060,	2030, 536, 2566
0.160, 0.080, 0.060,	2030, 572, 2602
0.170, 0.080, 0.060,	2030, 592, 2622
0.180, 0.080, 0.060,	2030, 624, 2654
0.190, 0.080, 0.060,	2030, 656, 2686
0.200, 0.080, 0.060,	2030, 692, 2722
0.090, 0.090, 0.060,	2030, 408, 2438
0.100, 0.090, 0.060,	2030, 432, 2462
0.110, 0.090, 0.060,	2030, 448, 2478
0.120, 0.090, 0.060,	2030, 476, 2506
0.130, 0.090, 0.060,	2030, 496, 2526
0.140, 0.090, 0.060,	2030, 528, 2558
0.150, 0.090, 0.060,	2030, 552, 2582
0.160, 0.090, 0.060,	2030, 588, 2618
0.170, 0.090, 0.060,	2030, 608, 2638
0.180, 0.090, 0.060,	2030, 640, 2670
0.190, 0.090, 0.060,	2030, 672, 2702
0.200, 0.090, 0.060,	2030, 708, 2738
0.100, 0.100, 0.060,	2030, 440, 2470
0.110, 0.100, 0.060,	2030, 456, 2486
0.120, 0.100, 0.060,	2030, 484, 2514
0.130, 0.100, 0.060,	2030, 504, 2534
0.140, 0.100, 0.060,	2030, 536, 2566
0.150, 0.100, 0.060,	2030, 560, 2590
0.160, 0.100, 0.060,	2030, 596, 2626
0.170, 0.100, 0.060,	2030, 616, 2646
0.180, 0.100, 0.060,	2030, 648, 2678
0.190, 0.100, 0.060,	2030, 680, 2710
0.200, 0.100, 0.060,	2030, 716, 2746
0.110, 0.110, 0.060,	2030, 468, 2498
0.120, 0.110, 0.060,	2030, 496, 2526
0.130, 0.110, 0.060,	2030, 516, 2546
0.140, 0.110, 0.060,	2030, 548, 2578
0.150, 0.110, 0.060,	2030, 572, 2602
0.160, 0.110, 0.060,	2030, 608, 2638
0.170, 0.110, 0.060,	2030, 628, 2658
0.180, 0.110, 0.060,	2030, 660, 2690
0.190, 0.110, 0.060,	2030, 692, 2722
0.200, 0.110, 0.060,	2030, 728, 2758
0.120, 0.120, 0.060,	2030, 512, 2542
0.130, 0.120, 0.060,	2030, 532, 2562
0.140, 0.120, 0.060,	2030, 564, 2594
0.150, 0.120, 0.060,	2030, 588, 2618
0.160, 0.120, 0.060,	2030, 624, 2654
0.170, 0.120, 0.060,	2030, 644, 2674
0.180, 0.120, 0.060,	2030, 676, 2706
0.190, 0.120, 0.060,	2030, 708, 2738
0.200, 0.120, 0.060,	2030, 744, 2774
0.130, 0.130, 0.060,	2030, 544, 2574
0.140, 0.130, 0.060,	2030, 576, 2606
0.150, 0.130, 0.060,	2030, 600, 2630
0.160, 0.130, 0.060,	2030, 636, 2666
0.170, 0.130, 0.060,	2030, 656, 2686
0.180, 0.130, 0.060,	2030, 688, 2718
0.190, 0.130, 0.060,	2030, 720, 2750
0.200, 0.130, 0.060,	2030, 756, 2786
0.140, 0.140, 0.060,	2030, 588, 2618
0.150, 0.140, 0.060,	2030, 612, 2642
0.160, 0.140, 0.060,	2030, 648, 2678
0.170, 0.140, 0.060,	2030, 668, 2698
0.180, 0.140, 0.060,	2030, 700, 2730
0.190, 0.140, 0.060,	2030, 732, 2762
0.200, 0.140, 0.060,	2030, 768, 2798
0.150, 0.150, 0.060,	2030, 628, 2658
0.160, 0.150, 0.060,	2030, 664, 2694
0.170, 0.150, 0.060,	2030, 684, 2714
0.180, 0.150, 0.060,	2030, 716, 2746
0.190, 0.150, 0.060,	2030, 748, 2778
0.200, 0.150, 0.060,	2030, 784, 2814
0.160, 0.160, 0.060,	2030, 684, 2714
0.170, 0.160, 0.060,	2030, 704, 2734
0.180, 0.160, 0.060,	2030, 736, 2766
0.190, 0.160, 0.060,	2030, 768, 2798
0.200, 0.160, 0.060,	2030, 804, 2834
0.170, 0.170, 0.060,	2030, 716, 2746
0.180, 0.170, 0.060,	2030, 748, 2778
0.190, 0.170, 0.060,	2030, 780, 2810
0.200, 0.170, 0.060,	2030, 816, 2846
0.180, 0.180, 0.060,	2030, 764, 2794
0.190, 0.180, 0.060,	2030, 796, 2826
0.200, 0.180, 0.060,	2030, 832, 2862
0.190, 0.190, 0.060,	2030, 808, 2838
0.200, 0.190, 0.060,	2030, 844, 2874
0.200, 0.200, 0.060,	2030, 868, 2898
0.070, 0.070, 0.070,	2030, 408, 2438
0.080, 0.070, 0.070,	2030, 428, 2458
0.090, 0.070, 0.070,	2030, 448, 2478
0.100, 0.070, 0.070,	2030, 472, 2502
0.110, 0.070, 0.070,	2030, 488, 2518
0.120, 0.070, 0.070,	2030, 516, 2546
0.130, 0.070, 0.070,	2030, 536, 2566
0.140, 0.070, 0.070,	2030, 568, 2598
0.150, 0.070, 0.070,	2030, 592, 2622
0.160, 0.070, 0.070,	2030, 628, 2658
0.170, 0.070, 0.070,	2030, 648, 2678
0.180, 0.070, 0.070,	2030, 680, 2710
0.190, 0.070, 0.070,	2030, 712, 2742
0.200, 0.070, 0.070,	2030, 748, 2778
0.080, 0.080, 0.070,	2030, 436, 2466
0.090, 0.080, 0.070,	2030, 456, 2486
0.100, 0.080, 0.070,	2030, 480, 2510
0.110, 0.080, 0.070,	2030, 496, 2526
0.120, 0.080, 0.070,	2030, 524, 2554
0.130, 0.080, 0.070,	2030, 544, 2574
0.140, 0.080, 0.070,	2030, 576, 2606
0.150, 0.080, 0.070,	2030, 600, 2630
0.160, 0.080, 0.070,	2030, 636, 2666
0.170, 0.080, 0.070,	2030, 656, 2686
0.180, 0.080, 0.070,	2030, 688, 2718
0.190, 0.080, 0.070,	2030, 720, 2750
0.200, 0.080, 0.070,	2030, 756, 2786
0.090, 0.090, 0.070,	2030, 472, 2502
0.100, 0.090, 0.070,	2030, 496, 2526
0.110, 0.090, 0.070,	2030, 512, 2542
0.120, 0.090, 0.070,	2030, 540, 2570
0.130, 0.090, 0.070,	2030, 560, 2590
0.140, 0.090, 0.070,	2030, 592, 2622
0.150, 0.090, 0.070,	2030, 616, 2646
0.160, 0.090, 0.070,	2030, 652, 2682
0.170, 0.090, 0.070,	2030, 672, 2702
0.180, 0.090, 0.070,	2030, 704, 2734
0.190, 0.090, 0.070,	2030, 736, 2766
0.200, 0.090, 0.070,	2030, 772, 2802
0.100, 0.100, 0.070,	2030, 504, 2534
0.110, 0.100, 0.070,	2030, 520, 2550
0.120, 0.100, 0.070,	2030, 548, 2578
0.130, 0.100, 0.070,	2030, 568, 2598
0.140, 0.100, 0.070,	2030, 600, 2630
0.150, 0.100, 0.070,	2030, 624, 2654
0.160, 0.100, 0.070,	2030, 660, 2690
0.170, 0.100, 0.070,	2030, 680, 2710
0.180, 0.100, 0.070,	2030, 712, 2742
0.190, 0.100, 0.070,	2030, 744, 2774
0.200, 0.100, 0.070,	2030, 780, 2810
0.110, 0.110, 0.070,	2030, 532, 2562
0.120, 0.110, 0.070,	2030, 560, 2590
0.130, 0.110, 0.070,	2030, 580, 2610
0.140, 0.110, 0.070,	2030, 612, 2642
0.150, 0.110, 0.070,	2030, 636, 2666
0.160, 0.110, 0.070,	2030, 672, 2702
0.170, 0.110, 0.070,	2030, 692, 2722
0.180, 0.110, 0.070,	2030, 724, 2754
0.190, 0.110, 0.070,	2030, 756, 2786
0.200, 0.110, 0.070,	2030, 792, 2822
0.120, 0.120, 0.070,	2030, 576, 2606
0.130, 0.120, 0.070,	2030, 596, 2626
0.140, 0.120, 0.070,	2030, 628, 2658
0.150, 0.120, 0.070,	2030, 652, 2682
0.160, 0.120, 0.070,	2030, 688, 2718
0.170, 0.120, 0.070,	2030, 708, 2738
0.180, 0.120, 0.070,	2030, 740, 2770
0.190, 0.120, 0.070,	2030, 772, 2802
0.200, 0.120, 0.070,	2030, 808, 2838
0.130, 0.130, 0.070,	2030, 608, 2638
0.140, 0.130, 0.070,	2030, 640, 2670
0.150, 0.130, 0.070,	2030, 664, 2694
0.160, 0.130, 0.070,	2030, 700, 2730
0.170, 0.130, 0.070,	2030, 720, 2750
0.180, 0.130, 0.070,	2030, 752, 2782
0.190, 0.130, 0.070,	2030, 784, 2814
0.200, 0.130, 0.070,	2030, 820, 2850
0.140, 0.140, 0.070,	2030, 652, 2682
0.150, 0.140, 0.070,	2030, 676, 2706
0.160, 0.140, 0.070,	2030, 712, 2742
0.170, 0.140, 0.070,	2030, 732, 2762
0.180, 0.140, 0.070,	2030, 764, 2794
0.190, 0.140, 0.070,	2030, 796, 2826
0.200, 0.140, 0.070,	2030, 832, 2862
0.150, 0.150, 0.070,	2030, 692, 2722
0.160, 0.150, 0.070,	2030, 728, 2758
0.170, 0.150, 0.070,	2030, 748, 2778
0.180, 0.150, 0.070,	2030, 780, 2810
0.190, 0.150, 0.070,	2030, 812, 2842
0.200, 0.150, 0.070,	2030, 848, 2878
0.160, 0.160, 0.070,	2030, 748, 2778
0.170, 0.160, 0.070,	2030, 768, 2798
0.180, 0.160, 0.070,	2030, 800, 2830
0.190, 0.160, 0.070,	2030, 832, 2862
0.200, 0.160, 0.070,	2030, 868, 2898
0.170, 0.170, 0.070,	2030, 780, 2810
0.180, 0.170, 0.070,	2030, 812, 2842
0.190, 0.170, 0.070,	2030, 844, 2874
0.200, 0.170, 0.070,	2030, 880, 2910
0.180, 0.180, 0.070,	2030, 828, 2858
0.190, 0.180, 0.070,	2030, 860, 2890
0.200, 0.180, 0.070,	2030, 896, 2926
0.190, 0.190, 0.070,	2030, 872, 2902
0.200, 0.190, 0.070,	2030, 908, 2938
0.200, 0.200, 0.070,	2030, 932, 2962
0.080, 0.080, 0.080,	2030, 516, 2546
0.090, 0.080, 0.080,	2030, 536, 2566
0.100, 0.080, 0.080,	2030, 560, 2590
0.110, 0.080, 0.080,	2030, 576, 2606
0.120, 0.080, 0.080,	2030, 604, 2634
0.130, 0.080, 0.080,	2030, 624, 2654
0.140, 0.080, 0.080,	2030, 656, 2686
0.150, 0.080, 0.080,	2030, 680, 2710
0.160, 0.080, 0.080,	2030, 716, 2746
0.170, 0.080, 0.080,	2030, 736, 2766
0.180, 0.080, 0.080,	2030, 768, 2798
0.190, 0.080, 0.080,	2030, 800, 2830
0.200, 0.080, 0.080,	2030, 836, 2866
0.090, 0.090, 0.080,	2030, 552, 2582
0.100, 0.090, 0.080,	2030, 576, 2606
0.110, 0.090, 0.080,	2030, 592, 2622
0.120, 0.090, 0.080,	2030, 620, 2650
0.130, 0.090, 0.080,	2030, 640, 2670
0.140, 0.090, 0.080,	2030, 672, 2702
0.150, 0.090, 0.080,	2030, 696, 2726
0.160, 0.090, 0.080,	2030, 732, 2762
0.170, 0.090, 0.080,	2030, 752, 2782
0.180, 0.090, 0.080,	2030, 784, 2814
0.190, 0.090, 0.080,	2030, 816, 2846
0.200, 0.090, 0.080,	2030, 852, 2882
0.100, 0.100, 0.080,	2030, 584, 2614
0.110, 0.100, 0.080,	2030, 600, 2630
0.120, 0.100, 0.080,	2030, 628, 2658
0.130, 0.100, 0.080,	2030, 648, 2678
0.140, 0.100, 0.080,	2030, 680, 2710
0.150, 0.100, 0.080,	2030, 704, 2734
0.160, 0.100, 0.080,	2030, 740, 2770
0.170, 0.100, 0.080,	2030, 760, 2790
0.180, 0.100, 0.080,	2030, 792, 2822
0.190, 0.100, 0.080,	2030, 824, 2854
0.200, 0.100, 0.080,	2030, 860, 2890
0.110, 0.110, 0.080,	2030, 612, 2642
0.120, 0.110, 0.080,	2030, 640, 2670
0.130, 0.110, 0.080,	2030, 660, 2690
0.140, 0.110, 0.080,	2030, 692, 2722
0.150, 0.110, 0.080,	2030, 716, 2746
0.160, 0.110, 0.080,	2030, 752, 2782
0.170, 0.110, 0.080,	2030, 772, 2802
0.180, 0.110, 0.080,	2030, 804, 2834
0.190, 0.110, 0.080,	2030, 836, 2866
0.200, 0.110, 0.080,	2030, 872, 2902
0.120, 0.120, 0.080,	2030, 656, 2686
0.130, 0.120, 0.080,	2030, 676, 2706
0.140, 0.120, 0.080,	2030, 708, 2738
0.150, 0.120, 0.080,	2030, 732, 2762
0.160, 0.120, 0.080,	2030, 768, 2798
0.170, 0.120, 0.080,	2030, 788, 2818
0.180, 0.120, 0.080,	2030, 820, 2850
0.190, 0.120, 0.080,	2030, 852, 2882
0.200, 0.120, 0.080,	2030, 888, 2918
0.130, 0.130, 0.080,	2030, 688, 2718
0.140, 0.130, 0.080,	2030, 720, 2750
0.150, 0.130, 0.080,	2030, 744, 2774
0.160, 0.130, 0.080,	2030, 780, 2810
0.170, 0.130, 0.080,	2030, 800, 2830
0.180, 0.130, 0.080,	2030, 832, 2862
0.190, 0.130, 0.080,	2030, 864, 2894
0.200, 0.130, 0.080,	2030, 900, 2930
0.140, 0.140, 0.080,	2030, 732, 2762
0.150, 0.140, 0.080,	2030, 756, 2786
0.160, 0.140, 0.080,	2030, 792, 2822
0.170, 0.140, 0.080,	2030, 812, 2842
0.180, 0.140, 0.080,	2030, 844, 2874
0.190, 0.140, 0.080,	2030, 876, 2906
0.200, 0.140, 0.080,	2030, 912, 2942
0.150, 0.150, 0.080,	2030, 772, 2802
0.160, 0.150, 0.080,	2030, 808, 2838
0.170, 0.150, 0.080,	2030, 828, 2858
0.180, 0.150, 0.080,	2030, 860, 2890
0.190, 0.150, 0.080,	2030, 892, 2922
0.200, 0.150, 0.080,	2030, 928, 2958
0.160, 0.160, 0.080,	2030, 828, 2858
0.170, 0.160, 0.080,	2030, 848, 2878
0.180, 0.160, 0.080,	2030, 880, 2910
0.190, 0.160, 0.080,	2030, 912, 2942
0.200, 0.160, 0.080,	2030, 948, 2978
0.170, 0.170, 0.080,	2030, 860, 2890
0.180, 0.170, 0.080,	2030, 892, 2922
0.190, 0.170, 0.080,	2030, 924, 2954
0.200, 0.170, 0.080,	2030, 960, 2990
0.180, 0.180, 0.080,	2030, 908, 2938
0.190, 0.180, 0.080,	2030, 940, 2970
0.200, 0.180, 0.080,	2030, 976, 3006
0.190, 0.190, 0.080,	2030, 952, 2982
0.200, 0.190, 0.080,	2030, 988, 3018
0.200, 0.200, 0.080,	2030, 1012, 3042
0.090, 0.090, 0.090,	2030, 632, 2662
0.100, 0.090, 0.090,	2030, 656, 2686
0.110, 0.090, 0.090,	2030, 672, 2702
0.120, 0.090, 0.090,	2030, 700, 2730
0.130, 0.090, 0.090,	2030, 720, 2750
0.140, 0.090, 0.090,	2030, 752, 2782
0.150, 0.090, 0.090,	2030, 776, 2806
0.160, 0.090, 0.090,	2030, 812, 2842
0.170, 0.090, 0.090,	2030, 832, 2862
0.180, 0.090, 0.090,	2030, 864, 2894
0.190, 0.090, 0.090,	2030, 896, 2926
0.200, 0.090, 0.090,	2030, 932, 2962
0.100, 0.100, 0.090,	2030, 664, 2694
0.110, 0.100, 0.090,	2030, 680, 2710
0.120, 0.100, 0.090,	2030, 708, 2738
0.130, 0.100, 0.090,	2030, 728, 2758
0.140, 0.100, 0.090,	2030, 760, 2790
0.150, 0.100, 0.090,	2030, 784, 2814
0.160, 0.100, 0.090,	2030, 820, 2850
0.170, 0.100, 0.090,	2030, 840, 2870
0.180, 0.100, 0.090,	2030, 872, 2902
0.190, 0.100, 0.090,	2030, 904, 2934
0.200, 0.100, 0.090,	2030, 940, 2970
0.110, 0.110, 0.090,	2030, 692, 2722
0.120, 0.110, 0.090,	2030, 720, 2750
0.130, 0.110, 0.090,	2030, 740, 2770
0.140, 0.110, 0.090,	2030, 772, 2802
0.150, 0.110, 0.090,	2030, 796, 2826
0.160, 0.110, 0.090,	2030, 832, 2862
0.170, 0.110, 0.090,	2030, 852, 2882
0.180, 0.110, 0.090,	2030, 884, 2914
0.190, 0.110, 0.090,	2030, 916, 2946
0.200, 0.110, 0.090,	2030, 952, 2982
0.120, 0.120, 0.090,	2030, 736, 2766
0.130, 0.120, 0.090,	2030, 756, 2786
0.140, 0.120, 0.090,	2030, 788, 2818
0.150, 0.120, 0.090,	2030, 812, 2842
0.160, 0.120, 0.090,	2030, 848, 2878
0.170, 0.120, 0.090,	2030, 868, 2898
0.180, 0.120, 0.090,	2030, 900, 2930
0.190, 0.120, 0.090,	2030, 932, 2962
0.200, 0.120, 0.090,	2030, 968, 2998
0.130, 0.130, 0.090,	2030, 768, 2798
0.140, 0.130, 0.090,	2030, 800, 2830
0.150, 0.130, 0.090,	2030, 824, 2854
0.160, 0.130, 0.090,	2030, 860, 2890
0.170, 0.130, 0.090,	2030, 880, 2910
0.180, 0.130, 0.090,	2030, 912, 2942
0.190, 0.130, 0.090,	2030, 944, 2974
0.200, 0.130, 0.090,	2030, 980, 3010
0.140, 0.140, 0.090,	2030, 812, 2842
0.150, 0.140, 0.090,	2030, 836, 2866
0.160, 0.140, 0.090,	2030, 872, 2902
0.170, 0.140, 0.090,	2030, 892, 2922
0.180, 0.140, 0.090,	2030, 924, 2954
0.190, 0.140, 0.090,	2030, 956, 2986
0.200, 0.140, 0.090,	2030, 992, 3022
0.150, 0.150, 0.090,	2030, 852, 2882
0.160, 0.150, 0.090,	2030, 888, 2918
0.170, 0.150, 0.090,	2030, 908, 2938
0.180, 0.150, 0.090,	2030, 940, 2970
0.190, 0.150, 0.090,	2030, 972, 3002
0.200, 0.150, 0.090,	2030, 1008, 3038
0.160, 0.160, 0.090,	2030, 908, 2938
0.170, 0.160, 0.090,	2030, 928, 2958
0.180, 0.160, 0.090,	2030, 960, 2990
0.190, 0.160, 0.090,	2030, 992, 3022
0.200, 0.160, 0.090,	2030, 1028, 3058
0.170, 0.170, 0.090,	2030, 940, 2970
0.180, 0.170, 0.090,	2030, 972, 3002
0.190, 0.170, 0.090,	2030, 1004, 3034
0.200, 0.170, 0.090,	2030, 1040, 3070
0.180, 0.180, 0.090,	2030, 988, 3018
0.190, 0.180, 0.090,	2030, 1020, 3050
0.200, 0.180, 0.090,	2030, 1056, 3086
0.190, 0.190, 0.090,	2030, 1032, 3062
0.200, 0.190, 0.090,	2030, 1068, 3098
0.200, 0.200, 0.090,	2030, 1092, 3122
0.100, 0.100, 0.100,	2030, 760, 2790
0.110, 0.100, 0.100,	2030, 776, 2806
0.120, 0.100, 0.100,	2030, 804, 2834
0.130, 0.100, 0.100,	2030, 824, 2854
0.140, 0.100, 0.100,	2030, 856, 2886
0.150, 0.100, 0.100,	2030, 880, 2910
0.160, 0.100, 0.100,	2030, 916, 2946
0.170, 0.100, 0.100,	2030, 936, 2966
0.180, 0.100, 0.100,	2030, 968, 2998
0.190, 0.100, 0.100,	2030, 1000, 3030
0.200, 0.100, 0.100,	2030, 1036, 3066
0.110, 0.110, 0.100,	2030, 788, 2818
0.120, 0.110, 0.100,	2030, 816, 2846
0.130, 0.110, 0.100,	2030, 836, 2866
0.140, 0.110, 0.100,	2030, 868, 2898
0.150, 0.110, 0.100,	2030, 892, 2922
0.160, 0.110, 0.100,	2030, 928, 2958
0.170, 0.110, 0.100,	2030, 948, 2978
0.180, 0.110, 0.100,	2030, 980, 3010
0.190, 0.110, 0.100,	2030, 1012, 3042
0.200, 0.110, 0.100,	2030, 1048, 3078
0.120, 0.120, 0.100,	2030, 832, 2862
0.130, 0.120, 0.100,	2030, 852, 2882
0.140, 0.120, 0.100,	2030, 884, 2914
0.150, 0.120, 0.100,	2030, 908, 2938
0.160, 0.120, 0.100,	2030, 944, 2974
0.170, 0.120, 0.100,	2030, 964, 2994
0.180, 0.120, 0.100,	2030, 996, 3026
0.190, 0.120, 0.100,	2030, 1028, 3058
0.200, 0.120, 0.100,	2030, 1064, 3094
0.130, 0.130, 0.100,	2030, 864, 2894
0.140, 0.130, 0.100,	2030, 896, 2926
0.150, 0.130, 0.100,	2030, 920, 2950
0.160, 0.130, 0.100,	2030, 956, 2986
0.170, 0.130, 0.100,	2030, 976, 3006
0.180, 0.130, 0.100,	2030, 1008, 3038
0.190, 0.130, 0.100,	2030, 1040, 3070
0.200, 0.130, 0.100,	2030, 1076, 3106
0.140, 0.140, 0.100,	2030, 908, 2938
0.150, 0.140, 0.100,	2030, 932, 2962
0.160, 0.140, 0.100,	2030, 968, 2998
0.170, 0.140, 0.100,	2030, 988, 3018
0.180, 0.140, 0.100,	2030, 1020, 3050
0.190, 0.140, 0.100,	2030, 1052, 3082
0.200, 0.140, 0.100,	2030, 1088, 3118
0.150, 0.150, 0.100,	2030, 948, 2978
0.160, 0.150, 0.100,	2030, 984, 3014
0.170, 0.150, 0.100,	2030, 1004, 3034
0.180, 0.150, 0.100,	2030, 1036, 3066
0.190, 0.150, 0.100,	2030, 1068, 3098
0.200, 0.150, 0.100,	2030, 1104, 3134
0.160, 0.160, 0.100,	2030, 1004, 3034
0.170, 0.160, 0.100,	2030, 1024, 3054
0.180, 0.160, 0.100,	2030, 1056, 3086
0.190, 0.160, 0.100,	2030, 1088, 3118
0.200, 0.160, 0.100,	2030, 1124, 3154
0.170, 0.170, 0.100,	2030, 1036, 3066
0.180, 0.170, 0.100,	2030, 1068, 3098
0.190, 0.170, 0.100,	2030, 1100, 3130
0.200, 0.170, 0.100,	2030, 1136, 3166
0.180, 0.180, 0.100,	2030, 1084, 3114
0.190, 0.180, 0.100,	2030, 1116, 3146
0.200, 0.180, 0.100,	2030, 1152, 3182
0.190, 0.190, 0.100,	2030, 1128, 3158
0.200, 0.190, 0.100,	2030, 1164, 3194
0.200, 0.200, 0.100,	2030, 1188, 3218
0.110, 0.110, 0.110,	2030, 852, 2882
0.120, 0.110, 0.110,	2030, 880, 2910
0.130, 0.110, 0.110,	2030, 900, 2930
0.140, 0.110, 0.110,	2030, 932, 2962
0.150, 0.110, 0.110,	2030, 956, 2986
0.160, 0.110, 0.110,	2030, 992, 3022
0.170, 0.110, 0.110,	2030, 1012, 3042
0.180, 0.110, 0.110,	2030, 1044, 3074
0.190, 0.110, 0.110,	2030, 1076, 3106
0.200, 0.110, 0.110,	2030, 1112, 3142
0.120, 0.120, 0.110,	2030, 896, 2926
0.130, 0.120, 0.110,	2030, 916, 2946
0.140, 0.120, 0.110,	2030, 948, 2978
0.150, 0.120, 0.110,	2030, 972, 3002
0.160, 0.120, 0.110,	2030, 1008, 3038
0.170, 0.120, 0.110,	2030, 1028, 3058
0.180, 0.120, 0.110,	2030, 1060, 3090
0.190, 0.120, 0.110,	2030, 1092, 3122
0.200, 0.120, 0.110,	2030, 1128, 3158
0.130, 0.130, 0.110,	2030, 928, 2958
0.140, 0.130, 0.110,	2030, 960, 2990
0.150, 0.130, 0.110,	2030, 984, 3014
0.160, 0.130, 0.110,	2030, 1020, 3050
0.170, 0.130, 0.110,	2030, 1040, 3070
0.180, 0.130, 0.110,	2030, 1072, 3102
0.190, 0.130, 0.110,	2030, 1104, 3134
0.200, 0.130, 0.110,	2030, 1140, 3170
0.140, 0.140, 0.110,	2030, 972, 3002
0.150, 0.140, 0.110,	2030, 996, 3026
0.160, 0.140, 0.110,	2030, 1032, 3062
0.170, 0.140, 0.110,	2030, 1052, 3082
0.180, 0.140, 0.110,	2030, 1084, 3114
0.190, 0.140, 0.110,	2030, 1116, 3146
0.200, 0.140, 0.110,	2030, 1152, 3182
0.150, 0.150, 0.110,	2030, 1012, 3042
0.160, 0.150, 0.110,	2030, 1048, 3078
0.170, 0.150, 0.110,	2030, 1068, 3098
0.180, 0.150, 0.110,	2030, 1100, 3130
0.190, 0.150, 0.110,	2030, 1132, 3162
0.200, 0.150, 0.110,	2030, 1168, 3198
0.160, 0.160, 0.110,	2030, 1068, 3098
0.170, 0.160, 0.110,	2030, 1088, 3118
0.180, 0.160, 0.110,	2030, 1120, 3150
0.190, 0.160, 0.110,	2030, 1152, 3182
0.200, 0.160, 0.110,	2030, 1188, 3218
0.170, 0.170, 0.110,	2030, 1100, 3130
0.180, 0.170, 0.110,	2030, 1132, 3162
0.190, 0.170, 0.110,	2030, 1164, 3194
0.200, 0.170, 0.110,	2030, 1200, 3230
0.180, 0.180, 0.110,	2030, 1148, 3178
0.190, 0.180, 0.110,	2030, 1180, 3210
0.200, 0.180, 0.110,	2030, 1216, 3246
0.190, 0.190, 0.110,	2030, 1192, 3222
0.200, 0.190, 0.110,	2030, 1228, 3258
0.200, 0.200, 0.110,	2030, 1252, 3282
0.120, 0.120, 0.120,	2030, 1008, 3038
0.130, 0.120, 0.120,	2030, 1028, 3058
0.140, 0.120, 0.120,	2030, 1060, 3090
0.150, 0.120, 0.120,	2030, 1084, 3114
0.160, 0.120, 0.120,	2030, 1120, 3150
0.170, 0.120, 0.120,	2030, 1140, 3170
0.180, 0.120, 0.120,	2030, 1172, 3202
0.190, 0.120, 0.120,	2030, 1204, 3234
0.200, 0.120, 0.120,	2030, 1240, 3270
0.130, 0.130, 0.120,	2030, 1040, 3070
0.140, 0.130, 0.120,	2030, 1072, 3102
0.150, 0.130, 0.120,	2030, 1096, 3126
0.160, 0.130, 0.120,	2030, 1132, 3162
0.170, 0.130, 0.120,	2030, 1152, 3182
0.180, 0.130, 0.120,	2030, 1184, 3214
0.190, 0.130, 0.120,	2030, 1216, 3246
0.200, 0.130, 0.120,	2030, 1252, 3282
0.140, 0.140, 0.120,	2030, 1084, 3114
0.150, 0.140, 0.120,	2030, 1108, 3138
0.160, 0.140, 0.120,	2030, 1144, 3174
0.170, 0.140, 0.120,	2030, 1164, 3194
0.180, 0.140, 0.120,	2030, 1196, 3226
0.190, 0.140, 0.120,	2030, 1228, 3258
0.200, 0.140, 0.120,	2030, 1264, 3294
0.150, 0.150, 0.120,	2030, 1124, 3154
0.160, 0.150, 0.120,	2030, 1160, 3190
0.170, 0.150, 0.120,	2030, 1180, 3210
0.180, 0.150, 0.120,	2030, 1212, 3242
0.190, 0.150, 0.120,	2030, 1244, 3274
0.200, 0.150, 0.120,	2030, 1280, 3310
0.160, 0.160, 0.120,	2030, 1180, 3210
0.170, 0.160, 0.120,	2030, 1200, 3230
0.180, 0.160, 0.120,	2030, 1232, 3262
0.190, 0.160, 0.120,	2030, 1264, 3294
0.200, 0.160, 0.120,	2030, 1300, 3330
0.170, 0.170, 0.120,	2030, 1212, 3242
0.180, 0.170, 0.120,	2030, 1244, 3274
0.190, 0.170, 0.120,	2030, 1276, 3306
0.200, 0.170, 0.120,	2030, 1312, 3342
0.180, 0.180, 0.120,	2030, 1260, 3290
0.190, 0.180, 0.120,	2030, 1292, 3322
0.200, 0.180, 0.120,	2030, 1328, 3358
0.190, 0.190, 0.120,	2030, 1304, 3334
0.200, 0.190, 0.120,	2030, 1340, 3370
0.200, 0.200, 0.120,	2030, 1364, 3394
0.130, 0.130, 0.130,	2030, 1120, 3150
0.140, 0.130, 0.130,	2030, 1152, 3182
0.150, 0.130, 0.130,	2030, 1176, 3206
0.160, 0.130, 0.130,	2030, 1212, 3242
0.170, 0.130, 0.130,	2030, 1232, 3262
0.180, 0.130, 0.130,	2030, 1264, 3294
0.190, 0.130, 0.130,	2030, 1296, 3326
0.200, 0.130, 0.130,	2030, 1332, 3362
0.140, 0.140, 0.130,	2030, 1164, 3194
0.150, 0.140, 0.130,	2030, 1188, 3218
0.160, 0.140, 0.130,	2030, 1224, 3254
0.170, 0.140, 0.130,	2030, 1244, 3274
0.180, 0.140, 0.130,	2030, 1276, 3306
0.190, 0.140, 0.130,	2030, 1308, 3338
0.200, 0.140, 0.130,	2030, 1344, 3374
0.150, 0.150, 0.130,	2030, 1204, 3234
0.160, 0.150, 0.130,	2030, 1240, 3270
0.170, 0.150, 0.130,	2030, 1260, 3290
0.180, 0.150, 0.130,	2030, 1292, 3322
0.190, 0.150, 0.130,	2030, 1324, 3354
0.200, 0.150, 0.130,	2030, 1360, 3390
0.160, 0.160, 0.130,	2030, 1260, 3290
0.170, 0.160, 0.130,	2030, 1280, 3310
0.180, 0.160, 0.130,	2030, 1312, 3342
0.190, 0.160, 0.130,	2030, 1344, 3374
0.200, 0.160, 0.130,	2030, 1380, 3410
0.170, 0.170, 0.130,	2030, 1292, 3322
0.180, 0.170, 0.130,	2030, 1324, 3354
0.190, 0.170, 0.130,	2030, 1356, 3386
0.200, 0.170, 0.130,	2030, 1392, 3422
0.180, 0.180, 0.130,	2030, 1340, 3370
0.190, 0.180, 0.130,	2030, 1372, 3402
0.200, 0.180, 0.130,	2030, 1408, 3438
0.190, 0.190, 0.130,	2030, 1384, 3414
0.200, 0.190, 0.130,	2030, 1420, 3450
0.200, 0.200, 0.130,	2030, 1444, 3474
0.140, 0.140, 0.140,	2030, 1292, 3322
0.150, 0.140, 0.140,	2030, 1316, 3346
0.160, 0.140, 0.140,	2030, 1352, 3382
0.170, 0.140, 0.140,	2030, 1372, 3402
0.180, 0.140, 0.140,	2030, 1404, 3434
0.190, 0.140, 0.140,	2030, 1436, 3466
0.200, 0.140, 0.140,	2030, 1472, 3502
0.150, 0.150, 0.140,	2030, 1332, 3362
0.160, 0.150, 0.140,	2030, 1368, 3398
0.170, 0.150, 0.140,	2030, 1388, 3418
0.180, 0.150, 0.140,	2030, 1420, 3450
0.190, 0.150, 0.140,	2030, 1452, 3482
0.200, 0.150, 0.140,	2030, 1488, 3518
0.160, 0.160, 0.140,	2030, 1388, 3418
0.170, 0.160, 0.140,	2030, 1408, 3438
0.180, 0.160, 0.140,	2030, 1440, 3470
0.190, 0.160, 0.140,	2030, 1472, 3502
0.200, 0.160, 0.140,	2030, 1508, 3538
0.170, 0.170, 0.140,	2030, 1420, 3450
0.180, 0.170, 0.140,	2030, 1452, 3482
0.190, 0.170, 0.140,	2030, 1484, 3514
0.200, 0.170, 0.140,	2030, 1520, 3550
0.180, 0.180, 0.140,	2030, 1468, 3498
0.190, 0.180, 0.140,	2030, 1500, 3530
0.200, 0.180, 0.140,	2030, 1536, 3566
0.190, 0.190, 0.140,	2030, 1512, 3542
0.200, 0.190, 0.140,	2030, 1548, 3578
0.200, 0.200, 0.140,	2030, 1572, 3602
0.150, 0.150, 0.150,	2030, 1428, 3458
0.160, 0.150, 0.150,	2030, 1464, 3494
0.170, 0.150, 0.150,	2030, 1484, 3514
0.180, 0.150, 0.150,	2030, 1516, 3546
0.190, 0.150, 0.150,	2030, 1548, 3578
0.200, 0.150, 0.150,	2030, 1584, 3614
0.160, 0.160, 0.150,	2030, 1484, 3514
0.170, 0.160, 0.150,	2030, 1504, 3534
0.180, 0.160, 0.150,	2030, 1536, 3566
0.190, 0.160, 0.150,	2030, 1568, 3598
0.200, 0.160, 0.150,	2030, 1604, 3634
0.170, 0.170, 0.150,	2030, 1516, 3546
0.180, 0.170, 0.150,	2030, 1548, 3578
0.190, 0.170, 0.150,	2030, 1580, 3610
0.200, 0.170, 0.150,	2030, 1616, 3646
0.180, 0.180, 0.150,	2030, 1564, 3594
0.190, 0.180, 0.150,	2030, 1596, 3626
0.200, 0.180, 0.150,	2030, 1632, 3662
0.190, 0.190, 0.150,	2030, 1608, 3638
0.200, 0.190, 0.150,	2030, 1644, 3674
0.200, 0.200, 0.150,	2030, 1668, 3698
0.160, 0.160, 0.160,	2030, 1628, 3658
0.170, 0.160, 0.160,	2030, 1648, 3678
0.180, 0.160, 0.160,	2030, 1680, 3710
0.190, 0.160, 0.160,	2030, 1712, 3742
0.200, 0.160, 0.160,	2030, 1748, 3778
0.170, 0.170, 0.160,	2030, 1660, 3690
0.180, 0.170, 0.160,	2030, 1692, 3722
0.190, 0.170, 0.160,	2030, 1724, 3754
0.200, 0.170, 0.160,	2030, 1760, 3790
0.180, 0.180, 0.160,	2030, 1708, 3738
0.190, 0.180, 0.160,	2030, 1740, 3770
0.200, 0.180, 0.160,	2030, 1776, 3806
0.190, 0.190, 0.160,	2030, 1752, 3782
0.200, 0.190, 0.160,	2030, 1788, 3818
0.200, 0.200, 0.160,	2030, 1812, 3842
0.170, 0.170, 0.170,	2030, 1740, 3770
0.180, 0.170, 0.170,	2030, 1772, 3802
0.190, 0.170, 0.170,	2030, 1804, 3834
0.200, 0.170, 0.170,	2030, 1840, 3870
0.180, 0.180, 0.170,	2030, 1788, 3818
0.190, 0.180, 0.170,	2030, 1820, 3850
0.200, 0.180, 0.170,	2030, 1856, 3886
0.190, 0.190, 0.170,	2030, 1832, 3862
0.200, 0.190, 0.170,	2030, 1868, 3898
0.200, 0.200, 0.170,	2030, 1892, 3922
0.180, 0.180, 0.180,	2030, 1916, 3946
0.190, 0.180, 0.180,	2030, 1948, 3978
0.200, 0.180, 0.180,	2030, 1984, 4014
0.190, 0.190, 0.180,	2030, 1960, 3990
0.200, 0.190, 0.180,	2030, 1996, 4026
0.200, 0.200, 0.180,	2030, 2020, 4050
0.190, 0.190, 0.190,	2030, 2088, 4118
0.200, 0.190, 0.190,	2030, 2124, 4154
0.200, 0.200, 0.190,	2030, 2148, 4178
0.200, 0.200, 0.200,	2030, 2292, 4322
