order = 89
 ref0,  ref1,  ref2,    nR,  nG, nDir
0.000, 0.000, 0.000,	2702,   0, 2702
0.010, 0.000, 0.000,	2702,   4, 2706
0.020, 0.000, 0.000,	2702,  16, 2718
0.030, 0.000, 0.000,	2702,  28, 2730
0.040, 0.000, 0.000,	2702,  40, 2742
0.050, 0.000, 0.000,	2702,  64, 2766
0.060, 0.000, 0.000,	2702,  84, 2786
0.070, 0.000, 0.000,	2702, 100, 2802
0.080, 0.000, 0.000,	2702, 128, 2830
0.090, 0.000, 0.000,	2702, 152, 2854
0.100, 0.000, 0.000,	2702, 180, 2882
0.110, 0.000, 0.000,	2702, 208, 2910
0.120, 0.000, 0.000,	2702, 232, 2934
0.130, 0.000, 0.000,	2702, 264, 2966
0.140, 0.000, 0.000,	2702, 300, 3002
0.150, 0.000, 0.000,	2702, 344, 3046
0.160, 0.000, 0.000,	2702, 376, 3078
0.170, 0.000, 0.000,	2702, 428, 3130
0.180, 0.000, 0.000,	2702, 460, 3162
0.190, 0.000, 0.000,	2702, 512, 3214
0.200, 0.000, 0.000,	2702, 552, 3254
0.010, 0.010, 0.000,	2702,   8, 2710
0.020, 0.010, 0.000,	2702,  20, 2722
0.030, 0.010, 0.000,	2702,  32, 2734
0.040, 0.010, 0.000,	2702,  44, 2746
0.050, 0.010, 0.000,	2702,  68, 2770
0.060, 0.010, 0.000,	2702,  88, 2790
0.070, 0.010, 0.000,	2702, 104, 2806
0.080, 0.010, 0.000,	2702, 132, 2834
0.090, 0.010, 0.000,	2702, 156, 2858
0.100, 0.010, 0.000,	2702, 184, 2886
0.110, 0.010, 0.000,	2702, 212, 2914
0.120, 0.010, 0.000,	2702, 236, 2938
0.130, 0.010, 0.000,	2702, 268, 2970
0.140, 0.010, 0.000,	2702, 304, 3006
0.150, 0.010, 0.000,	2702, 348, 3050
0.160, 0.010, 0.000,	2702, 380, 3082
0.170, 0.010, 0.000,	2702, 432, 3134
0.180, 0.010, 0.000,	2702, 464, 3166
0.190, 0.010, 0.000,	2702, 516, 3218
0.200, 0.010, 0.000,	2702, 556, 3258
0.020, 0.020, 0.000,	2702,  28, 2730
0.030, 0.020, 0.000,	2702,  40, 2742
0.040, 0.020, 0.000,	2702,  52, 2754
0.050, 0.020, 0.000,	2702,  76, 2778
0.060, 0.020, 0.000,	2702,  96, 2798
0.070, 0.020, 0.000,	2702, 112, 2814
0.080, 0.020, 0.000,	2702, 140, 2842
0.090, 0.020, 0.000,	2702, 164, 2866
0.100, 0.020, 0.000,	2702, 192, 2894
0.110, 0.020, 0.000,	2702, 220, 2922
0.120, 0.020, 0.000,	2702, 244, 2946
0.130, 0.020, 0.000,	2702, 276, 2978
0.140, 0.020, 0.000,	2702, 312, 3014
0.150, 0.020, 0.000,	2702, 356, 3058
0.160, 0.020, 0.000,	2702, 388, 3090
0.170, 0.020, 0.000,	2702, 440, 3142
0.180, 0.020, 0.000,	2702, 472, 3174
0.190, 0.020, 0.000,	2702, 524, 3226
0.200, 0.020, 0.000,	2702, 564, 3266
0.030, 0.030, 0.000,	2702,  48, 2750
0.040, 0.030, 0.000,	2702,  60, 2762
0.050, 0.030, 0.000,	2702,  84, 2786
0.060, 0.030, 0.000,	2702, 104, 2806
0.070, 0.030, 0.000,	2702, 120, 2822
0.080, 0.030, 0.000,	2702, 148, 2850
0.090, 0.030, 0.000,	2702, 172, 2874
0.100, 0.030, 0.000,	2702, 200, 2902
0.110, 0.030, 0.000,	2702, 228, 2930
0.120, 0.030, 0.000,	2702, 252, 2954
0.130, 0.030, 0.000,	2702, 284, 2986
0.140, 0.030, 0.000,	2702, 320, 3022
0.150, 0.030, 0.000,	2702, 364, 3066
0.160, 0.030, 0.000,	2702, 396, 3098
0.170, 0.030, 0.000,	2702, 448, 3150
0.180, 0.030, 0.000,	2702, 480, 3182
0.190, 0.030, 0.000,	2702, 532, 3234
0.200, 0.030, 0.000,	2702, 572, 3274
0.040, 0.040, 0.000,	2702,  68, 2770
0.050, 0.040, 0.000,	2702,  92, 2794
0.060, 0.040, 0.000,	2702, 112, 2814
0.070, 0.040, 0.000,	2702, 128, 2830
0.080, 0.040, 0.000,	2702, 156, 2858
0.090, 0.040, 0.000,	2702, 180, 2882
0.100, 0.040, 0.000,	2702, 208, 2910
0.110, 0.040, 0.000,	2702, 236, 2938
0.120, 0.040, 0.000,	2702, 260, 2962
0.130, 0.040, 0.000,	2702, 292, 2994
0.140, 0.040, 0.000,	2702, 328, 3030
0.150, 0.040, 0.000,	2702, 372, 3074
0.160, 0.040, 0.000,	2702, 404, 3106
0.170, 0.040, 0.000,	2702, 456, 3158
0.180, 0.040, 0.000,	2702, 488, 3190
0.190, 0.040, 0.000,	2702, 540, 3242
0.200, 0.040, 0.000,	2702, 580, 3282
0.050, 0.050, 0.000,	2702, 104, 2806
0.060, 0.050, 0.000,	2702, 124, 2826
0.070, 0.050, 0.000,	2702, 140, 2842
0.080, 0.050, 0.000,	2702, 168, 2870
0.090, 0.050, 0.000,	2702, 192, 2894
0.100, 0.050, 0.000,	2702, 220, 2922
0.110, 0.050, 0.000,	2702, 248, 2950
0.120, 0.050, 0.000,	2702, 272, 2974
0.130, 0.050, 0.000,	2702, 304, 3006
0.140, 0.050, 0.000,	2702, 340, 3042
0.150, 0.050, 0.000,	2702, 384, 3086
0.160, 0.050, 0.000,	2702, 416, 3118
0.170, 0.050, 0.000,	2702, 468, 3170
0.180, 0.050, 0.000,	2702, 500, 3202
0.190, 0.050, 0.000,	2702, 552, 3254
0.200, 0.050, 0.000,	2702, 592, 3294
0.060, 0.060, 0.000,	2702, 140, 2842
0.070, 0.060, 0.000,	2702, 156, 2858
0.080, 0.060, 0.000,	2702, 184, 2886
0.090, 0.060, 0.000,	2702, 208, 2910
0.100, 0.060, 0.000,	2702, 236, 2938
0.110, 0.060, 0.000,	2702, 264, 2966
0.120, 0.060, 0.000,	2702, 288, 2990
0.130, 0.060, 0.000,	2702, 320, 3022
0.140, 0.060, 0.000,	2702, 356, 3058
0.150, 0.060, 0.000,	2702, 400, 3102
0.160, 0.060, 0.000,	2702, 432, 3134
0.170, 0.060, 0.000,	2702, 484, 3186
0.180, 0.060, 0.000,	2702, 516, 3218
0.190, 0.060, 0.000,	2702, 568, 3270
0.200, 0.060, 0.000,	2702, 608, 3310
0.070, 0.070, 0.000,	2702, 160, 2862
0.080, 0.070, 0.000,	2702, 188, 2890
0.090, 0.070, 0.000,	2702, 212, 2914
0.100, 0.070, 0.000,	2702, 240, 2942
0.110, 0.070, 0.000,	2702, 268, 2970
0.120, 0.070, 0.000,	2702, 292, 2994
0.130, 0.070, 0.000,	2702, 324, 3026
0.140, 0.070, 0.000,	2702, 360, 3062
0.150, 0.070, 0.000,	2702, 404, 3106
0.160, 0.070, 0.000,	2702, 436, 3138
0.170, 0.070, 0.000,	2702, 488, 3190
0.180, 0.070, 0.000,	2702, 520, 3222
0.190, 0.070, 0.000,	2702, 572, 3274
0.200, 0.070, 0.000,	2702, 612, 3314
0.080, 0.080, 0.000,	2702, 208, 2910
0.090, 0.080, 0.000,	2702, 232, 2934
0.100, 0.080, 0.000,	2702, 260, 2962
0.110, 0.080, 0.000,	2702, 288, 2990
0.120, 0.080, 0.000,	2702, 312, 3014
0.130, 0.080, 0.000,	2702, 344, 3046
0.140, 0.080, 0.000,	2702, 380, 3082
0.150, 0.080, 0.000,	2702, 424, 3126
0.160, 0.080, 0.000,	2702, 456, 3158
0.170, 0.080, 0.000,	2702, 508, 3210
0.180, 0.080, 0.000,	2702, 540, 3242
0.190, 0.080, 0.000,	2702, 592, 3294
0.200, 0.080, 0.000,	2702, 632, 3334
0.090, 0.090, 0.000,	2702, 244, 2946
0.100, 0.090, 0.000,	2702, 272, 2974
0.110, 0.090, 0.000,	2702, 300, 3002
0.120, 0.090, 0.000,	2702, 324, 3026
0.130, 0.090, 0.000,	2702, 356, 3058
0.140, 0.090, 0.000,	2702, 392, 3094
0.150, 0.090, 0.000,	2702, 436, 3138
0.160, 0.090, 0.000,	2702, 468, 3170
0.170, 0.090, 0.000,	2702, 520, 3222
0.180, 0.090, 0.000,	2702, 552, 3254
0.190, 0.090, 0.000,	2702, 604, 3306
0.200, 0.090, 0.000,	2702, 644, 3346
0.100, 0.100, 0.000,	2702, 288, 2990
0.110, 0.100, 0.000,	2702, 316, 3018
0.120, 0.100, 0.000,	2702, 340, 3042
0.130, 0.100, 0.000,	2702, 372, 3074
0.140, 0.100, 0.000,	2702, 408, 3110
0.150, 0.100, 0.000,	2702, 452, 3154
0.160, 0.100, 0.000,	2702, 484, 3186
0.170, 0.100, 0.000,	2702, 536, 3238
0.180, 0.100, 0.000,	2702, 568, 3270
0.190, 0.100, 0.000,	2702, 620, 3322
0.200, 0.100, 0.000,	2702, 660, 3362
0.110, 0.110, 0.000,	2702, 332, 3034
0.120, 0.110, 0.000,	2702, 356, 3058
0.130, 0.110, 0.000,	2702, 388, 3090
0.140, 0.110, 0.000,	2702, 424, 3126
0.150, 0.110, 0.000,	2702, 468, 3170
0.160, 0.110, 0.000,	2702, 500, 3202
0.170, 0.110, 0.000,	2702, 552, 3254
0.180, 0.110, 0.000,	2702, 584, 3286
0.190, 0.110, 0.000,	2702, 636, 3338
0.200, 0.110, 0.000,	2702, 676, 3378
0.120, 0.120, 0.000,	2702, 364, 3066
0.130, 0.120, 0.000,	2702, 396, 3098
0.140, 0.120, 0.000,	2702, 432, 3134
0.150, 0.120, 0.000,	2702, 476, 3178
0.160, 0.120, 0.000,	2702, 508, 3210
0.170, 0.120, 0.000,	2702, 560, 3262
0.180, 0.120, 0.000,	2702, 592, 3294
0.190, 0.120, 0.000,	2702, 644, 3346
0.200, 0.120, 0.000,	2702, 684, 3386
0.130, 0.130, 0.000,	2702, 420, 3122
0.140, 0.130, 0.000,	2702, 456, 3158
0.150, 0.130, 0.000,	2702, 500, 3202
0.160, 0.130, 0.000,	2702, 532, 3234
0.170, 0.130, 0.000,	2702, 584, 3286
0.180, 0.130, 0.000,	2702, 616, 3318
0.190, 0.130, 0.000,	2702, 668, 3370
0.200, 0.130, 0.000,	2702, 708, 3410
0.140, 0.140, 0.000,	2702, 468, 3170
0.150, 0.140, 0.000,	2702, 512, 3214
0.160, 0.140, 0.000,	2702, 544, 3246
0.170, 0.140, 0.000,	2702, 596, 3298
0.180, 0.140, 0.000,	2702, 628, 3330
0.190, 0.140, 0.000,	2702, 680, 3382
0.200, 0.140, 0.000,	2702, 720, 3422
0.150, 0.150, 0.000,	2702, 540, 3242
0.160, 0.150, 0.000,	2702, 572, 3274
0.170, 0.150, 0.000,	2702, 624, 3326
0.180, 0.150, 0.000,	2702, 656, 3358
0.190, 0.150, 0.000,	2702, 708, 3410
0.200, 0.150, 0.000,	2702, 748, 3450
0.160, 0.160, 0.000,	2702, 584, 3286
0.170, 0.160, 0.000,	2702, 636, 3338
0.180, 0.160, 0.000,	2702, 668, 3370
0.190, 0.160, 0.000,	2702, 720, 3422
0.200, 0.160, 0.000,	2702, 760, 3462
0.170, 0.170, 0.000,	2702, 668, 3370
0.180, 0.170, 0.000,	2702, 700, 3402
0.190, 0.170, 0.000,	2702, 752, 3454
0.200, 0.170, 0.000,	2702, 792, 3494
0.180, 0.180, 0.000,	2702, 712, 3414
0.190, 0.180, 0.000,	2702, 764, 3466
0.200, 0.180, 0.000,	2702, 804, 3506
0.190, 0.190, 0.000,	2702, 792, 3494
0.200, 0.190, 0.000,	2702, 832, 3534
0.200, 0.200, 0.000,	2702, 860, 3562
0.010, 0.010, 0.010,	2702,  24, 2726
0.020, 0.010, 0.010,	2702,  36, 2738
0.030, 0.010, 0.010,	2702,  48, 2750
0.040, 0.010, 0.010,	2702,  60, 2762
0.050, 0.010, 0.010,	2702,  84, 2786
0.060, 0.010, 0.010,	2702, 104, 2806
0.070, 0.010, 0.010,	2702, 120, 2822
0.080, 0.010, 0.010,	2702, 148, 2850
0.090, 0.010, 0.010,	2702, 172, 2874
0.100, 0.010, 0.010,	2702, 200, 2902
0.110, 0.010, 0.010,	2702, 228, 2930
0.120, 0.010, 0.010,	2702, 252, 2954
0.130, 0.010, 0.010,	2702, 284, 2986
0.140, 0.010, 0.010,	2702, 320, 3022
0.150, 0.010, 0.010,	2702, 364, 3066
0.160, 0.010, 0.010,	2702, 396, 3098
0.170, 0.010, 0.010,	2702, 448, 3150
0.180, 0.010, 0.010,	2702, 480, 3182
0.190, 0.010, 0.010,	2702, 532, 3234
0.200, 0.010, 0.010,	2702, 572, 3274
0.020, 0.020, 0.010,	2702,  44, 2746
0.030, 0.020, 0.010,	2702,  56, 2758
0.040, 0.020, 0.010,	2702,  68, 2770
0.050, 0.020, 0.010,	2702,  92, 2794
0.060, 0.020, 0.010,	2702, 112, 2814
0.070, 0.020, 0.010,	2702, 128, 2830
0.080, 0.020, 0.010,	2702, 156, 2858
0.090, 0.020, 0.010,	2702, 180, 2882
0.100, 0.020, 0.010,	2702, 208, 2910
0.110, 0.020, 0.010,	2702, 236, 2938
0.120, 0.020, 0.010,	2702, 260, 2962
0.130, 0.020, 0.010,	2702, 292, 2994
0.140, 0.020, 0.010,	2702, 328, 3030
0.150, 0.020, 0.010,	2702, 372, 3074
0.160, 0.020, 0.010,	2702, 404, 3106
0.170, 0.020, 0.010,	2702, 456, 3158
0.180, 0.020, 0.010,	2702, 488, 3190
0.190, 0.020, 0.010,	2702, 540, 3242
0.200, 0.020, 0.010,	2702, 580, 3282
0.030, 0.030, 0.010,	2702,  64, 2766
0.040, 0.030, 0.010,	2702,  76, 2778
0.050, 0.030, 0.010,	2702, 100, 2802
0.060, 0.030, 0.010,	2702, 120, 2822
0.070, 0.030, 0.010,	2702, 136, 2838
0.080, 0.030, 0.010,	2702, 164, 2866
0.090, 0.030, 0.010,	2702, 188, 2890
0.100, 0.030, 0.010,	2702, 216, 2918
0.110, 0.030, 0.010,	2702, 244, 2946
0.120, 0.030, 0.010,	2702, 268, 2970
0.130, 0.030, 0.010,	2702, 300, 3002
0.140, 0.030, 0.010,	2702, 336, 3038
0.150, 0.030, 0.010,	2702, 380, 3082
0.160, 0.030, 0.010,	2702, 412, 3114
0.170, 0.030, 0.010,	2702, 464, 3166
0.180, 0.030, 0.010,	2702, 496, 3198
0.190, 0.030, 0.010,	2702, 548, 3250
0.200, 0.030, 0.010,	2702, 588, 3290
0.040, 0.040, 0.010,	2702,  84, 2786
0.050, 0.040, 0.010,	2702, 108, 2810
0.060, 0.040, 0.010,	2702, 128, 2830
0.070, 0.040, 0.010,	2702, 144, 2846
0.080, 0.040, 0.010,	2702, 172, 2874
0.090, 0.040, 0.010,	2702, 196, 2898
0.100, 0.040, 0.010,	2702, 224, 2926
0.110, 0.040, 0.010,	2702, 252, 2954
0.120, 0.040, 0.010,	2702, 276, 2978
0.130, 0.040, 0.010,	2702, 308, 3010
0.140, 0.040, 0.010,	2702, 344, 3046
0.150, 0.040, 0.010,	2702, 388, 3090
0.160, 0.040, 0.010,	2702, 420, 3122
0.170, 0.040, 0.010,	2702, 472, 3174
0.180, 0.040, 0.010,	2702, 504, 3206
0.190, 0.040, 0.010,	2702, 556, 3258
0.200, 0.040, 0.010,	2702, 596, 3298
0.050, 0.050, 0.010,	2702, 120, 2822
0.060, 0.050, 0.010,	2702, 140, 2842
0.070, 0.050, 0.010,	2702, 156, 2858
0.080, 0.050, 0.010,	2702, 184, 2886
0.090, 0.050, 0.010,	2702, 208, 2910
0.100, 0.050, 0.010,	2702, 236, 2938
0.110, 0.050, 0.010,	2702, 264, 2966
0.120, 0.050, 0.010,	2702, 288, 2990
0.130, 0.050, 0.010,	2702, 320, 3022
0.140, 0.050, 0.010,	2702, 356, 3058
0.150, 0.050, 0.010,	2702, 400, 3102
0.160, 0.050, 0.010,	2702, 432, 3134
0.170, 0.050, 0.010,	2702, 484, 3186
0.180, 0.050, 0.010,	2702, 516, 3218
0.190, 0.050, 0.010,	2702, 568, 3270
0.200, 0.050, 0.010,	2702, 608, 3310
0.060, 0.060, 0.010,	2702, 156, 2858
0.070, 0.060, 0.010,	2702, 172, 2874
0.080, 0.060, 0.010,	2702, 200, 2902
0.090, 0.060, 0.010,	2702, 224, 2926
0.100, 0.060, 0.010,	2702, 252, 2954
0.110, 0.060, 0.010,	2702, 280, 2982
0.120, 0.060, 0.010,	2702, 304, 3006
0.130, 0.060, 0.010,	2702, 336, 3038
0.140, 0.060, 0.010,	2702, 372, 3074
0.150, 0.060, 0.010,	2702, 416, 3118
0.160, 0.060, 0.010,	2702, 448, 3150
0.170, 0.060, 0.010,	2702, 500, 3202
0.180, 0.060, 0.010,	2702, 532, 3234
0.190, 0.060, 0.010,	2702, 584, 3286
0.200, 0.060, 0.010,	2702, 624, 3326
0.070, 0.070, 0.010,	2702, 176, 2878
0.080, 0.070, 0.010,	2702, 204, 2906
0.090, 0.070, 0.010,	2702, 228, 2930
0.100, 0.070, 0.010,	2702, 256, 2958
0.110, 0.070, 0.010,	2702, 284, 2986
0.120, 0.070, 0.010,	2702, 308, 3010
0.130, 0.070, 0.010,	2702, 340, 3042
0.140, 0.070, 0.010,	2702, 376, 3078
0.150, 0.070, 0.010,	2702, 420, 3122
0.160, 0.070, 0.010,	2702, 452, 3154
0.170, 0.070, 0.010,	2702, 504, 3206
0.180, 0.070, 0.010,	2702, 536, 3238
0.190, 0.070, 0.010,	2702, 588, 3290
0.200, 0.070, 0.010,	2702, 628, 3330
0.080, 0.080, 0.010,	2702, 224, 2926
0.090, 0.080, 0.010,	2702, 248, 2950
0.100, 0.080, 0.010,	2702, 276, 2978
0.110, 0.080, 0.010,	2702, 304, 3006
0.120, 0.080, 0.010,	2702, 328, 3030
0.130, 0.080, 0.010,	2702, 360, 3062
0.140, 0.080, 0.010,	2702, 396, 3098
0.150, 0.080, 0.010,	2702, 440, 3142
0.160, 0.080, 0.010,	2702, 472, 3174
0.170, 0.080, 0.010,	2702, 524, 3226
0.180, 0.080, 0.010,	2702, 556, 3258
0.190, 0.080, 0.010,	2702, 608, 3310
0.200, 0.080, 0.010,	2702, 648, 3350
0.090, 0.090, 0.010,	2702, 260, 2962
0.100, 0.090, 0.010,	2702, 288, 2990
0.110, 0.090, 0.010,	2702, 316, 3018
0.120, 0.090, 0.010,	2702, 340, 3042
0.130, 0.090, 0.010,	2702, 372, 3074
0.140, 0.090, 0.010,	2702, 408, 3110
0.150, 0.090, 0.010,	2702, 452, 3154
0.160, 0.090, 0.010,	2702, 484, 3186
0.170, 0.090, 0.010,	2702, 536, 3238
0.180, 0.090, 0.010,	2702, 568, 3270
0.190, 0.090, 0.010,	2702, 620, 3322
0.200, 0.090, 0.010,	2702, 660, 3362
0.100, 0.100, 0.010,	2702, 304, 3006
0.110, 0.100, 0.010,	2702, 332, 3034
0.120, 0.100, 0.010,	2702, 356, 3058
0.130, 0.100, 0.010,	2702, 388, 3090
0.140, 0.100, 0.010,	2702, 424, 3126
0.150, 0.100, 0.010,	2702, 468, 3170
0.160, 0.100, 0.010,	2702, 500, 3202
0.170, 0.100, 0.010,	2702, 552, 3254
0.180, 0.100, 0.010,	2702, 584, 3286
0.190, 0.100, 0.010,	2702, 636, 3338
0.200, 0.100, 0.010,	2702, 676, 3378
0.110, 0.110, 0.010,	2702, 348, 3050
0.120, 0.110, 0.010,	2702, 372, 3074
0.130, 0.110, 0.010,	2702, 404, 3106
0.140, 0.110, 0.010,	2702, 440, 3142
0.150, 0.110, 0.010,	2702, 484, 3186
0.160, 0.110, 0.010,	2702, 516, 3218
0.170, 0.110, 0.010,	2702, 568, 3270
0.180, 0.110, 0.010,	2702, 600, 3302
0.190, 0.110, 0.010,	2702, 652, 3354
0.200, 0.110, 0.010,	2702, 692, 3394
0.120, 0.120, 0.010,	2702, 380, 3082
0.130, 0.120, 0.010,	2702, 412, 3114
0.140, 0.120, 0.010,	2702, 448, 3150
0.150, 0.120, 0.010,	2702, 492, 3194
0.160, 0.120, 0.010,	2702, 524, 3226
0.170, 0.120, 0.010,	2702, 576, 3278
0.180, 0.120, 0.010,	2702, 608, 3310
0.190, 0.120, 0.010,	2702, 660, 3362
0.200, 0.120, 0.010,	2702, 700, 3402
0.130, 0.130, 0.010,	2702, 436, 3138
0.140, 0.130, 0.010,	2702, 472, 3174
0.150, 0.130, 0.010,	2702, 516, 3218
0.160, 0.130, 0.010,	2702, 548, 3250
0.170, 0.130, 0.010,	2702, 600, 3302
0.180, 0.130, 0.010,	2702, 632, 3334
0.190, 0.130, 0.010,	2702, 684, 3386
0.200, 0.130, 0.010,	2702, 724, 3426
0.140, 0.140, 0.010,	2702, 484, 3186
0.150, 0.140, 0.010,	2702, 528, 3230
0.160, 0.140, 0.010,	2702, 560, 3262
0.170, 0.140, 0.010,	2702, 612, 3314
0.180, 0.140, 0.010,	2702, 644, 3346
0.190, 0.140, 0.010,	2702, 696, 3398
0.200, 0.140, 0.010,	2702, 736, 3438
0.150, 0.150, 0.010,	2702, 556, 3258
0.160, 0.150, 0.010,	2702, 588, 3290
0.170, 0.150, 0.010,	2702, 640, 3342
0.180, 0.150, 0.010,	2702, 672, 3374
0.190, 0.150, 0.010,	2702, 724, 3426
0.200, 0.150, 0.010,	2702, 764, 3466
0.160, 0.160, 0.010,	2702, 600, 3302
0.170, 0.160, 0.010,	2702, 652, 3354
0.180, 0.160, 0.010,	2702, 684, 3386
0.190, 0.160, 0.010,	2702, 736, 3438
0.200, 0.160, 0.010,	2702, 776, 3478
0.170, 0.170, 0.010,	2702, 684, 3386
0.180, 0.170, 0.010,	2702, 716, 3418
0.190, 0.170, 0.010,	2702, 768, 3470
0.200, 0.170, 0.010,	2702, 808, 3510
0.180, 0.180, 0.010,	2702, 728, 3430
0.190, 0.180, 0.010,	2702, 780, 3482
0.200, 0.180, 0.010,	2702, 820, 3522
0.190, 0.190, 0.010,	2702, 808, 3510
0.200, 0.190, 0.010,	2702, 848, 3550
0.200, 0.200, 0.010,	2702, 876, 3578
0.020, 0.020, 0.020,	2702,  92, 2794
0.030, 0.020, 0.020,	2702, 104, 2806
0.040, 0.020, 0.020,	2702, 116, 2818
0.050, 0.020, 0.020,	2702, 140, 2842
0.060, 0.020, 0.020,	2702, 160, 2862
0.070, 0.020, 0.020,	2702, 176, 2878
0.080, 0.020, 0.020,	2702, 204, 2906
0.090, 0.020, 0.020,	2702, 228, 2930
0.100, 0.020, 0.020,	2702, 256, 2958
0.110, 0.020, 0.020,	2702, 284, 2986
0.120, 0.020, 0.020,	2702, 308, 3010
0.130, 0.020, 0.020,	2702, 340, 3042
0.140, 0.020, 0.020,	2702, 376, 3078
0.150, 0.020, 0.020,	2702, 420, 3122
0.160, 0.020, 0.020,	2702, 452, 3154
0.170, 0.020, 0.020,	2702, 504, 3206
0.180, 0.020, 0.020,	2702, 536, 3238
0.190, 0.020, 0.020,	2702, 588, 3290
0.200, 0.020, 0.020,	2702, 628, 3330
0.030, 0.030, 0.020,	2702, 112, 2814
0.040, 0.030, 0.020,	2702, 124, 2826
0.050, 0.030, 0.020,	2702, 148, 2850
0.060, 0.030, 0.020,	2702, 168, 2870
0.070, 0.030, 0.020,	2702, 184, 2886
0.080, 0.030, 0.020,	2702, 212, 2914
0.090, 0.030, 0.020,	2702, 236, 2938
0.100, 0.030, 0.020,	2702, 264, 2966
0.110, 0.030, 0.020,	2702, 292, 2994
0.120, 0.030, 0.020,	2702, 316, 3018
0.130, 0.030, 0.020,	2702, 348, 3050
0.140, 0.030, 0.020,	2702, 384, 3086
0.150, 0.030, 0.020,	2702, 428, 3130
0.160, 0.030, 0.020,	2702, 460, 3162
0.170, 0.030, 0.020,	2702, 512, 3214
0.180, 0.030, 0.020,	2702, 544, 3246
0.190, 0.030, 0.020,	2702, 596, 3298
0.200, 0.030, 0.020,	2702, 636, 3338
0.040, 0.040, 0.020,	2702, 132, 2834
0.050, 0.040, 0.020,	2702, 156, 2858
0.060, 0.040, 0.020,	2702, 176, 2878
0.070, 0.040, 0.020,	2702, 192, 2894
0.080, 0.040, 0.020,	2702, 220, 2922
0.090, 0.040, 0.020,	2702, 244, 2946
0.100, 0.040, 0.020,	2702, 272, 2974
0.110, 0.040, 0.020,	2702, 300, 3002
0.120, 0.040, 0.020,	2702, 324, 3026
0.130, 0.040, 0.020,	2702, 356, 3058
0.140, 0.040, 0.020,	2702, 392, 3094
0.150, 0.040, 0.020,	2702, 436, 3138
0.160, 0.040, 0.020,	2702, 468, 3170
0.170, 0.040, 0.020,	2702, 520, 3222
0.180, 0.040, 0.020,	2702, 552, 3254
0.190, 0.040, 0.020,	2702, 604, 3306
0.200, 0.040, 0.020,	2702, 644, 3346
0.050, 0.050, 0.020,	2702, 168, 2870
0.060, 0.050, 0.020,	2702, 188, 2890
0.070, 0.050, 0.020,	2702, 204, 2906
0.080, 0.050, 0.020,	2702, 232, 2934
0.090, 0.050, 0.020,	2702, 256, 2958
0.100, 0.050, 0.020,	2702, 284, 2986
0.110, 0.050, 0.020,	2702, 312, 3014
0.120, 0.050, 0.020,	2702, 336, 3038
0.130, 0.050, 0.020,	2702, 368, 3070
0.140, 0.050, 0.020,	2702, 404, 3106
0.150, 0.050, 0.020,	2702, 448, 3150
0.160, 0.050, 0.020,	2702, 480, 3182
0.170, 0.050, 0.020,	2702, 532, 3234
0.180, 0.050, 0.020,	2702, 564, 3266
0.190, 0.050, 0.020,	2702, 616, 3318
0.200, 0.050, 0.020,	2702, 656, 3358
0.060, 0.060, 0.020,	2702, 204, 2906
0.070, 0.060, 0.020,	2702, 220, 2922
0.080, 0.060, 0.020,	2702, 248, 2950
0.090, 0.060, 0.020,	2702, 272, 2974
0.100, 0.060, 0.020,	2702, 300, 3002
0.110, 0.060, 0.020,	2702, 328, 3030
0.120, 0.060, 0.020,	2702, 352, 3054
0.130, 0.060, 0.020,	2702, 384, 3086
0.140, 0.060, 0.020,	2702, 420, 3122
0.150, 0.060, 0.020,	2702, 464, 3166
0.160, 0.060, 0.020,	2702, 496, 3198
0.170, 0.060, 0.020,	2702, 548, 3250
0.180, 0.060, 0.020,	2702, 580, 3282
0.190, 0.060, 0.020,	2702, 632, 3334
0.200, 0.060, 0.020,	2702, 672, 3374
0.070, 0.070, 0.020,	2702, 224, 2926
0.080, 0.070, 0.020,	2702, 252, 2954
0.090, 0.070, 0.020,	2702, 276, 2978
0.100, 0.070, 0.020,	2702, 304, 3006
0.110, 0.070, 0.020,	2702, 332, 3034
0.120, 0.070, 0.020,	2702, 356, 3058
0.130, 0.070, 0.020,	2702, 388, 3090
0.140, 0.070, 0.020,	2702, 424, 3126
0.150, 0.070, 0.020,	2702, 468, 3170
0.160, 0.070, 0.020,	2702, 500, 3202
0.170, 0.070, 0.020,	2702, 552, 3254
0.180, 0.070, 0.020,	2702, 584, 3286
0.190, 0.070, 0.020,	2702, 636, 3338
0.200, 0.070, 0.020,	2702, 676, 3378
0.080, 0.080, 0.020,	2702, 272, 2974
0.090, 0.080, 0.020,	2702, 296, 2998
0.100, 0.080, 0.020,	2702, 324, 3026
0.110, 0.080, 0.020,	2702, 352, 3054
0.120, 0.080, 0.020,	2702, 376, 3078
0.130, 0.080, 0.020,	2702, 408, 3110
0.140, 0.080, 0.020,	2702, 444, 3146
0.150, 0.080, 0.020,	2702, 488, 3190
0.160, 0.080, 0.020,	2702, 520, 3222
0.170, 0.080, 0.020,	2702, 572, 3274
0.180, 0.080, 0.020,	2702, 604, 3306
0.190, 0.080, 0.020,	2702, 656, 3358
0.200, 0.080, 0.020,	2702, 696, 3398
0.090, 0.090, 0.020,	2702, 308, 3010
0.100, 0.090, 0.020,	2702, 336, 3038
0.110, 0.090, 0.020,	2702, 364, 3066
0.120, 0.090, 0.020,	2702, 388, 3090
0.130, 0.090, 0.020,	2702, 420, 3122
0.140, 0.090, 0.020,	2702, 456, 3158
0.150, 0.090, 0.020,	2702, 500, 3202
0.160, 0.090, 0.020,	2702, 532, 3234
0.170, 0.090, 0.020,	2702, 584, 3286
0.180, 0.090, 0.020,	2702, 616, 3318
0.190, 0.090, 0.020,	2702, 668, 3370
0.200, 0.090, 0.020,	2702, 708, 3410
0.100, 0.100, 0.020,	2702, 352, 3054
0.110, 0.100, 0.020,	2702, 380, 3082
0.120, 0.100, 0.020,	2702, 404, 3106
0.130, 0.100, 0.020,	2702, 436, 3138
0.140, 0.100, 0.020,	2702, 472, 3174
0.150, 0.100, 0.020,	2702, 516, 3218
0.160, 0.100, 0.020,	2702, 548, 3250
0.170, 0.100, 0.020,	2702, 600, 3302
0.180, 0.100, 0.020,	2702, 632, 3334
0.190, 0.100, 0.020,	2702, 684, 3386
0.200, 0.100, 0.020,	2702, 724, 3426
0.110, 0.110, 0.020,	2702, 396, 3098
0.120, 0.110, 0.020,	2702, 420, 3122
0.130, 0.110, 0.020,	2702, 452, 3154
0.140, 0.110, 0.020,	2702, 488, 3190
0.150, 0.110, 0.020,	2702, 532, 3234
0.160, 0.110, 0.020,	2702, 564, 3266
0.170, 0.110, 0.020,	2702, 616, 3318
0.180, 0.110, 0.020,	2702, 648, 3350
0.190, 0.110, 0.020,	2702, 700, 3402
0.200, 0.110, 0.020,	2702, 740, 3442
0.120, 0.120, 0.020,	2702, 428, 3130
0.130, 0.120, 0.020,	2702, 460, 3162
0.140, 0.120, 0.020,	2702, 496, 3198
0.150, 0.120, 0.020,	2702, 540, 3242
0.160, 0.120, 0.020,	2702, 572, 3274
0.170, 0.120, 0.020,	2702, 624, 3326
0.180, 0.120, 0.020,	2702, 656, 3358
0.190, 0.120, 0.020,	2702, 708, 3410
0.200, 0.120, 0.020,	2702, 748, 3450
0.130, 0.130, 0.020,	2702, 484, 3186
0.140, 0.130, 0.020,	2702, 520, 3222
0.150, 0.130, 0.020,	2702, 564, 3266
0.160, 0.130, 0.020,	2702, 596, 3298
0.170, 0.130, 0.020,	2702, 648, 3350
0.180, 0.130, 0.020,	2702, 680, 3382
0.190, 0.130, 0.020,	2702, 732, 3434
0.200, 0.130, 0.020,	2702, 772, 3474
0.140, 0.140, 0.020,	2702, 532, 3234
0.150, 0.140, 0.020,	2702, 576, 3278
0.160, 0.140, 0.020,	2702, 608, 3310
0.170, 0.140, 0.020,	2702, 660, 3362
0.180, 0.140, 0.020,	2702, 692, 3394
0.190, 0.140, 0.020,	2702, 744, 3446
0.200, 0.140, 0.020,	2702, 784, 3486
0.150, 0.150, 0.020,	2702, 604, 3306
0.160, 0.150, 0.020,	2702, 636, 3338
0.170, 0.150, 0.020,	2702, 688, 3390
0.180, 0.150, 0.020,	2702, 720, 3422
0.190, 0.150, 0.020,	2702, 772, 3474
0.200, 0.150, 0.020,	2702, 812, 3514
0.160, 0.160, 0.020,	2702, 648, 3350
0.170, 0.160, 0.020,	2702, 700, 3402
0.180, 0.160, 0.020,	2702, 732, 3434
0.190, 0.160, 0.020,	2702, 784, 3486
0.200, 0.160, 0.020,	2702, 824, 3526
0.170, 0.170, 0.020,	2702, 732, 3434
0.180, 0.170, 0.020,	2702, 764, 3466
0.190, 0.170, 0.020,	2702, 816, 3518
0.200, 0.170, 0.020,	2702, 856, 3558
0.180, 0.180, 0.020,	2702, 776, 3478
0.190, 0.180, 0.020,	2702, 828, 3530
0.200, 0.180, 0.020,	2702, 868, 3570
0.190, 0.190, 0.020,	2702, 856, 3558
0.200, 0.190, 0.020,	2702, 896, 3598
0.200, 0.200, 0.020,	2702, 924, 3626
0.030, 0.030, 0.030,	2702, 160, 2862
0.040, 0.030, 0.030,	2702, 172, 2874
0.050, 0.030, 0.030,	2702, 196, 2898
0.060, 0.030, 0.030,	2702, 216, 2918
0.070, 0.030, 0.030,	2702, 232, 2934
0.080, 0.030, 0.030,	2702, 260, 2962
0.090, 0.030, 0.030,	2702, 284, 2986
0.100, 0.030, 0.030,	2702, 312, 3014
0.110, 0.030, 0.030,	2702, 340, 3042
0.120, 0.030, 0.030,	2702, 364, 3066
0.130, 0.030, 0.030,	2702, 396, 3098
0.140, 0.030, 0.030,	2702, 432, 3134
0.150, 0.030, 0.030,	2702, 476, 3178
0.160, 0.030, 0.030,	2702, 508, 3210
0.170, 0.030, 0.030,	2702, 560, 3262
0.180, 0.030, 0.030,	2702, 592, 3294
0.190, 0.030, 0.030,	2702, 644, 3346
0.200, 0.030, 0.030,	2702, 684, 3386
0.040, 0.040, 0.030,	2702, 180, 2882
0.050, 0.040, 0.030,	2702, 204, 2906
0.060, 0.040, 0.030,	2702, 224, 2926
0.070, 0.040, 0.030,	2702, 240, 2942
0.080, 0.040, 0.030,	2702, 268, 2970
0.090, 0.040, 0.030,	2702, 292, 2994
0.100, 0.040, 0.030,	2702, 320, 3022
0.110, 0.040, 0.030,	2702, 348, 3050
0.120, 0.040, 0.030,	2702, 372, 3074
0.130, 0.040, 0.030,	2702, 404, 3106
0.140, 0.040, 0.030,	2702, 440, 3142
0.150, 0.040, 0.030,	2702, 484, 3186
0.160, 0.040, 0.030,	2702, 516, 3218
0.170, 0.040, 0.030,	2702, 568, 3270
0.180, 0.040, 0.030,	2702, 600, 3302
0.190, 0.040, 0.030,	2702, 652, 3354
0.200, 0.040, 0.030,	2702, 692, 3394
0.050, 0.050, 0.030,	2702, 216, 2918
0.060, 0.050, 0.030,	2702, 236, 2938
0.070, 0.050, 0.030,	2702, 252, 2954
0.080, 0.050, 0.030,	2702, 280, 2982
0.090, 0.050, 0.030,	2702, 304, 3006
0.100, 0.050, 0.030,	2702, 332, 3034
0.110, 0.050, 0.030,	2702, 360, 3062
0.120, 0.050, 0.030,	2702, 384, 3086
0.130, 0.050, 0.030,	2702, 416, 3118
0.140, 0.050, 0.030,	2702, 452, 3154
0.150, 0.050, 0.030,	2702, 496, 3198
0.160, 0.050, 0.030,	2702, 528, 3230
0.170, 0.050, 0.030,	2702, 580, 3282
0.180, 0.050, 0.030,	2702, 612, 3314
0.190, 0.050, 0.030,	2702, 664, 3366
0.200, 0.050, 0.030,	2702, 704, 3406
0.060, 0.060, 0.030,	2702, 252, 2954
0.070, 0.060, 0.030,	2702, 268, 2970
0.080, 0.060, 0.030,	2702, 296, 2998
0.090, 0.060, 0.030,	2702, 320, 3022
0.100, 0.060, 0.030,	2702, 348, 3050
0.110, 0.060, 0.030,	2702, 376, 3078
0.120, 0.060, 0.030,	2702, 400, 3102
0.130, 0.060, 0.030,	2702, 432, 3134
0.140, 0.060, 0.030,	2702, 468, 3170
0.150, 0.060, 0.030,	2702, 512, 3214
0.160, 0.060, 0.030,	2702, 544, 3246
0.170, 0.060, 0.030,	2702, 596, 3298
0.180, 0.060, 0.030,	2702, 628, 3330
0.190, 0.060, 0.030,	2702, 680, 3382
0.200, 0.060, 0.030,	2702, 720, 3422
0.070, 0.070, 0.030,	2702, 272, 2974
0.080, 0.070, 0.030,	2702, 300, 3002
0.090, 0.070, 0.030,	2702, 324, 3026
0.100, 0.070, 0.030,	2702, 352, 3054
0.110, 0.070, 0.030,	2702, 380, 3082
0.120, 0.070, 0.030,	2702, 404, 3106
0.130, 0.070, 0.030,	2702, 436, 3138
0.140, 0.070, 0.030,	2702, 472, 3174
0.150, 0.070, 0.030,	2702, 516, 3218
0.160, 0.070, 0.030,	2702, 548, 3250
0.170, 0.070, 0.030,	2702, 600, 3302
0.180, 0.070, 0.030,	2702, 632, 3334
0.190, 0.070, 0.030,	2702, 684, 3386
0.200, 0.070, 0.030,	2702, 724, 3426
0.080, 0.080, 0.030,	2702, 320, 3022
0.090, 0.080, 0.030,	2702, 344, 3046
0.100, 0.080, 0.030,	2702, 372, 3074
0.110, 0.080, 0.030,	2702, 400, 3102
0.120, 0.080, 0.030,	2702, 424, 3126
0.130, 0.080, 0.030,	2702, 456, 3158
0.140, 0.080, 0.030,	2702, 492, 3194
0.150, 0.080, 0.030,	2702, 536, 3238
0.160, 0.080, 0.030,	2702, 568, 3270
0.170, 0.080, 0.030,	2702, 620, 3322
0.180, 0.080, 0.030,	2702, 652, 3354
0.190, 0.080, 0.030,	2702, 704, 3406
0.200, 0.080, 0.030,	2702, 744, 3446
0.090, 0.090, 0.030,	2702, 356, 3058
0.100, 0.090, 0.030,	2702, 384, 3086
0.110, 0.090, 0.030,	2702, 412, 3114
0.120, 0.090, 0.030,	2702, 436, 3138
0.130, 0.090, 0.030,	2702, 468, 3170
0.140, 0.090, 0.030,	2702, 504, 3206
0.150, 0.090, 0.030,	2702, 548, 3250
0.160, 0.090, 0.030,	2702, 580, 3282
0.170, 0.090, 0.030,	2702, 632, 3334
0.180, 0.090, 0.030,	2702, 664, 3366
0.190, 0.090, 0.030,	2702, 716, 3418
0.200, 0.090, 0.030,	2702, 756, 3458
0.100, 0.100, 0.030,	2702, 400, 3102
0.110, 0.100, 0.030,	2702, 428, 3130
0.120, 0.100, 0.030,	2702, 452, 3154
0.130, 0.100, 0.030,	2702, 484, 3186
0.140, 0.100, 0.030,	2702, 520, 3222
0.150, 0.100, 0.030,	2702, 564, 3266
0.160, 0.100, 0.030,	2702, 596, 3298
0.170, 0.100, 0.030,	2702, 648, 3350
0.180, 0.100, 0.030,	2702, 680, 3382
0.190, 0.100, 0.030,	2702, 732, 3434
0.200, 0.100, 0.030,	2702, 772, 3474
0.110, 0.110, 0.030,	2702, 444, 3146
0.120, 0.110, 0.030,	2702, 468, 3170
0.130, 0.110, 0.030,	2702, 500, 3202
0.140, 0.110, 0.030,	2702, 536, 3238
0.150, 0.110, 0.030,	2702, 580, 3282
0.160, 0.110, 0.030,	2702, 612, 3314
0.170, 0.110, 0.030,	2702, 664, 3366
0.180, 0.110, 0.030,	2702, 696, 3398
0.190, 0.110, 0.030,	2702, 748, 3450
0.200, 0.110, 0.030,	2702, 788, 3490
0.120, 0.120, 0.030,	2702, 476, 3178
0.130, 0.120, 0.030,	2702, 508, 3210
0.140, 0.120, 0.030,	2702, 544, 3246
0.150, 0.120, 0.030,	2702, 588, 3290
0.160, 0.120, 0.030,	2702, 620, 3322
0.170, 0.120, 0.030,	2702, 672, 3374
0.180, 0.120, 0.030,	2702, 704, 3406
0.190, 0.120, 0.030,	2702, 756, 3458
0.200, 0.120, 0.030,	2702, 796, 3498
0.130, 0.130, 0.030,	2702, 532, 3234
0.140, 0.130, 0.030,	2702, 568, 3270
0.150, 0.130, 0.030,	2702, 612, 3314
0.160, 0.130, 0.030,	2702, 644, 3346
0.170, 0.130, 0.030,	2702, 696, 3398
0.180, 0.130, 0.030,	2702, 728, 3430
0.190, 0.130, 0.030,	2702, 780, 3482
0.200, 0.130, 0.030,	2702, 820, 3522
0.140, 0.140, 0.030,	2702, 580, 3282
0.150, 0.140, 0.030,	2702, 624, 3326
0.160, 0.140, 0.030,	2702, 656, 3358
0.170, 0.140, 0.030,	2702, 708, 3410
0.180, 0.140, 0.030,	2702, 740, 3442
0.190, 0.140, 0.030,	2702, 792, 3494
0.200, 0.140, 0.030,	2702, 832, 3534
0.150, 0.150, 0.030,	2702, 652, 3354
0.160, 0.150, 0.030,	2702, 684, 3386
0.170, 0.150, 0.030,	2702, 736, 3438
0.180, 0.150, 0.030,	2702, 768, 3470
0.190, 0.150, 0.030,	2702, 820, 3522
0.200, 0.150, 0.030,	2702, 860, 3562
0.160, 0.160, 0.030,	2702, 696, 3398
0.170, 0.160, 0.030,	2702, 748, 3450
0.180, 0.160, 0.030,	2702, 780, 3482
0.190, 0.160, 0.030,	2702, 832, 3534
0.200, 0.160, 0.030,	2702, 872, 3574
0.170, 0.170, 0.030,	2702, 780, 3482
0.180, 0.170, 0.030,	2702, 812, 3514
0.190, 0.170, 0.030,	2702, 864, 3566
0.200, 0.170, 0.030,	2702, 904, 3606
0.180, 0.180, 0.030,	2702, 824, 3526
0.190, 0.180, 0.030,	2702, 876, 3578
0.200, 0.180, 0.030,	2702, 916, 3618
0.190, 0.190, 0.030,	2702, 904, 3606
0.200, 0.190, 0.030,	2702, 944, 3646
0.200, 0.200, 0.030,	2702, 972, 3674
0.040, 0.040, 0.040,	2702, 228, 2930
0.050, 0.040, 0.040,	2702, 252, 2954
0.060, 0.040, 0.040,	2702, 272, 2974
0.070, 0.040, 0.040,	2702, 288, 2990
0.080, 0.040, 0.040,	2702, 316, 3018
0.090, 0.040, 0.040,	2702, 340, 3042
0.100, 0.040, 0.040,	2702, 368, 3070
0.110, 0.040, 0.040,	2702, 396, 3098
0.120, 0.040, 0.040,	2702, 420, 3122
0.130, 0.040, 0.040,	2702, 452, 3154
0.140, 0.040, 0.040,	2702, 488, 3190
0.150, 0.040, 0.040,	2702, 532, 3234
0.160, 0.040, 0.040,	2702, 564, 3266
0.170, 0.040, 0.040,	2702, 616, 3318
0.180, 0.040, 0.040,	2702, 648, 3350
0.190, 0.040, 0.040,	2702, 700, 3402
0.200, 0.040, 0.040,	2702, 740, 3442
0.050, 0.050, 0.040,	2702, 264, 2966
0.060, 0.050, 0.040,	2702, 284, 2986
0.070, 0.050, 0.040,	2702, 300, 3002
0.080, 0.050, 0.040,	2702, 328, 3030
0.090, 0.050, 0.040,	2702, 352, 3054
0.100, 0.050, 0.040,	2702, 380, 3082
0.110, 0.050, 0.040,	2702, 408, 3110
0.120, 0.050, 0.040,	2702, 432, 3134
0.130, 0.050, 0.040,	2702, 464, 3166
0.140, 0.050, 0.040,	2702, 500, 3202
0.150, 0.050, 0.040,	2702, 544, 3246
0.160, 0.050, 0.040,	2702, 576, 3278
0.170, 0.050, 0.040,	2702, 628, 3330
0.180, 0.050, 0.040,	2702, 660, 3362
0.190, 0.050, 0.040,	2702, 712, 3414
0.200, 0.050, 0.040,	2702, 752, 3454
0.060, 0.060, 0.040,	2702, 300, 3002
0.070, 0.060, 0.040,	2702, 316, 3018
0.080, 0.060, 0.040,	2702, 344, 3046
0.090, 0.060, 0.040,	2702, 368, 3070
0.100, 0.060, 0.040,	2702, 396, 3098
0.110, 0.060, 0.040,	2702, 424, 3126
0.120, 0.060, 0.040,	2702, 448, 3150
0.130, 0.060, 0.040,	2702, 480, 3182
0.140, 0.060, 0.040,	2702, 516, 3218
0.150, 0.060, 0.040,	2702, 560, 3262
0.160, 0.060, 0.040,	2702, 592, 3294
0.170, 0.060, 0.040,	2702, 644, 3346
0.180, 0.060, 0.040,	2702, 676, 3378
0.190, 0.060, 0.040,	2702, 728, 3430
0.200, 0.060, 0.040,	2702, 768, 3470
0.070, 0.070, 0.040,	2702, 320, 3022
0.080, 0.070, 0.040,	2702, 348, 3050
0.090, 0.070, 0.040,	2702, 372, 3074
0.100, 0.070, 0.040,	2702, 400, 3102
0.110, 0.070, 0.040,	2702, 428, 3130
0.120, 0.070, 0.040,	2702, 452, 3154
0.130, 0.070, 0.040,	2702, 484, 3186
0.140, 0.070, 0.040,	2702, 520, 3222
0.150, 0.070, 0.040,	2702, 564, 3266
0.160, 0.070, 0.040,	2702, 596, 3298
0.170, 0.070, 0.040,	2702, 648, 3350
0.180, 0.070, 0.040,	2702, 680, 3382
0.190, 0.070, 0.040,	2702, 732, 3434
0.200, 0.070, 0.040,	2702, 772, 3474
0.080, 0.080, 0.040,	2702, 368, 3070
0.090, 0.080, 0.040,	2702, 392, 3094
0.100, 0.080, 0.040,	2702, 420, 3122
0.110, 0.080, 0.040,	2702, 448, 3150
0.120, 0.080, 0.040,	2702, 472, 3174
0.130, 0.080, 0.040,	2702, 504, 3206
0.140, 0.080, 0.040,	2702, 540, 3242
0.150, 0.080, 0.040,	2702, 584, 3286
0.160, 0.080, 0.040,	2702, 616, 3318
0.170, 0.080, 0.040,	2702, 668, 3370
0.180, 0.080, 0.040,	2702, 700, 3402
0.190, 0.080, 0.040,	2702, 752, 3454
0.200, 0.080, 0.040,	2702, 792, 3494
0.090, 0.090, 0.040,	2702, 404, 3106
0.100, 0.090, 0.040,	2702, 432, 3134
0.110, 0.090, 0.040,	2702, 460, 3162
0.120, 0.090, 0.040,	2702, 484, 3186
0.130, 0.090, 0.040,	2702, 516, 3218
0.140, 0.090, 0.040,	2702, 552, 3254
0.150, 0.090, 0.040,	2702, 596, 3298
0.160, 0.090, 0.040,	2702, 628, 3330
0.170, 0.090, 0.040,	2702, 680, 3382
0.180, 0.090, 0.040,	2702, 712, 3414
0.190, 0.090, 0.040,	2702, 764, 3466
0.200, 0.090, 0.040,	2702, 804, 3506
0.100, 0.100, 0.040,	2702, 448, 3150
0.110, 0.100, 0.040,	2702, 476, 3178
0.120, 0.100, 0.040,	2702, 500, 3202
0.130, 0.100, 0.040,	2702, 532, 3234
0.140, 0.100, 0.040,	2702, 568, 3270
0.150, 0.100, 0.040,	2702, 612, 3314
0.160, 0.100, 0.040,	2702, 644, 3346
0.170, 0.100, 0.040,	2702, 696, 3398
0.180, 0.100, 0.040,	2702, 728, 3430
0.190, 0.100, 0.040,	2702, 780, 3482
0.200, 0.100, 0.040,	2702, 820, 3522
0.110, 0.110, 0.040,	2702, 492, 3194
0.120, 0.110, 0.040,	2702, 516, 3218
0.130, 0.110, 0.040,	2702, 548, 3250
0.140, 0.110, 0.040,	2702, 584, 3286
0.150, 0.110, 0.040,	2702, 628, 3330
0.160, 0.110, 0.040,	2702, 660, 3362
0.170, 0.110, 0.040,	2702, 712, 3414
0.180, 0.110, 0.040,	2702, 744, 3446
0.190, 0.110, 0.040,	2702, 796, 3498
0.200, 0.110, 0.040,	2702, 836, 3538
0.120, 0.120, 0.040,	2702, 524, 3226
0.130, 0.120, 0.040,	2702, 556, 3258
0.140, 0.120, 0.040,	2702, 592, 3294
0.150, 0.120, 0.040,	2702, 636, 3338
0.160, 0.120, 0.040,	2702, 668, 3370
0.170, 0.120, 0.040,	2702, 720, 3422
0.180, 0.120, 0.040,	2702, 752, 3454
0.190, 0.120, 0.040,	2702, 804, 3506
0.200, 0.120, 0.040,	2702, 844, 3546
0.130, 0.130, 0.040,	2702, 580, 3282
0.140, 0.130, 0.040,	2702, 616, 3318
0.150, 0.130, 0.040,	2702, 660, 3362
0.160, 0.130, 0.040,	2702, 692, 3394
0.170, 0.130, 0.040,	2702, 744, 3446
0.180, 0.130, 0.040,	2702, 776, 3478
0.190, 0.130, 0.040,	2702, 828, 3530
0.200, 0.130, 0.040,	2702, 868, 3570
0.140, 0.140, 0.040,	2702, 628, 3330
0.150, 0.140, 0.040,	2702, 672, 3374
0.160, 0.140, 0.040,	2702, 704, 3406
0.170, 0.140, 0.040,	2702, 756, 3458
0.180, 0.140, 0.040,	2702, 788, 3490
0.190, 0.140, 0.040,	2702, 840, 3542
0.200, 0.140, 0.040,	2702, 880, 3582
0.150, 0.150, 0.040,	2702, 700, 3402
0.160, 0.150, 0.040,	2702, 732, 3434
0.170, 0.150, 0.040,	2702, 784, 3486
0.180, 0.150, 0.040,	2702, 816, 3518
0.190, 0.150, 0.040,	2702, 868, 3570
0.200, 0.150, 0.040,	2702, 908, 3610
0.160, 0.160, 0.040,	2702, 744, 3446
0.170, 0.160, 0.040,	2702, 796, 3498
0.180, 0.160, 0.040,	2702, 828, 3530
0.190, 0.160, 0.040,	2702, 880, 3582
0.200, 0.160, 0.040,	2702, 920, 3622
0.170, 0.170, 0.040,	2702, 828, 3530
0.180, 0.170, 0.040,	2702, 860, 3562
0.190, 0.170, 0.040,	2702, 912, 3614
0.200, 0.170, 0.040,	2702, 952, 3654
0.180, 0.180, 0.040,	2702, 872, 3574
0.190, 0.180, 0.040,	2702, 924, 3626
0.200, 0.180, 0.040,	2702, 964, 3666
0.190, 0.190, 0.040,	2702, 952, 3654
0.200, 0.190, 0.040,	2702, 992, 3694
0.200, 0.200, 0.040,	2702, 1020, 3722
0.050, 0.050, 0.050,	2702, 360, 3062
0.060, 0.050, 0.050,	2702, 380, 3082
0.070, 0.050, 0.050,	2702, 396, 3098
0.080, 0.050, 0.050,	2702, 424, 3126
0.090, 0.050, 0.050,	2702, 448, 3150
0.100, 0.050, 0.050,	2702, 476, 3178
0.110, 0.050, 0.050,	2702, 504, 3206
0.120, 0.050, 0.050,	2702, 528, 3230
0.130, 0.050, 0.050,	2702, 560, 3262
0.140, 0.050, 0.050,	2702, 596, 3298
0.150, 0.050, 0.050,	2702, 640, 3342
0.160, 0.050, 0.050,	2702, 672, 3374
0.170, 0.050, 0.050,	2702, 724, 3426
0.180, 0.050, 0.050,	2702, 756, 3458
0.190, 0.050, 0.050,	2702, 808, 3510
0.200, 0.050, 0.050,	2702, 848, 3550
0.060, 0.060, 0.050,	2702, 396, 3098
0.070, 0.060, 0.050,	2702, 412, 3114
0.080, 0.060, 0.050,	2702, 440, 3142
0.090, 0.060, 0.050,	2702, 464, 3166
0.100, 0.060, 0.050,	2702, 492, 3194
0.110, 0.060, 0.050,	2702, 520, 3222
0.120, 0.060, 0.050,	2702, 544, 3246
0.130, 0.060, 0.050,	2702, 576, 3278
0.140, 0.060, 0.050,	2702, 612, 3314
0.150, 0.060, 0.050,	2702, 656, 3358
0.160, 0.060, 0.050,	2702, 688, 3390
0.170, 0.060, 0.050,	2702, 740, 3442
0.180, 0.060, 0.050,	2702, 772, 3474
0.190, 0.060, 0.050,	2702, 824, 3526
0.200, 0.060, 0.050,	2702, 864, 3566
0.070, 0.070, 0.050,	2702, 416, 3118
0.080, 0.070, 0.050,	2702, 444, 3146
0.090, 0.070, 0.050,	2702, 468, 3170
0.100, 0.070, 0.050,	2702, 496, 3198
0.110, 0.070, 0.050,	2702, 524, 3226
0.120, 0.070, 0.050,	2702, 548, 3250
0.130, 0.070, 0.050,	2702, 580, 3282
0.140, 0.070, 0.050,	2702, 616, 3318
0.150, 0.070, 0.050,	2702, 660, 3362
0.160, 0.070, 0.050,	2702, 692, 3394
0.170, 0.070, 0.050,	2702, 744, 3446
0.180, 0.070, 0.050,	2702, 776, 3478
0.190, 0.070, 0.050,	2702, 828, 3530
0.200, 0.070, 0.050,	2702, 868, 3570
0.080, 0.080, 0.050,	2702, 464, 3166
0.090, 0.080, 0.050,	2702, 488, 3190
0.100, 0.080, 0.050,	2702, 516, 3218
0.110, 0.080, 0.050,	2702, 544, 3246
0.120, 0.080, 0.050,	2702, 568, 3270
0.130, 0.080, 0.050,	2702, 600, 3302
0.140, 0.080, 0.050,	2702, 636, 3338
0.150, 0.080, 0.050,	2702, 680, 3382
0.160, 0.080, 0.050,	2702, 712, 3414
0.170, 0.080, 0.050,	2702, 764, 3466
0.180, 0.080, 0.050,	2702, 796, 3498
0.190, 0.080, 0.050,	2702, 848, 3550
0.200, 0.080, 0.050,	2702, 888, 3590
0.090, 0.090, 0.050,	2702, 500, 3202
0.100, 0.090, 0.050,	2702, 528, 3230
0.110, 0.090, 0.050,	2702, 556, 3258
0.120, 0.090, 0.050,	2702, 580, 3282
0.130, 0.090, 0.050,	2702, 612, 3314
0.140, 0.090, 0.050,	2702, 648, 3350
0.150, 0.090, 0.050,	2702, 692, 3394
0.160, 0.090, 0.050,	2702, 724, 3426
0.170, 0.090, 0.050,	2702, 776, 3478
0.180, 0.090, 0.050,	2702, 808, 3510
0.190, 0.090, 0.050,	2702, 860, 3562
0.200, 0.090, 0.050,	2702, 900, 3602
0.100, 0.100, 0.050,	2702, 544, 3246
0.110, 0.100, 0.050,	2702, 572, 3274
0.120, 0.100, 0.050,	2702, 596, 3298
0.130, 0.100, 0.050,	2702, 628, 3330
0.140, 0.100, 0.050,	2702, 664, 3366
0.150, 0.100, 0.050,	2702, 708, 3410
0.160, 0.100, 0.050,	2702, 740, 3442
0.170, 0.100, 0.050,	2702, 792, 3494
0.180, 0.100, 0.050,	2702, 824, 3526
0.190, 0.100, 0.050,	2702, 876, 3578
0.200, 0.100, 0.050,	2702, 916, 3618
0.110, 0.110, 0.050,	2702, 588, 3290
0.120, 0.110, 0.050,	2702, 612, 3314
0.130, 0.110, 0.050,	2702, 644, 3346
0.140, 0.110, 0.050,	2702, 680, 3382
0.150, 0.110, 0.050,	2702, 724, 3426
0.160, 0.110, 0.050,	2702, 756, 3458
0.170, 0.110, 0.050,	2702, 808, 3510
0.180, 0.110, 0.050,	2702, 840, 3542
0.190, 0.110, 0.050,	2702, 892, 3594
0.200, 0.110, 0.050,	2702, 932, 3634
0.120, 0.120, 0.050,	2702, 620, 3322
0.130, 0.120, 0.050,	2702, 652, 3354
0.140, 0.120, 0.050,	2702, 688, 3390
0.150, 0.120, 0.050,	2702, 732, 3434
0.160, 0.120, 0.050,	2702, 764, 3466
0.170, 0.120, 0.050,	2702, 816, 3518
0.180, 0.120, 0.050,	2702, 848, 3550
0.190, 0.120, 0.050,	2702, 900, 3602
0.200, 0.120, 0.050,	2702, 940, 3642
0.130, 0.130, 0.050,	2702, 676, 3378
0.140, 0.130, 0.050,	2702, 712, 3414
0.150, 0.130, 0.050,	2702, 756, 3458
0.160, 0.130, 0.050,	2702, 788, 3490
0.170, 0.130, 0.050,	2702, 840, 3542
0.180, 0.130, 0.050,	2702, 872, 3574
0.190, 0.130, 0.050,	2702, 924, 3626
0.200, 0.130, 0.050,	2702, 964, 3666
0.140, 0.140, 0.050,	2702, 724, 3426
0.150, 0.140, 0.050,	2702, 768, 3470
0.160, 0.140, 0.050,	2702, 800, 3502
0.170, 0.140, 0.050,	2702, 852, 3554
0.180, 0.140, 0.050,	2702, 884, 3586
0.190, 0.140, 0.050,	2702, 936, 3638
0.200, 0.140, 0.050,	2702, 976, 3678
0.150, 0.150, 0.050,	2702, 796, 3498
0.160, 0.150, 0.050,	2702, 828, 3530
0.170, 0.150, 0.050,	2702, 880, 3582
0.180, 0.150, 0.050,	2702, 912, 3614
0.190, 0.150, 0.050,	2702, 964, 3666
0.200, 0.150, 0.050,	2702, 1004, 3706
0.160, 0.160, 0.050,	2702, 840, 3542
0.170, 0.160, 0.050,	2702, 892, 3594
0.180, 0.160, 0.050,	2702, 924, 3626
0.190, 0.160, 0.050,	2702, 976, 3678
0.200, 0.160, 0.050,	2702, 1016, 3718
0.170, 0.170, 0.050,	2702, 924, 3626
0.180, 0.170, 0.050,	2702, 956, 3658
0.190, 0.170, 0.050,	2702, 1008, 3710
0.200, 0.170, 0.050,	2702, 1048, 3750
0.180, 0.180, 0.050,	2702, 968, 3670
0.190, 0.180, 0.050,	2702, 1020, 3722
0.200, 0.180, 0.050,	2702, 1060, 3762
0.190, 0.190, 0.050,	2702, 1048, 3750
0.200, 0.190, 0.050,	2702, 1088, 3790
0.200, 0.200, 0.050,	2702, 1116, 3818
0.060, 0.060, 0.060,	2702, 476, 3178
0.070, 0.060, 0.060,	2702, 492, 3194
0.080, 0.060, 0.060,	2702, 520, 3222
0.090, 0.060, 0.060,	2702, 544, 3246
0.100, 0.060, 0.060,	2702, 572, 3274
0.110, 0.060, 0.060,	2702, 600, 3302
0.120, 0.060, 0.060,	2702, 624, 3326
0.130, 0.060, 0.060,	2702, 656, 3358
0.140, 0.060, 0.060,	2702, 692, 3394
0.150, 0.060, 0.060,	2702, 736, 3438
0.160, 0.060, 0.060,	2702, 768, 3470
0.170, 0.060, 0.060,	2702, 820, 3522
0.180, 0.060, 0.060,	2702, 852, 3554
0.190, 0.060, 0.060,	2702, 904, 3606
0.200, 0.060, 0.060,	2702, 944, 3646
0.070, 0.070, 0.060,	2702, 496, 3198
0.080, 0.070, 0.060,	2702, 524, 3226
0.090, 0.070, 0.060,	2702, 548, 3250
0.100, 0.070, 0.060,	2702, 576, 3278
0.110, 0.070, 0.060,	2702, 604, 3306
0.120, 0.070, 0.060,	2702, 628, 3330
0.130, 0.070, 0.060,	2702, 660, 3362
0.140, 0.070, 0.060,	2702, 696, 3398
0.150, 0.070, 0.060,	2702, 740, 3442
0.160, 0.070, 0.060,	2702, 772, 3474
0.170, 0.070, 0.060,	2702, 824, 3526
0.180, 0.070, 0.060,	2702, 856, 3558
0.190, 0.070, 0.060,	2702, 908, 3610
0.200, 0.070, 0.060,	2702, 948, 3650
0.080, 0.080, 0.060,	2702, 544, 3246
0.090, 0.080, 0.060,	2702, 568, 3270
0.100, 0.080, 0.060,	2702, 596, 3298
0.110, 0.080, 0.060,	2702, 624, 3326
0.120, 0.080, 0.060,	2702, 648, 3350
0.130, 0.080, 0.060,	2702, 680, 3382
0.140, 0.080, 0.060,	2702, 716, 3418
0.150, 0.080, 0.060,	2702, 760, 3462
0.160, 0.080, 0.060,	2702, 792, 3494
0.170, 0.080, 0.060,	2702, 844, 3546
0.180, 0.080, 0.060,	2702, 876, 3578
0.190, 0.080, 0.060,	2702, 928, 3630
0.200, 0.080, 0.060,	2702, 968, 3670
0.090, 0.090, 0.060,	2702, 580, 3282
0.100, 0.090, 0.060,	2702, 608, 3310
0.110, 0.090, 0.060,	2702, 636, 3338
0.120, 0.090, 0.060,	2702, 660, 3362
0.130, 0.090, 0.060,	2702, 692, 3394
0.140, 0.090, 0.060,	2702, 728, 3430
0.150, 0.090, 0.060,	2702, 772, 3474
0.160, 0.090, 0.060,	2702, 804, 3506
0.170, 0.090, 0.060,	2702, 856, 3558
0.180, 0.090, 0.060,	2702, 888, 3590
0.190, 0.090, 0.060,	2702, 940, 3642
0.200, 0.090, 0.060,	2702, 980, 3682
0.100, 0.100, 0.060,	2702, 624, 3326
0.110, 0.100, 0.060,	2702, 652, 3354
0.120, 0.100, 0.060,	2702, 676, 3378
0.130, 0.100, 0.060,	2702, 708, 3410
0.140, 0.100, 0.060,	2702, 744, 3446
0.150, 0.100, 0.060,	2702, 788, 3490
0.160, 0.100, 0.060,	2702, 820, 3522
0.170, 0.100, 0.060,	2702, 872, 3574
0.180, 0.100, 0.060,	2702, 904, 3606
0.190, 0.100, 0.060,	2702, 956, 3658
0.200, 0.100, 0.060,	2702, 996, 3698
0.110, 0.110, 0.060,	2702, 668, 3370
0.120, 0.110, 0.060,	2702, 692, 3394
0.130, 0.110, 0.060,	2702, 724, 3426
0.140, 0.110, 0.060,	2702, 760, 3462
0.150, 0.110, 0.060,	2702, 804, 3506
0.160, 0.110, 0.060,	2702, 836, 3538
0.170, 0.110, 0.060,	2702, 888, 3590
0.180, 0.110, 0.060,	2702, 920, 3622
0.190, 0.110, 0.060,	2702, 972, 3674
0.200, 0.110, 0.060,	2702, 1012, 3714
0.120, 0.120, 0.060,	2702, 700, 3402
0.130, 0.120, 0.060,	2702, 732, 3434
0.140, 0.120, 0.060,	2702, 768, 3470
0.150, 0.120, 0.060,	2702, 812, 3514
0.160, 0.120, 0.060,	2702, 844, 3546
0.170, 0.120, 0.060,	2702, 896, 3598
0.180, 0.120, 0.060,	2702, 928, 3630
0.190, 0.120, 0.060,	2702, 980, 3682
0.200, 0.120, 0.060,	2702, 1020, 3722
0.130, 0.130, 0.060,	2702, 756, 3458
0.140, 0.130, 0.060,	2702, 792, 3494
0.150, 0.130, 0.060,	2702, 836, 3538
0.160, 0.130, 0.060,	2702, 868, 3570
0.170, 0.130, 0.060,	2702, 920, 3622
0.180, 0.130, 0.060,	2702, 952, 3654
0.190, 0.130, 0.060,	2702, 1004, 3706
0.200, 0.130, 0.060,	2702, 1044, 3746
0.140, 0.140, 0.060,	2702, 804, 3506
0.150, 0.140, 0.060,	2702, 848, 3550
0.160, 0.140, 0.060,	2702, 880, 3582
0.170, 0.140, 0.060,	2702, 932, 3634
0.180, 0.140, 0.060,	2702, 964, 3666
0.190, 0.140, 0.060,	2702, 1016, 3718
0.200, 0.140, 0.060,	2702, 1056, 3758
0.150, 0.150, 0.060,	2702, 876, 3578
0.160, 0.150, 0.060,	2702, 908, 3610
0.170, 0.150, 0.060,	2702, 960, 3662
0.180, 0.150, 0.060,	2702, 992, 3694
0.190, 0.150, 0.060,	2702, 1044, 3746
0.200, 0.150, 0.060,	2702, 1084, 3786
0.160, 0.160, 0.060,	2702, 920, 3622
0.170, 0.160, 0.060,	2702, 972, 3674
0.180, 0.160, 0.060,	2702, 1004, 3706
0.190, 0.160, 0.060,	2702, 1056, 3758
0.200, 0.160, 0.060,	2702, 1096, 3798
0.170, 0.170, 0.060,	2702, 1004, 3706
0.180, 0.170, 0.060,	2702, 1036, 3738
0.190, 0.170, 0.060,	2702, 1088, 3790
0.200, 0.170, 0.060,	2702, 1128, 3830
0.180, 0.180, 0.060,	2702, 1048, 3750
0.190, 0.180, 0.060,	2702, 1100, 3802
0.200, 0.180, 0.060,	2702, 1140, 3842
0.190, 0.190, 0.060,	2702, 1128, 3830
0.200, 0.190, 0.060,	2702, 1168, 3870
0.200, 0.200, 0.060,	2702, 1196, 3898
0.070, 0.070, 0.070,	2702, 560, 3262
0.080, 0.070, 0.070,	2702, 588, 3290
0.090, 0.070, 0.070,	2702, 612, 3314
0.100, 0.070, 0.070,	2702, 640, 3342
0.110, 0.070, 0.070,	2702, 668, 3370
0.120, 0.070, 0.070,	2702, 692, 3394
0.130, 0.070, 0.070,	2702, 724, 3426
0.140, 0.070, 0.070,	2702, 760, 3462
0.150, 0.070, 0.070,	2702, 804, 3506
0.160, 0.070, 0.070,	2702, 836, 3538
0.170, 0.070, 0.070,	2702, 888, 3590
0.180, 0.070, 0.070,	2702, 920, 3622
0.190, 0.070, 0.070,	2702, 972, 3674
0.200, 0.070, 0.070,	2702, 1012, 3714
0.080, 0.080, 0.070,	2702, 608, 3310
0.090, 0.080, 0.070,	2702, 632, 3334
0.100, 0.080, 0.070,	2702, 660, 3362
0.110, 0.080, 0.070,	2702, 688, 3390
0.120, 0.080, 0.070,	2702, 712, 3414
0.130, 0.080, 0.070,	2702, 744, 3446
0.140, 0.080, 0.070,	2702, 780, 3482
0.150, 0.080, 0.070,	2702, 824, 3526
0.160, 0.080, 0.070,	2702, 856, 3558
0.170, 0.080, 0.070,	2702, 908, 3610
0.180, 0.080, 0.070,	2702, 940, 3642
0.190, 0.080, 0.070,	2702, 992, 3694
0.200, 0.080, 0.070,	2702, 1032, 3734
0.090, 0.090, 0.070,	2702, 644, 3346
0.100, 0.090, 0.070,	2702, 672, 3374
0.110, 0.090, 0.070,	2702, 700, 3402
0.120, 0.090, 0.070,	2702, 724, 3426
0.130, 0.090, 0.070,	2702, 756, 3458
0.140, 0.090, 0.070,	2702, 792, 3494
0.150, 0.090, 0.070,	2702, 836, 3538
0.160, 0.090, 0.070,	2702, 868, 3570
0.170, 0.090, 0.070,	2702, 920, 3622
0.180, 0.090, 0.070,	2702, 952, 3654
0.190, 0.090, 0.070,	2702, 1004, 3706
0.200, 0.090, 0.070,	2702, 1044, 3746
0.100, 0.100, 0.070,	2702, 688, 3390
0.110, 0.100, 0.070,	2702, 716, 3418
0.120, 0.100, 0.070,	2702, 740, 3442
0.130, 0.100, 0.070,	2702, 772, 3474
0.140, 0.100, 0.070,	2702, 808, 3510
0.150, 0.100, 0.070,	2702, 852, 3554
0.160, 0.100, 0.070,	2702, 884, 3586
0.170, 0.100, 0.070,	2702, 936, 3638
0.180, 0.100, 0.070,	2702, 968, 3670
0.190, 0.100, 0.070,	2702, 1020, 3722
0.200, 0.100, 0.070,	2702, 1060, 3762
0.110, 0.110, 0.070,	2702, 732, 3434
0.120, 0.110, 0.070,	2702, 756, 3458
0.130, 0.110, 0.070,	2702, 788, 3490
0.140, 0.110, 0.070,	2702, 824, 3526
0.150, 0.110, 0.070,	2702, 868, 3570
0.160, 0.110, 0.070,	2702, 900, 3602
0.170, 0.110, 0.070,	2702, 952, 3654
0.180, 0.110, 0.070,	2702, 984, 3686
0.190, 0.110, 0.070,	2702, 1036, 3738
0.200, 0.110, 0.070,	2702, 1076, 3778
0.120, 0.120, 0.070,	2702, 764, 3466
0.130, 0.120, 0.070,	2702, 796, 3498
0.140, 0.120, 0.070,	2702, 832, 3534
0.150, 0.120, 0.070,	2702, 876, 3578
0.160, 0.120, 0.070,	2702, 908, 3610
0.170, 0.120, 0.070,	2702, 960, 3662
0.180, 0.120, 0.070,	2702, 992, 3694
0.190, 0.120, 0.070,	2702, 1044, 3746
0.200, 0.120, 0.070,	2702, 1084, 3786
0.130, 0.130, 0.070,	2702, 820, 3522
0.140, 0.130, 0.070,	2702, 856, 3558
0.150, 0.130, 0.070,	2702, 900, 3602
0.160, 0.130, 0.070,	2702, 932, 3634
0.170, 0.130, 0.070,	2702, 984, 3686
0.180, 0.130, 0.070,	2702, 1016, 3718
0.190, 0.130, 0.070,	2702, 1068, 3770
0.200, 0.130, 0.070,	2702, 1108, 3810
0.140, 0.140, 0.070,	2702, 868, 3570
0.150, 0.140, 0.070,	2702, 912, 3614
0.160, 0.140, 0.070,	2702, 944, 3646
0.170, 0.140, 0.070,	2702, 996, 3698
0.180, 0.140, 0.070,	2702, 1028, 3730
0.190, 0.140, 0.070,	2702, 1080, 3782
0.200, 0.140, 0.070,	2702, 1120, 3822
0.150, 0.150, 0.070,	2702, 940, 3642
0.160, 0.150, 0.070,	2702, 972, 3674
0.170, 0.150, 0.070,	2702, 1024, 3726
0.180, 0.150, 0.070,	2702, 1056, 3758
0.190, 0.150, 0.070,	2702, 1108, 3810
0.200, 0.150, 0.070,	2702, 1148, 3850
0.160, 0.160, 0.070,	2702, 984, 3686
0.170, 0.160, 0.070,	2702, 1036, 3738
0.180, 0.160, 0.070,	2702, 1068, 3770
0.190, 0.160, 0.070,	2702, 1120, 3822
0.200, 0.160, 0.070,	2702, 1160, 3862
0.170, 0.170, 0.070,	2702, 1068, 3770
0.180, 0.170, 0.070,	2702, 1100, 3802
0.190, 0.170, 0.070,	2702, 1152, 3854
0.200, 0.170, 0.070,	2702, 1192, 3894
0.180, 0.180, 0.070,	2702, 1112, 3814
0.190, 0.180, 0.070,	2702, 1164, 3866
0.200, 0.180, 0.070,	2702, 1204, 3906
0.190, 0.190, 0.070,	2702, 1192, 3894
0.200, 0.190, 0.070,	2702, 1232, 3934
0.200, 0.200, 0.070,	2702, 1260, 3962
0.080, 0.080, 0.080,	2702, 720, 3422
0.090, 0.080, 0.080,	2702, 744, 3446
0.100, 0.080, 0.080,	2702, 772, 3474
0.110, 0.080, 0.080,	2702, 800, 3502
0.120, 0.080, 0.080,	2702, 824, 3526
0.130, 0.080, 0.080,	2702, 856, 3558
0.140, 0.080, 0.080,	2702, 892, 3594
0.150, 0.080, 0.080,	2702, 936, 3638
0.160, 0.080, 0.080,	2702, 968, 3670
0.170, 0.080, 0.080,	2702, 1020, 3722
0.180, 0.080, 0.080,	2702, 1052, 3754
0.190, 0.080, 0.080,	2702, 1104, 3806
0.200, 0.080, 0.080,	2702, 1144, 3846
0.090, 0.090, 0.080,	2702, 756, 3458
0.100, 0.090, 0.080,	2702, 784, 3486
0.110, 0.090, 0.080,	2702, 812, 3514
0.120, 0.090, 0.080,	2702, 836, 3538
0.130, 0.090, 0.080,	2702, 868, 3570
0.140, 0.090, 0.080,	2702, 904, 3606
0.150, 0.090, 0.080,	2702, 948, 3650
0.160, 0.090, 0.080,	2702, 980, 3682
0.170, 0.090, 0.080,	2702, 1032, 3734
0.180, 0.090, 0.080,	2702, 1064, 3766
0.190, 0.090, 0.080,	2702, 1116, 3818
0.200, 0.090, 0.080,	2702, 1156, 3858
0.100, 0.100, 0.080,	2702, 800, 3502
0.110, 0.100, 0.080,	2702, 828, 3530
0.120, 0.100, 0.080,	2702, 852, 3554
0.130, 0.100, 0.080,	2702, 884, 3586
0.140, 0.100, 0.080,	2702, 920, 3622
0.150, 0.100, 0.080,	2702, 964, 3666
0.160, 0.100, 0.080,	2702, 996, 3698
0.170, 0.100, 0.080,	2702, 1048, 3750
0.180, 0.100, 0.080,	2702, 1080, 3782
0.190, 0.100, 0.080,	2702, 1132, 3834
0.200, 0.100, 0.080,	2702, 1172, 3874
0.110, 0.110, 0.080,	2702, 844, 3546
0.120, 0.110, 0.080,	2702, 868, 3570
0.130, 0.110, 0.080,	2702, 900, 3602
0.140, 0.110, 0.080,	2702, 936, 3638
0.150, 0.110, 0.080,	2702, 980, 3682
0.160, 0.110, 0.080,	2702, 1012, 3714
0.170, 0.110, 0.080,	2702, 1064, 3766
0.180, 0.110, 0.080,	2702, 1096, 3798
0.190, 0.110, 0.080,	2702, 1148, 3850
0.200, 0.110, 0.080,	2702, 1188, 3890
0.120, 0.120, 0.080,	2702, 876, 3578
0.130, 0.120, 0.080,	2702, 908, 3610
0.140, 0.120, 0.080,	2702, 944, 3646
0.150, 0.120, 0.080,	2702, 988, 3690
0.160, 0.120, 0.080,	2702, 1020, 3722
0.170, 0.120, 0.080,	2702, 1072, 3774
0.180, 0.120, 0.080,	2702, 1104, 3806
0.190, 0.120, 0.080,	2702, 1156, 3858
0.200, 0.120, 0.080,	2702, 1196, 3898
0.130, 0.130, 0.080,	2702, 932, 3634
0.140, 0.130, 0.080,	2702, 968, 3670
0.150, 0.130, 0.080,	2702, 1012, 3714
0.160, 0.130, 0.080,	2702, 1044, 3746
0.170, 0.130, 0.080,	2702, 1096, 3798
0.180, 0.130, 0.080,	2702, 1128, 3830
0.190, 0.130, 0.080,	2702, 1180, 3882
0.200, 0.130, 0.080,	2702, 1220, 3922
0.140, 0.140, 0.080,	2702, 980, 3682
0.150, 0.140, 0.080,	2702, 1024, 3726
0.160, 0.140, 0.080,	2702, 1056, 3758
0.170, 0.140, 0.080,	2702, 1108, 3810
0.180, 0.140, 0.080,	2702, 1140, 3842
0.190, 0.140, 0.080,	2702, 1192, 3894
0.200, 0.140, 0.080,	2702, 1232, 3934
0.150, 0.150, 0.080,	2702, 1052, 3754
0.160, 0.150, 0.080,	2702, 1084, 3786
0.170, 0.150, 0.080,	2702, 1136, 3838
0.180, 0.150, 0.080,	2702, 1168, 3870
0.190, 0.150, 0.080,	2702, 1220, 3922
0.200, 0.150, 0.080,	2702, 1260, 3962
0.160, 0.160, 0.080,	2702, 1096, 3798
0.170, 0.160, 0.080,	2702, 1148, 3850
0.180, 0.160, 0.080,	2702, 1180, 3882
0.190, 0.160, 0.080,	2702, 1232, 3934
0.200, 0.160, 0.080,	2702, 1272, 3974
0.170, 0.170, 0.080,	2702, 1180, 3882
0.180, 0.170, 0.080,	2702, 1212, 3914
0.190, 0.170, 0.080,	2702, 1264, 3966
0.200, 0.170, 0.080,	2702, 1304, 4006
0.180, 0.180, 0.080,	2702, 1224, 3926
0.190, 0.180, 0.080,	2702, 1276, 3978
0.200, 0.180, 0.080,	2702, 1316, 4018
0.190, 0.190, 0.080,	2702, 1304, 4006
0.200, 0.190, 0.080,	2702, 1344, 4046
0.200, 0.200, 0.080,	2702, 1372, 4074
0.090, 0.090, 0.090,	2702, 852, 3554
0.100, 0.090, 0.090,	2702, 880, 3582
0.110, 0.090, 0.090,	2702, 908, 3610
0.120, 0.090, 0.090,	2702, 932, 3634
0.130, 0.090, 0.090,	2702, 964, 3666
0.140, 0.090, 0.090,	2702, 1000, 3702
0.150, 0.090, 0.090,	2702, 1044, 3746
0.160, 0.090, 0.090,	2702, 1076, 3778
0.170, 0.090, 0.090,	2702, 1128, 3830
0.180, 0.090, 0.090,	2702, 1160, 3862
0.190, 0.090, 0.090,	2702, 1212, 3914
0.200, 0.090, 0.090,	2702, 1252, 3954
0.100, 0.100, 0.090,	2702, 896, 3598
0.110, 0.100, 0.090,	2702, 924, 3626
0.120, 0.100, 0.090,	2702, 948, 3650
0.130, 0.100, 0.090,	2702, 980, 3682
0.140, 0.100, 0.090,	2702, 1016, 3718
0.150, 0.100, 0.090,	2702, 1060, 3762
0.160, 0.100, 0.090,	2702, 1092, 3794
0.170, 0.100, 0.090,	2702, 1144, 3846
0.180, 0.100, 0.090,	2702, 1176, 3878
0.190, 0.100, 0.090,	2702, 1228, 3930
0.200, 0.100, 0.090,	2702, 1268, 3970
0.110, 0.110, 0.090,	2702, 940, 3642
0.120, 0.110, 0.090,	2702, 964, 3666
0.130, 0.110, 0.090,	2702, 996, 3698
0.140, 0.110, 0.090,	2702, 1032, 3734
0.150, 0.110, 0.090,	2702, 1076, 3778
0.160, 0.110, 0.090,	2702, 1108, 3810
0.170, 0.110, 0.090,	2702, 1160, 3862
0.180, 0.110, 0.090,	2702, 1192, 3894
0.190, 0.110, 0.090,	2702, 1244, 3946
0.200, 0.110, 0.090,	2702, 1284, 3986
0.120, 0.120, 0.090,	2702, 972, 3674
0.130, 0.120, 0.090,	2702, 1004, 3706
0.140, 0.120, 0.090,	2702, 1040, 3742
0.150, 0.120, 0.090,	2702, 1084, 3786
0.160, 0.120, 0.090,	2702, 1116, 3818
0.170, 0.120, 0.090,	2702, 1168, 3870
0.180, 0.120, 0.090,	2702, 1200, 3902
0.190, 0.120, 0.090,	2702, 1252, 3954
0.200, 0.120, 0.090,	2702, 1292, 3994
0.130, 0.130, 0.090,	2702, 1028, 3730
0.140, 0.130, 0.090,	2702, 1064, 3766
0.150, 0.130, 0.090,	2702, 1108, 3810
0.160, 0.130, 0.090,	2702, 1140, 3842
0.170, 0.130, 0.090,	2702, 1192, 3894
0.180, 0.130, 0.090,	2702, 1224, 3926
0.190, 0.130, 0.090,	2702, 1276, 3978
0.200, 0.130, 0.090,	2702, 1316, 4018
0.140, 0.140, 0.090,	2702, 1076, 3778
0.150, 0.140, 0.090,	2702, 1120, 3822
0.160, 0.140, 0.090,	2702, 1152, 3854
0.170, 0.140, 0.090,	2702, 1204, 3906
0.180, 0.140, 0.090,	2702, 1236, 3938
0.190, 0.140, 0.090,	2702, 1288, 3990
0.200, 0.140, 0.090,	2702, 1328, 4030
0.150, 0.150, 0.090,	2702, 1148, 3850
0.160, 0.150, 0.090,	2702, 1180, 3882
0.170, 0.150, 0.090,	2702, 1232, 3934
0.180, 0.150, 0.090,	2702, 1264, 3966
0.190, 0.150, 0.090,	2702, 1316, 4018
0.200, 0.150, 0.090,	2702, 1356, 4058
0.160, 0.160, 0.090,	2702, 1192, 3894
0.170, 0.160, 0.090,	2702, 1244, 3946
0.180, 0.160, 0.090,	2702, 1276, 3978
0.190, 0.160, 0.090,	2702, 1328, 4030
0.200, 0.160, 0.090,	2702, 1368, 4070
0.170, 0.170, 0.090,	2702, 1276, 3978
0.180, 0.170, 0.090,	2702, 1308, 4010
0.190, 0.170, 0.090,	2702, 1360, 4062
0.200, 0.170, 0.090,	2702, 1400, 4102
0.180, 0.180, 0.090,	2702, 1320, 4022
0.190, 0.180, 0.090,	2702, 1372, 4074
0.200, 0.180, 0.090,	2702, 1412, 4114
0.190, 0.190, 0.090,	2702, 1400, 4102
0.200, 0.190, 0.090,	2702, 1440, 4142
0.200, 0.200, 0.090,	2702, 1468, 4170
0.100, 0.100, 0.100,	2702, 1008, 3710
0.110, 0.100, 0.100,	2702, 1036, 3738
0.120, 0.100, 0.100,	2702, 1060, 3762
0.130, 0.100, 0.100,	2702, 1092, 3794
0.140, 0.100, 0.100,	2702, 1128, 3830
0.150, 0.100, 0.100,	2702, 1172, 3874
0.160, 0.100, 0.100,	2702, 1204, 3906
0.170, 0.100, 0.100,	2702, 1256, 3958
0.180, 0.100, 0.100,	2702, 1288, 3990
0.190, 0.100, 0.100,	2702, 1340, 4042
0.200, 0.100, 0.100,	2702, 1380, 4082
0.110, 0.110, 0.100,	2702, 1052, 3754
0.120, 0.110, 0.100,	2702, 1076, 3778
0.130, 0.110, 0.100,	2702, 1108, 3810
0.140, 0.110, 0.100,	2702, 1144, 3846
0.150, 0.110, 0.100,	2702, 1188, 3890
0.160, 0.110, 0.100,	2702, 1220, 3922
0.170, 0.110, 0.100,	2702, 1272, 3974
0.180, 0.110, 0.100,	2702, 1304, 4006
0.190, 0.110, 0.100,	2702, 1356, 4058
0.200, 0.110, 0.100,	2702, 1396, 4098
0.120, 0.120, 0.100,	2702, 1084, 3786
0.130, 0.120, 0.100,	2702, 1116, 3818
0.140, 0.120, 0.100,	2702, 1152, 3854
0.150, 0.120, 0.100,	2702, 1196, 3898
0.160, 0.120, 0.100,	2702, 1228, 3930
0.170, 0.120, 0.100,	2702, 1280, 3982
0.180, 0.120, 0.100,	2702, 1312, 4014
0.190, 0.120, 0.100,	2702, 1364, 4066
0.200, 0.120, 0.100,	2702, 1404, 4106
0.130, 0.130, 0.100,	2702, 1140, 3842
0.140, 0.130, 0.100,	2702, 1176, 3878
0.150, 0.130, 0.100,	2702, 1220, 3922
0.160, 0.130, 0.100,	2702, 1252, 3954
0.170, 0.130, 0.100,	2702, 1304, 4006
0.180, 0.130, 0.100,	2702, 1336, 4038
0.190, 0.130, 0.100,	2702, 1388, 4090
0.200, 0.130, 0.100,	2702, 1428, 4130
0.140, 0.140, 0.100,	2702, 1188, 3890
0.150, 0.140, 0.100,	2702, 1232, 3934
0.160, 0.140, 0.100,	2702, 1264, 3966
0.170, 0.140, 0.100,	2702, 1316, 4018
0.180, 0.140, 0.100,	2702, 1348, 4050
0.190, 0.140, 0.100,	2702, 1400, 4102
0.200, 0.140, 0.100,	2702, 1440, 4142
0.150, 0.150, 0.100,	2702, 1260, 3962
0.160, 0.150, 0.100,	2702, 1292, 3994
0.170, 0.150, 0.100,	2702, 1344, 4046
0.180, 0.150, 0.100,	2702, 1376, 4078
0.190, 0.150, 0.100,	2702, 1428, 4130
0.200, 0.150, 0.100,	2702, 1468, 4170
0.160, 0.160, 0.100,	2702, 1304, 4006
0.170, 0.160, 0.100,	2702, 1356, 4058
0.180, 0.160, 0.100,	2702, 1388, 4090
0.190, 0.160, 0.100,	2702, 1440, 4142
0.200, 0.160, 0.100,	2702, 1480, 4182
0.170, 0.170, 0.100,	2702, 1388, 4090
0.180, 0.170, 0.100,	2702, 1420, 4122
0.190, 0.170, 0.100,	2702, 1472, 4174
0.200, 0.170, 0.100,	2702, 1512, 4214
0.180, 0.180, 0.100,	2702, 1432, 4134
0.190, 0.180, 0.100,	2702, 1484, 4186
0.200, 0.180, 0.100,	2702, 1524, 4226
0.190, 0.190, 0.100,	2702, 1512, 4214
0.200, 0.190, 0.100,	2702, 1552, 4254
0.200, 0.200, 0.100,	2702, 1580, 4282
0.110, 0.110, 0.110,	2702, 1164, 3866
0.120, 0.110, 0.110,	2702, 1188, 3890
0.130, 0.110, 0.110,	2702, 1220, 3922
0.140, 0.110, 0.110,	2702, 1256, 3958
0.150, 0.110, 0.110,	2702, 1300, 4002
0.160, 0.110, 0.110,	2702, 1332, 4034
0.170, 0.110, 0.110,	2702, 1384, 4086
0.180, 0.110, 0.110,	2702, 1416, 4118
0.190, 0.110, 0.110,	2702, 1468, 4170
0.200, 0.110, 0.110,	2702, 1508, 4210
0.120, 0.120, 0.110,	2702, 1196, 3898
0.130, 0.120, 0.110,	2702, 1228, 3930
0.140, 0.120, 0.110,	2702, 1264, 3966
0.150, 0.120, 0.110,	2702, 1308, 4010
0.160, 0.120, 0.110,	2702, 1340, 4042
0.170, 0.120, 0.110,	2702, 1392, 4094
0.180, 0.120, 0.110,	2702, 1424, 4126
0.190, 0.120, 0.110,	2702, 1476, 4178
0.200, 0.120, 0.110,	2702, 1516, 4218
0.130, 0.130, 0.110,	2702, 1252, 3954
0.140, 0.130, 0.110,	2702, 1288, 3990
0.150, 0.130, 0.110,	2702, 1332, 4034
0.160, 0.130, 0.110,	2702, 1364, 4066
0.170, 0.130, 0.110,	2702, 1416, 4118
0.180, 0.130, 0.110,	2702, 1448, 4150
0.190, 0.130, 0.110,	2702, 1500, 4202
0.200, 0.130, 0.110,	2702, 1540, 4242
0.140, 0.140, 0.110,	2702, 1300, 4002
0.150, 0.140, 0.110,	2702, 1344, 4046
0.160, 0.140, 0.110,	2702, 1376, 4078
0.170, 0.140, 0.110,	2702, 1428, 4130
0.180, 0.140, 0.110,	2702, 1460, 4162
0.190, 0.140, 0.110,	2702, 1512, 4214
0.200, 0.140, 0.110,	2702, 1552, 4254
0.150, 0.150, 0.110,	2702, 1372, 4074
0.160, 0.150, 0.110,	2702, 1404, 4106
0.170, 0.150, 0.110,	2702, 1456, 4158
0.180, 0.150, 0.110,	2702, 1488, 4190
0.190, 0.150, 0.110,	2702, 1540, 4242
0.200, 0.150, 0.110,	2702, 1580, 4282
0.160, 0.160, 0.110,	2702, 1416, 4118
0.170, 0.160, 0.110,	2702, 1468, 4170
0.180, 0.160, 0.110,	2702, 1500, 4202
0.190, 0.160, 0.110,	2702, 1552, 4254
0.200, 0.160, 0.110,	2702, 1592, 4294
0.170, 0.170, 0.110,	2702, 1500, 4202
0.180, 0.170, 0.110,	2702, 1532, 4234
0.190, 0.170, 0.110,	2702, 1584, 4286
0.200, 0.170, 0.110,	2702, 1624, 4326
0.180, 0.180, 0.110,	2702, 1544, 4246
0.190, 0.180, 0.110,	2702, 1596, 4298
0.200, 0.180, 0.110,	2702, 1636, 4338
0.190, 0.190, 0.110,	2702, 1624, 4326
0.200, 0.190, 0.110,	2702, 1664, 4366
0.200, 0.200, 0.110,	2702, 1692, 4394
0.120, 0.120, 0.120,	2702, 1292, 3994
0.130, 0.120, 0.120,	2702, 1324, 4026
0.140, 0.120, 0.120,	2702, 1360, 4062
0.150, 0.120, 0.120,	2702, 1404, 4106
0.160, 0.120, 0.120,	2702, 1436, 4138
0.170, 0.120, 0.120,	2702, 1488, 4190
0.180, 0.120, 0.120,	2702, 1520, 4222
0.190, 0.120, 0.120,	2702, 1572, 4274
0.200, 0.120, 0.120,	2702, 1612, 4314
0.130, 0.130, 0.120,	2702, 1348, 4050
0.140, 0.130, 0.120,	2702, 1384, 4086
0.150, 0.130, 0.120,	2702, 1428, 4130
0.160, 0.130, 0.120,	2702, 1460, 4162
0.170, 0.130, 0.120,	2702, 1512, 4214
0.180, 0.130, 0.120,	2702, 1544, 4246
0.190, 0.130, 0.120,	2702, 1596, 4298
0.200, 0.130, 0.120,	2702, 1636, 4338
0.140, 0.140, 0.120,	2702, 1396, 4098
0.150, 0.140, 0.120,	2702, 1440, 4142
0.160, 0.140, 0.120,	2702, 1472, 4174
0.170, 0.140, 0.120,	2702, 1524, 4226
0.180, 0.140, 0.120,	2702, 1556, 4258
0.190, 0.140, 0.120,	2702, 1608, 4310
0.200, 0.140, 0.120,	2702, 1648, 4350
0.150, 0.150, 0.120,	2702, 1468, 4170
0.160, 0.150, 0.120,	2702, 1500, 4202
0.170, 0.150, 0.120,	2702, 1552, 4254
0.180, 0.150, 0.120,	2702, 1584, 4286
0.190, 0.150, 0.120,	2702, 1636, 4338
0.200, 0.150, 0.120,	2702, 1676, 4378
0.160, 0.160, 0.120,	2702, 1512, 4214
0.170, 0.160, 0.120,	2702, 1564, 4266
0.180, 0.160, 0.120,	2702, 1596, 4298
0.190, 0.160, 0.120,	2702, 1648, 4350
0.200, 0.160, 0.120,	2702, 1688, 4390
0.170, 0.170, 0.120,	2702, 1596, 4298
0.180, 0.170, 0.120,	2702, 1628, 4330
0.190, 0.170, 0.120,	2702, 1680, 4382
0.200, 0.170, 0.120,	2702, 1720, 4422
0.180, 0.180, 0.120,	2702, 1640, 4342
0.190, 0.180, 0.120,	2702, 1692, 4394
0.200, 0.180, 0.120,	2702, 1732, 4434
0.190, 0.190, 0.120,	2702, 1720, 4422
0.200, 0.190, 0.120,	2702, 1760, 4462
0.200, 0.200, 0.120,	2702, 1788, 4490
0.130, 0.130, 0.130,	2702, 1476, 4178
0.140, 0.130, 0.130,	2702, 1512, 4214
0.150, 0.130, 0.130,	2702, 1556, 4258
0.160, 0.130, 0.130,	2702, 1588, 4290
0.170, 0.130, 0.130,	2702, 1640, 4342
0.180, 0.130, 0.130,	2702, 1672, 4374
0.190, 0.130, 0.130,	2702, 1724, 4426
0.200, 0.130, 0.130,	2702, 1764, 4466
0.140, 0.140, 0.130,	2702, 1524, 4226
0.150, 0.140, 0.130,	2702, 1568, 4270
0.160, 0.140, 0.130,	2702, 1600, 4302
0.170, 0.140, 0.130,	2702, 1652, 4354
0.180, 0.140, 0.130,	2702, 1684, 4386
0.190, 0.140, 0.130,	2702, 1736, 4438
0.200, 0.140, 0.130,	2702, 1776, 4478
0.150, 0.150, 0.130,	2702, 1596, 4298
0.160, 0.150, 0.130,	2702, 1628, 4330
0.170, 0.150, 0.130,	2702, 1680, 4382
0.180, 0.150, 0.130,	2702, 1712, 4414
0.190, 0.150, 0.130,	2702, 1764, 4466
0.200, 0.150, 0.130,	2702, 1804, 4506
0.160, 0.160, 0.130,	2702, 1640, 4342
0.170, 0.160, 0.130,	2702, 1692, 4394
0.180, 0.160, 0.130,	2702, 1724, 4426
0.190, 0.160, 0.130,	2702, 1776, 4478
0.200, 0.160, 0.130,	2702, 1816, 4518
0.170, 0.170, 0.130,	2702, 1724, 4426
0.180, 0.170, 0.130,	2702, 1756, 4458
0.190, 0.170, 0.130,	2702, 1808, 4510
0.200, 0.170, 0.130,	2702, 1848, 4550
0.180, 0.180, 0.130,	2702, 1768, 4470
0.190, 0.180, 0.130,	2702, 1820, 4522
0.200, 0.180, 0.130,	2702, 1860, 4562
0.190, 0.190, 0.130,	2702, 1848, 4550
0.200, 0.190, 0.130,	2702, 1888, 4590
0.200, 0.200, 0.130,	2702, 1916, 4618
0.140, 0.140, 0.140,	2702, 1668, 4370
0.150, 0.140, 0.140,	2702, 1712, 4414
0.160, 0.140, 0.140,	2702, 1744, 4446
0.170, 0.140, 0.140,	2702, 1796, 4498
0.180, 0.140, 0.140,	2702, 1828, 4530
0.190, 0.140, 0.140,	2702, 1880, 4582
0.200, 0.140, 0.140,	2702, 1920, 4622
0.150, 0.150, 0.140,	2702, 1740, 4442
0.160, 0.150, 0.140,	2702, 1772, 4474
0.170, 0.150, 0.140,	2702, 1824, 4526
0.180, 0.150, 0.140,	2702, 1856, 4558
0.190, 0.150, 0.140,	2702, 1908, 4610
0.200, 0.150, 0.140,	2702, 1948, 4650
0.160, 0.160, 0.140,	2702, 1784, 4486
0.170, 0.160, 0.140,	2702, 1836, 4538
0.180, 0.160, 0.140,	2702, 1868, 4570
0.190, 0.160, 0.140,	2702, 1920, 4622
0.200, 0.160, 0.140,	2702, 1960, 4662
0.170, 0.170, 0.140,	2702, 1868, 4570
0.180, 0.170, 0.140,	2702, 1900, 4602
0.190, 0.170, 0.140,	2702, 1952, 4654
0.200, 0.170, 0.140,	2702, 1992, 4694
0.180, 0.180, 0.140,	2702, 1912, 4614
0.190, 0.180, 0.140,	2702, 1964, 4666
0.200, 0.180, 0.140,	2702, 2004, 4706
0.190, 0.190, 0.140,	2702, 1992, 4694
0.200, 0.190, 0.140,	2702, 2032, 4734
0.200, 0.200, 0.140,	2702, 2060, 4762
0.150, 0.150, 0.150,	2702, 1916, 4618
0.160, 0.150, 0.150,	2702, 1948, 4650
0.170, 0.150, 0.150,	2702, 2000, 4702
0.180, 0.150, 0.150,	2702, 2032, 4734
0.190, 0.150, 0.150,	2702, 2084, 4786
0.200, 0.150, 0.150,	2702, 2124, 4826
0.160, 0.160, 0.150,	2702, 1960, 4662
0.170, 0.160, 0.150,	2702, 2012, 4714
0.180, 0.160, 0.150,	2702, 2044, 4746
0.190, 0.160, 0.150,	2702, 2096, 4798
0.200, 0.160, 0.150,	2702, 2136, 4838
0.170, 0.170, 0.150,	2702, 2044, 4746
0.180, 0.170, 0.150,	2702, 2076, 4778
0.190, 0.170, 0.150,	2702, 2128, 4830
0.200, 0.170, 0.150,	2702, 2168, 4870
0.180, 0.180, 0.150,	2702, 2088, 4790
0.190, 0.180, 0.150,	2702, 2140, 4842
0.200, 0.180, 0.150,	2702, 2180, 4882
0.190, 0.190, 0.150,	2702, 2168, 4870
0.200, 0.190, 0.150,	2702, 2208, 4910
0.200, 0.200, 0.150,	2702, 2236, 4938
0.160, 0.160, 0.160,	2702, 2088, 4790
0.170, 0.160, 0.160,	2702, 2140, 4842
0.180, 0.160, 0.160,	2702, 2172, 4874
0.190, 0.160, 0.160,	2702, 2224, 4926
0.200, 0.160, 0.160,	2702, 2264, 4966
0.170, 0.170, 0.160,	2702, 2172, 4874
0.180, 0.170, 0.160,	2702, 2204, 4906
0.190, 0.170, 0.160,	2702, 2256, 4958
0.200, 0.170, 0.160,	2702, 2296, 4998
0.180, 0.180, 0.160,	2702, 2216, 4918
0.190, 0.180, 0.160,	2702, 2268, 4970
0.200, 0.180, 0.160,	2702, 2308, 5010
0.190, 0.190, 0.160,	2702, 2296, 4998
0.200, 0.190, 0.160,	2702, 2336, 5038
0.200, 0.200, 0.160,	2702, 2364, 5066
0.170, 0.170, 0.170,	2702, 2380, 5082
0.180, 0.170, 0.170,	2702, 2412, 5114
0.190, 0.170, 0.170,	2702, 2464, 5166
0.200, 0.170, 0.170,	2702, 2504, 5206
0.180, 0.180, 0.170,	2702, 2424, 5126
0.190, 0.180, 0.170,	2702, 2476, 5178
0.200, 0.180, 0.170,	2702, 2516, 5218
0.190, 0.190, 0.170,	2702, 2504, 5206
0.200, 0.190, 0.170,	2702, 2544, 5246
0.200, 0.200, 0.170,	2702, 2572, 5274
0.180, 0.180, 0.180,	2702, 2552, 5254
0.190, 0.180, 0.180,	2702, 2604, 5306
0.200, 0.180, 0.180,	2702, 2644, 5346
0.190, 0.190, 0.180,	2702, 2632, 5334
0.200, 0.190, 0.180,	2702, 2672, 5374
0.200, 0.200, 0.180,	2702, 2700, 5402
0.190, 0.190, 0.190,	2702, 2840, 5542
0.200, 0.190, 0.190,	2702, 2880, 5582
0.200, 0.200, 0.190,	2702, 2908, 5610
0.200, 0.200, 0.200,	2702, 3068, 5770
