order = 35
 ref0,  ref1,  ref2,    nR,  nG, nDir
0.000, 0.000, 0.000,	434,   0, 434
0.010, 0.000, 0.000,	434,   0, 434
0.020, 0.000, 0.000,	434,   4, 438
0.030, 0.000, 0.000,	434,   4, 438
0.040, 0.000, 0.000,	434,   8, 442
0.050, 0.000, 0.000,	434,   8, 442
0.060, 0.000, 0.000,	434,  16, 450
0.070, 0.000, 0.000,	434,  16, 450
0.080, 0.000, 0.000,	434,  16, 450
0.090, 0.000, 0.000,	434,  24, 458
0.100, 0.000, 0.000,	434,  28, 462
0.110, 0.000, 0.000,	434,  36, 470
0.120, 0.000, 0.000,	434,  36, 470
0.130, 0.000, 0.000,	434,  40, 474
0.140, 0.000, 0.000,	434,  48, 482
0.150, 0.000, 0.000,	434,  56, 490
0.160, 0.000, 0.000,	434,  64, 498
0.170, 0.000, 0.000,	434,  64, 498
0.180, 0.000, 0.000,	434,  72, 506
0.190, 0.000, 0.000,	434,  84, 518
0.200, 0.000, 0.000,	434,  92, 526
0.010, 0.010, 0.000,	434,   0, 434
0.020, 0.010, 0.000,	434,   4, 438
0.030, 0.010, 0.000,	434,   4, 438
0.040, 0.010, 0.000,	434,   8, 442
0.050, 0.010, 0.000,	434,   8, 442
0.060, 0.010, 0.000,	434,  16, 450
0.070, 0.010, 0.000,	434,  16, 450
0.080, 0.010, 0.000,	434,  16, 450
0.090, 0.010, 0.000,	434,  24, 458
0.100, 0.010, 0.000,	434,  28, 462
0.110, 0.010, 0.000,	434,  36, 470
0.120, 0.010, 0.000,	434,  36, 470
0.130, 0.010, 0.000,	434,  40, 474
0.140, 0.010, 0.000,	434,  48, 482
0.150, 0.010, 0.000,	434,  56, 490
0.160, 0.010, 0.000,	434,  64, 498
0.170, 0.010, 0.000,	434,  64, 498
0.180, 0.010, 0.000,	434,  72, 506
0.190, 0.010, 0.000,	434,  84, 518
0.200, 0.010, 0.000,	434,  92, 526
0.020, 0.020, 0.000,	434,   8, 442
0.030, 0.020, 0.000,	434,   8, 442
0.040, 0.020, 0.000,	434,  12, 446
0.050, 0.020, 0.000,	434,  12, 446
0.060, 0.020, 0.000,	434,  20, 454
0.070, 0.020, 0.000,	434,  20, 454
0.080, 0.020, 0.000,	434,  20, 454
0.090, 0.020, 0.000,	434,  28, 462
0.100, 0.020, 0.000,	434,  32, 466
0.110, 0.020, 0.000,	434,  40, 474
0.120, 0.020, 0.000,	434,  40, 474
0.130, 0.020, 0.000,	434,  44, 478
0.140, 0.020, 0.000,	434,  52, 486
0.150, 0.020, 0.000,	434,  60, 494
0.160, 0.020, 0.000,	434,  68, 502
0.170, 0.020, 0.000,	434,  68, 502
0.180, 0.020, 0.000,	434,  76, 510
0.190, 0.020, 0.000,	434,  88, 522
0.200, 0.020, 0.000,	434,  96, 530
0.030, 0.030, 0.000,	434,   8, 442
0.040, 0.030, 0.000,	434,  12, 446
0.050, 0.030, 0.000,	434,  12, 446
0.060, 0.030, 0.000,	434,  20, 454
0.070, 0.030, 0.000,	434,  20, 454
0.080, 0.030, 0.000,	434,  20, 454
0.090, 0.030, 0.000,	434,  28, 462
0.100, 0.030, 0.000,	434,  32, 466
0.110, 0.030, 0.000,	434,  40, 474
0.120, 0.030, 0.000,	434,  40, 474
0.130, 0.030, 0.000,	434,  44, 478
0.140, 0.030, 0.000,	434,  52, 486
0.150, 0.030, 0.000,	434,  60, 494
0.160, 0.030, 0.000,	434,  68, 502
0.170, 0.030, 0.000,	434,  68, 502
0.180, 0.030, 0.000,	434,  76, 510
0.190, 0.030, 0.000,	434,  88, 522
0.200, 0.030, 0.000,	434,  96, 530
0.040, 0.040, 0.000,	434,  16, 450
0.050, 0.040, 0.000,	434,  16, 450
0.060, 0.040, 0.000,	434,  24, 458
0.070, 0.040, 0.000,	434,  24, 458
0.080, 0.040, 0.000,	434,  24, 458
0.090, 0.040, 0.000,	434,  32, 466
0.100, 0.040, 0.000,	434,  36, 470
0.110, 0.040, 0.000,	434,  44, 478
0.120, 0.040, 0.000,	434,  44, 478
0.130, 0.040, 0.000,	434,  48, 482
0.140, 0.040, 0.000,	434,  56, 490
0.150, 0.040, 0.000,	434,  64, 498
0.160, 0.040, 0.000,	434,  72, 506
0.170, 0.040, 0.000,	434,  72, 506
0.180, 0.040, 0.000,	434,  80, 514
0.190, 0.040, 0.000,	434,  92, 526
0.200, 0.040, 0.000,	434, 100, 534
0.050, 0.050, 0.000,	434,  16, 450
0.060, 0.050, 0.000,	434,  24, 458
0.070, 0.050, 0.000,	434,  24, 458
0.080, 0.050, 0.000,	434,  24, 458
0.090, 0.050, 0.000,	434,  32, 466
0.100, 0.050, 0.000,	434,  36, 470
0.110, 0.050, 0.000,	434,  44, 478
0.120, 0.050, 0.000,	434,  44, 478
0.130, 0.050, 0.000,	434,  48, 482
0.140, 0.050, 0.000,	434,  56, 490
0.150, 0.050, 0.000,	434,  64, 498
0.160, 0.050, 0.000,	434,  72, 506
0.170, 0.050, 0.000,	434,  72, 506
0.180, 0.050, 0.000,	434,  80, 514
0.190, 0.050, 0.000,	434,  92, 526
0.200, 0.050, 0.000,	434, 100, 534
0.060, 0.060, 0.000,	434,  28, 462
0.070, 0.060, 0.000,	434,  28, 462
0.080, 0.060, 0.000,	434,  28, 462
0.090, 0.060, 0.000,	434,  36, 470
0.100, 0.060, 0.000,	434,  40, 474
0.110, 0.060, 0.000,	434,  48, 482
0.120, 0.060, 0.000,	434,  48, 482
0.130, 0.060, 0.000,	434,  52, 486
0.140, 0.060, 0.000,	434,  60, 494
0.150, 0.060, 0.000,	434,  68, 502
0.160, 0.060, 0.000,	434,  76, 510
0.170, 0.060, 0.000,	434,  76, 510
0.180, 0.060, 0.000,	434,  84, 518
0.190, 0.060, 0.000,	434,  96, 530
0.200, 0.060, 0.000,	434, 104, 538
0.070, 0.070, 0.000,	434,  28, 462
0.080, 0.070, 0.000,	434,  28, 462
0.090, 0.070, 0.000,	434,  36, 470
0.100, 0.070, 0.000,	434,  40, 474
0.110, 0.070, 0.000,	434,  48, 482
0.120, 0.070, 0.000,	434,  48, 482
0.130, 0.070, 0.000,	434,  52, 486
0.140, 0.070, 0.000,	434,  60, 494
0.150, 0.070, 0.000,	434,  68, 502
0.160, 0.070, 0.000,	434,  76, 510
0.170, 0.070, 0.000,	434,  76, 510
0.180, 0.070, 0.000,	434,  84, 518
0.190, 0.070, 0.000,	434,  96, 530
0.200, 0.070, 0.000,	434, 104, 538
0.080, 0.080, 0.000,	434,  28, 462
0.090, 0.080, 0.000,	434,  36, 470
0.100, 0.080, 0.000,	434,  40, 474
0.110, 0.080, 0.000,	434,  48, 482
0.120, 0.080, 0.000,	434,  48, 482
0.130, 0.080, 0.000,	434,  52, 486
0.140, 0.080, 0.000,	434,  60, 494
0.150, 0.080, 0.000,	434,  68, 502
0.160, 0.080, 0.000,	434,  76, 510
0.170, 0.080, 0.000,	434,  76, 510
0.180, 0.080, 0.000,	434,  84, 518
0.190, 0.080, 0.000,	434,  96, 530
0.200, 0.080, 0.000,	434, 104, 538
0.090, 0.090, 0.000,	434,  44, 478
0.100, 0.090, 0.000,	434,  48, 482
0.110, 0.090, 0.000,	434,  56, 490
0.120, 0.090, 0.000,	434,  56, 490
0.130, 0.090, 0.000,	434,  60, 494
0.140, 0.090, 0.000,	434,  68, 502
0.150, 0.090, 0.000,	434,  76, 510
0.160, 0.090, 0.000,	434,  84, 518
0.170, 0.090, 0.000,	434,  84, 518
0.180, 0.090, 0.000,	434,  92, 526
0.190, 0.090, 0.000,	434, 104, 538
0.200, 0.090, 0.000,	434, 112, 546
0.100, 0.100, 0.000,	434,  48, 482
0.110, 0.100, 0.000,	434,  56, 490
0.120, 0.100, 0.000,	434,  56, 490
0.130, 0.100, 0.000,	434,  60, 494
0.140, 0.100, 0.000,	434,  68, 502
0.150, 0.100, 0.000,	434,  76, 510
0.160, 0.100, 0.000,	434,  84, 518
0.170, 0.100, 0.000,	434,  84, 518
0.180, 0.100, 0.000,	434,  92, 526
0.190, 0.100, 0.000,	434, 104, 538
0.200, 0.100, 0.000,	434, 112, 546
0.110, 0.110, 0.000,	434,  60, 494
0.120, 0.110, 0.000,	434,  60, 494
0.130, 0.110, 0.000,	434,  64, 498
0.140, 0.110, 0.000,	434,  72, 506
0.150, 0.110, 0.000,	434,  80, 514
0.160, 0.110, 0.000,	434,  88, 522
0.170, 0.110, 0.000,	434,  88, 522
0.180, 0.110, 0.000,	434,  96, 530
0.190, 0.110, 0.000,	434, 108, 542
0.200, 0.110, 0.000,	434, 116, 550
0.120, 0.120, 0.000,	434,  60, 494
0.130, 0.120, 0.000,	434,  64, 498
0.140, 0.120, 0.000,	434,  72, 506
0.150, 0.120, 0.000,	434,  80, 514
0.160, 0.120, 0.000,	434,  88, 522
0.170, 0.120, 0.000,	434,  88, 522
0.180, 0.120, 0.000,	434,  96, 530
0.190, 0.120, 0.000,	434, 108, 542
0.200, 0.120, 0.000,	434, 116, 550
0.130, 0.130, 0.000,	434,  68, 502
0.140, 0.130, 0.000,	434,  76, 510
0.150, 0.130, 0.000,	434,  84, 518
0.160, 0.130, 0.000,	434,  92, 526
0.170, 0.130, 0.000,	434,  92, 526
0.180, 0.130, 0.000,	434, 100, 534
0.190, 0.130, 0.000,	434, 112, 546
0.200, 0.130, 0.000,	434, 120, 554
0.140, 0.140, 0.000,	434,  84, 518
0.150, 0.140, 0.000,	434,  92, 526
0.160, 0.140, 0.000,	434, 100, 534
0.170, 0.140, 0.000,	434, 100, 534
0.180, 0.140, 0.000,	434, 108, 542
0.190, 0.140, 0.000,	434, 120, 554
0.200, 0.140, 0.000,	434, 128, 562
0.150, 0.150, 0.000,	434,  92, 526
0.160, 0.150, 0.000,	434, 100, 534
0.170, 0.150, 0.000,	434, 100, 534
0.180, 0.150, 0.000,	434, 108, 542
0.190, 0.150, 0.000,	434, 120, 554
0.200, 0.150, 0.000,	434, 128, 562
0.160, 0.160, 0.000,	434, 104, 538
0.170, 0.160, 0.000,	434, 104, 538
0.180, 0.160, 0.000,	434, 112, 546
0.190, 0.160, 0.000,	434, 124, 558
0.200, 0.160, 0.000,	434, 132, 566
0.170, 0.170, 0.000,	434, 104, 538
0.180, 0.170, 0.000,	434, 112, 546
0.190, 0.170, 0.000,	434, 124, 558
0.200, 0.170, 0.000,	434, 132, 566
0.180, 0.180, 0.000,	434, 120, 554
0.190, 0.180, 0.000,	434, 132, 566
0.200, 0.180, 0.000,	434, 140, 574
0.190, 0.190, 0.000,	434, 140, 574
0.200, 0.190, 0.000,	434, 148, 582
0.200, 0.200, 0.000,	434, 148, 582
0.010, 0.010, 0.010,	434,   0, 434
0.020, 0.010, 0.010,	434,   4, 438
0.030, 0.010, 0.010,	434,   4, 438
0.040, 0.010, 0.010,	434,   8, 442
0.050, 0.010, 0.010,	434,   8, 442
0.060, 0.010, 0.010,	434,  16, 450
0.070, 0.010, 0.010,	434,  16, 450
0.080, 0.010, 0.010,	434,  16, 450
0.090, 0.010, 0.010,	434,  24, 458
0.100, 0.010, 0.010,	434,  28, 462
0.110, 0.010, 0.010,	434,  36, 470
0.120, 0.010, 0.010,	434,  36, 470
0.130, 0.010, 0.010,	434,  40, 474
0.140, 0.010, 0.010,	434,  48, 482
0.150, 0.010, 0.010,	434,  56, 490
0.160, 0.010, 0.010,	434,  64, 498
0.170, 0.010, 0.010,	434,  64, 498
0.180, 0.010, 0.010,	434,  72, 506
0.190, 0.010, 0.010,	434,  84, 518
0.200, 0.010, 0.010,	434,  92, 526
0.020, 0.020, 0.010,	434,   8, 442
0.030, 0.020, 0.010,	434,   8, 442
0.040, 0.020, 0.010,	434,  12, 446
0.050, 0.020, 0.010,	434,  12, 446
0.060, 0.020, 0.010,	434,  20, 454
0.070, 0.020, 0.010,	434,  20, 454
0.080, 0.020, 0.010,	434,  20, 454
0.090, 0.020, 0.010,	434,  28, 462
0.100, 0.020, 0.010,	434,  32, 466
0.110, 0.020, 0.010,	434,  40, 474
0.120, 0.020, 0.010,	434,  40, 474
0.130, 0.020, 0.010,	434,  44, 478
0.140, 0.020, 0.010,	434,  52, 486
0.150, 0.020, 0.010,	434,  60, 494
0.160, 0.020, 0.010,	434,  68, 502
0.170, 0.020, 0.010,	434,  68, 502
0.180, 0.020, 0.010,	434,  76, 510
0.190, 0.020, 0.010,	434,  88, 522
0.200, 0.020, 0.010,	434,  96, 530
0.030, 0.030, 0.010,	434,   8, 442
0.040, 0.030, 0.010,	434,  12, 446
0.050, 0.030, 0.010,	434,  12, 446
0.060, 0.030, 0.010,	434,  20, 454
0.070, 0.030, 0.010,	434,  20, 454
0.080, 0.030, 0.010,	434,  20, 454
0.090, 0.030, 0.010,	434,  28, 462
0.100, 0.030, 0.010,	434,  32, 466
0.110, 0.030, 0.010,	434,  40, 474
0.120, 0.030, 0.010,	434,  40, 474
0.130, 0.030, 0.010,	434,  44, 478
0.140, 0.030, 0.010,	434,  52, 486
0.150, 0.030, 0.010,	434,  60, 494
0.160, 0.030, 0.010,	434,  68, 502
0.170, 0.030, 0.010,	434,  68, 502
0.180, 0.030, 0.010,	434,  76, 510
0.190, 0.030, 0.010,	434,  88, 522
0.200, 0.030, 0.010,	434,  96, 530
0.040, 0.040, 0.010,	434,  16, 450
0.050, 0.040, 0.010,	434,  16, 450
0.060, 0.040, 0.010,	434,  24, 458
0.070, 0.040, 0.010,	434,  24, 458
0.080, 0.040, 0.010,	434,  24, 458
0.090, 0.040, 0.010,	434,  32, 466
0.100, 0.040, 0.010,	434,  36, 470
0.110, 0.040, 0.010,	434,  44, 478
0.120, 0.040, 0.010,	434,  44, 478
0.130, 0.040, 0.010,	434,  48, 482
0.140, 0.040, 0.010,	434,  56, 490
0.150, 0.040, 0.010,	434,  64, 498
0.160, 0.040, 0.010,	434,  72, 506
0.170, 0.040, 0.010,	434,  72, 506
0.180, 0.040, 0.010,	434,  80, 514
0.190, 0.040, 0.010,	434,  92, 526
0.200, 0.040, 0.010,	434, 100, 534
0.050, 0.050, 0.010,	434,  16, 450
0.060, 0.050, 0.010,	434,  24, 458
0.070, 0.050, 0.010,	434,  24, 458
0.080, 0.050, 0.010,	434,  24, 458
0.090, 0.050, 0.010,	434,  32, 466
0.100, 0.050, 0.010,	434,  36, 470
0.110, 0.050, 0.010,	434,  44, 478
0.120, 0.050, 0.010,	434,  44, 478
0.130, 0.050, 0.010,	434,  48, 482
0.140, 0.050, 0.010,	434,  56, 490
0.150, 0.050, 0.010,	434,  64, 498
0.160, 0.050, 0.010,	434,  72, 506
0.170, 0.050, 0.010,	434,  72, 506
0.180, 0.050, 0.010,	434,  80, 514
0.190, 0.050, 0.010,	434,  92, 526
0.200, 0.050, 0.010,	434, 100, 534
0.060, 0.060, 0.010,	434,  28, 462
0.070, 0.060, 0.010,	434,  28, 462
0.080, 0.060, 0.010,	434,  28, 462
0.090, 0.060, 0.010,	434,  36, 470
0.100, 0.060, 0.010,	434,  40, 474
0.110, 0.060, 0.010,	434,  48, 482
0.120, 0.060, 0.010,	434,  48, 482
0.130, 0.060, 0.010,	434,  52, 486
0.140, 0.060, 0.010,	434,  60, 494
0.150, 0.060, 0.010,	434,  68, 502
0.160, 0.060, 0.010,	434,  76, 510
0.170, 0.060, 0.010,	434,  76, 510
0.180, 0.060, 0.010,	434,  84, 518
0.190, 0.060, 0.010,	434,  96, 530
0.200, 0.060, 0.010,	434, 104, 538
0.070, 0.070, 0.010,	434,  28, 462
0.080, 0.070, 0.010,	434,  28, 462
0.090, 0.070, 0.010,	434,  36, 470
0.100, 0.070, 0.010,	434,  40, 474
0.110, 0.070, 0.010,	434,  48, 482
0.120, 0.070, 0.010,	434,  48, 482
0.130, 0.070, 0.010,	434,  52, 486
0.140, 0.070, 0.010,	434,  60, 494
0.150, 0.070, 0.010,	434,  68, 502
0.160, 0.070, 0.010,	434,  76, 510
0.170, 0.070, 0.010,	434,  76, 510
0.180, 0.070, 0.010,	434,  84, 518
0.190, 0.070, 0.010,	434,  96, 530
0.200, 0.070, 0.010,	434, 104, 538
0.080, 0.080, 0.010,	434,  28, 462
0.090, 0.080, 0.010,	434,  36, 470
0.100, 0.080, 0.010,	434,  40, 474
0.110, 0.080, 0.010,	434,  48, 482
0.120, 0.080, 0.010,	434,  48, 482
0.130, 0.080, 0.010,	434,  52, 486
0.140, 0.080, 0.010,	434,  60, 494
0.150, 0.080, 0.010,	434,  68, 502
0.160, 0.080, 0.010,	434,  76, 510
0.170, 0.080, 0.010,	434,  76, 510
0.180, 0.080, 0.010,	434,  84, 518
0.190, 0.080, 0.010,	434,  96, 530
0.200, 0.080, 0.010,	434, 104, 538
0.090, 0.090, 0.010,	434,  44, 478
0.100, 0.090, 0.010,	434,  48, 482
0.110, 0.090, 0.010,	434,  56, 490
0.120, 0.090, 0.010,	434,  56, 490
0.130, 0.090, 0.010,	434,  60, 494
0.140, 0.090, 0.010,	434,  68, 502
0.150, 0.090, 0.010,	434,  76, 510
0.160, 0.090, 0.010,	434,  84, 518
0.170, 0.090, 0.010,	434,  84, 518
0.180, 0.090, 0.010,	434,  92, 526
0.190, 0.090, 0.010,	434, 104, 538
0.200, 0.090, 0.010,	434, 112, 546
0.100, 0.100, 0.010,	434,  48, 482
0.110, 0.100, 0.010,	434,  56, 490
0.120, 0.100, 0.010,	434,  56, 490
0.130, 0.100, 0.010,	434,  60, 494
0.140, 0.100, 0.010,	434,  68, 502
0.150, 0.100, 0.010,	434,  76, 510
0.160, 0.100, 0.010,	434,  84, 518
0.170, 0.100, 0.010,	434,  84, 518
0.180, 0.100, 0.010,	434,  92, 526
0.190, 0.100, 0.010,	434, 104, 538
0.200, 0.100, 0.010,	434, 112, 546
0.110, 0.110, 0.010,	434,  60, 494
0.120, 0.110, 0.010,	434,  60, 494
0.130, 0.110, 0.010,	434,  64, 498
0.140, 0.110, 0.010,	434,  72, 506
0.150, 0.110, 0.010,	434,  80, 514
0.160, 0.110, 0.010,	434,  88, 522
0.170, 0.110, 0.010,	434,  88, 522
0.180, 0.110, 0.010,	434,  96, 530
0.190, 0.110, 0.010,	434, 108, 542
0.200, 0.110, 0.010,	434, 116, 550
0.120, 0.120, 0.010,	434,  60, 494
0.130, 0.120, 0.010,	434,  64, 498
0.140, 0.120, 0.010,	434,  72, 506
0.150, 0.120, 0.010,	434,  80, 514
0.160, 0.120, 0.010,	434,  88, 522
0.170, 0.120, 0.010,	434,  88, 522
0.180, 0.120, 0.010,	434,  96, 530
0.190, 0.120, 0.010,	434, 108, 542
0.200, 0.120, 0.010,	434, 116, 550
0.130, 0.130, 0.010,	434,  68, 502
0.140, 0.130, 0.010,	434,  76, 510
0.150, 0.130, 0.010,	434,  84, 518
0.160, 0.130, 0.010,	434,  92, 526
0.170, 0.130, 0.010,	434,  92, 526
0.180, 0.130, 0.010,	434, 100, 534
0.190, 0.130, 0.010,	434, 112, 546
0.200, 0.130, 0.010,	434, 120, 554
0.140, 0.140, 0.010,	434,  84, 518
0.150, 0.140, 0.010,	434,  92, 526
0.160, 0.140, 0.010,	434, 100, 534
0.170, 0.140, 0.010,	434, 100, 534
0.180, 0.140, 0.010,	434, 108, 542
0.190, 0.140, 0.010,	434, 120, 554
0.200, 0.140, 0.010,	434, 128, 562
0.150, 0.150, 0.010,	434,  92, 526
0.160, 0.150, 0.010,	434, 100, 534
0.170, 0.150, 0.010,	434, 100, 534
0.180, 0.150, 0.010,	434, 108, 542
0.190, 0.150, 0.010,	434, 120, 554
0.200, 0.150, 0.010,	434, 128, 562
0.160, 0.160, 0.010,	434, 104, 538
0.170, 0.160, 0.010,	434, 104, 538
0.180, 0.160, 0.010,	434, 112, 546
0.190, 0.160, 0.010,	434, 124, 558
0.200, 0.160, 0.010,	434, 132, 566
0.170, 0.170, 0.010,	434, 104, 538
0.180, 0.170, 0.010,	434, 112, 546
0.190, 0.170, 0.010,	434, 124, 558
0.200, 0.170, 0.010,	434, 132, 566
0.180, 0.180, 0.010,	434, 120, 554
0.190, 0.180, 0.010,	434, 132, 566
0.200, 0.180, 0.010,	434, 140, 574
0.190, 0.190, 0.010,	434, 140, 574
0.200, 0.190, 0.010,	434, 148, 582
0.200, 0.200, 0.010,	434, 148, 582
0.020, 0.020, 0.020,	434,  24, 458
0.030, 0.020, 0.020,	434,  24, 458
0.040, 0.020, 0.020,	434,  28, 462
0.050, 0.020, 0.020,	434,  28, 462
0.060, 0.020, 0.020,	434,  36, 470
0.070, 0.020, 0.020,	434,  36, 470
0.080, 0.020, 0.020,	434,  36, 470
0.090, 0.020, 0.020,	434,  44, 478
0.100, 0.020, 0.020,	434,  48, 482
0.110, 0.020, 0.020,	434,  56, 490
0.120, 0.020, 0.020,	434,  56, 490
0.130, 0.020, 0.020,	434,  60, 494
0.140, 0.020, 0.020,	434,  68, 502
0.150, 0.020, 0.020,	434,  76, 510
0.160, 0.020, 0.020,	434,  84, 518
0.170, 0.020, 0.020,	434,  84, 518
0.180, 0.020, 0.020,	434,  92, 526
0.190, 0.020, 0.020,	434, 104, 538
0.200, 0.020, 0.020,	434, 112, 546
0.030, 0.030, 0.020,	434,  24, 458
0.040, 0.030, 0.020,	434,  28, 462
0.050, 0.030, 0.020,	434,  28, 462
0.060, 0.030, 0.020,	434,  36, 470
0.070, 0.030, 0.020,	434,  36, 470
0.080, 0.030, 0.020,	434,  36, 470
0.090, 0.030, 0.020,	434,  44, 478
0.100, 0.030, 0.020,	434,  48, 482
0.110, 0.030, 0.020,	434,  56, 490
0.120, 0.030, 0.020,	434,  56, 490
0.130, 0.030, 0.020,	434,  60, 494
0.140, 0.030, 0.020,	434,  68, 502
0.150, 0.030, 0.020,	434,  76, 510
0.160, 0.030, 0.020,	434,  84, 518
0.170, 0.030, 0.020,	434,  84, 518
0.180, 0.030, 0.020,	434,  92, 526
0.190, 0.030, 0.020,	434, 104, 538
0.200, 0.030, 0.020,	434, 112, 546
0.040, 0.040, 0.020,	434,  32, 466
0.050, 0.040, 0.020,	434,  32, 466
0.060, 0.040, 0.020,	434,  40, 474
0.070, 0.040, 0.020,	434,  40, 474
0.080, 0.040, 0.020,	434,  40, 474
0.090, 0.040, 0.020,	434,  48, 482
0.100, 0.040, 0.020,	434,  52, 486
0.110, 0.040, 0.020,	434,  60, 494
0.120, 0.040, 0.020,	434,  60, 494
0.130, 0.040, 0.020,	434,  64, 498
0.140, 0.040, 0.020,	434,  72, 506
0.150, 0.040, 0.020,	434,  80, 514
0.160, 0.040, 0.020,	434,  88, 522
0.170, 0.040, 0.020,	434,  88, 522
0.180, 0.040, 0.020,	434,  96, 530
0.190, 0.040, 0.020,	434, 108, 542
0.200, 0.040, 0.020,	434, 116, 550
0.050, 0.050, 0.020,	434,  32, 466
0.060, 0.050, 0.020,	434,  40, 474
0.070, 0.050, 0.020,	434,  40, 474
0.080, 0.050, 0.020,	434,  40, 474
0.090, 0.050, 0.020,	434,  48, 482
0.100, 0.050, 0.020,	434,  52, 486
0.110, 0.050, 0.020,	434,  60, 494
0.120, 0.050, 0.020,	434,  60, 494
0.130, 0.050, 0.020,	434,  64, 498
0.140, 0.050, 0.020,	434,  72, 506
0.150, 0.050, 0.020,	434,  80, 514
0.160, 0.050, 0.020,	434,  88, 522
0.170, 0.050, 0.020,	434,  88, 522
0.180, 0.050, 0.020,	434,  96, 530
0.190, 0.050, 0.020,	434, 108, 542
0.200, 0.050, 0.020,	434, 116, 550
0.060, 0.060, 0.020,	434,  44, 478
0.070, 0.060, 0.020,	434,  44, 478
0.080, 0.060, 0.020,	434,  44, 478
0.090, 0.060, 0.020,	434,  52, 486
0.100, 0.060, 0.020,	434,  56, 490
0.110, 0.060, 0.020,	434,  64, 498
0.120, 0.060, 0.020,	434,  64, 498
0.130, 0.060, 0.020,	434,  68, 502
0.140, 0.060, 0.020,	434,  76, 510
0.150, 0.060, 0.020,	434,  84, 518
0.160, 0.060, 0.020,	434,  92, 526
0.170, 0.060, 0.020,	434,  92, 526
0.180, 0.060, 0.020,	434, 100, 534
0.190, 0.060, 0.020,	434, 112, 546
0.200, 0.060, 0.020,	434, 120, 554
0.070, 0.070, 0.020,	434,  44, 478
0.080, 0.070, 0.020,	434,  44, 478
0.090, 0.070, 0.020,	434,  52, 486
0.100, 0.070, 0.020,	434,  56, 490
0.110, 0.070, 0.020,	434,  64, 498
0.120, 0.070, 0.020,	434,  64, 498
0.130, 0.070, 0.020,	434,  68, 502
0.140, 0.070, 0.020,	434,  76, 510
0.150, 0.070, 0.020,	434,  84, 518
0.160, 0.070, 0.020,	434,  92, 526
0.170, 0.070, 0.020,	434,  92, 526
0.180, 0.070, 0.020,	434, 100, 534
0.190, 0.070, 0.020,	434, 112, 546
0.200, 0.070, 0.020,	434, 120, 554
0.080, 0.080, 0.020,	434,  44, 478
0.090, 0.080, 0.020,	434,  52, 486
0.100, 0.080, 0.020,	434,  56, 490
0.110, 0.080, 0.020,	434,  64, 498
0.120, 0.080, 0.020,	434,  64, 498
0.130, 0.080, 0.020,	434,  68, 502
0.140, 0.080, 0.020,	434,  76, 510
0.150, 0.080, 0.020,	434,  84, 518
0.160, 0.080, 0.020,	434,  92, 526
0.170, 0.080, 0.020,	434,  92, 526
0.180, 0.080, 0.020,	434, 100, 534
0.190, 0.080, 0.020,	434, 112, 546
0.200, 0.080, 0.020,	434, 120, 554
0.090, 0.090, 0.020,	434,  60, 494
0.100, 0.090, 0.020,	434,  64, 498
0.110, 0.090, 0.020,	434,  72, 506
0.120, 0.090, 0.020,	434,  72, 506
0.130, 0.090, 0.020,	434,  76, 510
0.140, 0.090, 0.020,	434,  84, 518
0.150, 0.090, 0.020,	434,  92, 526
0.160, 0.090, 0.020,	434, 100, 534
0.170, 0.090, 0.020,	434, 100, 534
0.180, 0.090, 0.020,	434, 108, 542
0.190, 0.090, 0.020,	434, 120, 554
0.200, 0.090, 0.020,	434, 128, 562
0.100, 0.100, 0.020,	434,  64, 498
0.110, 0.100, 0.020,	434,  72, 506
0.120, 0.100, 0.020,	434,  72, 506
0.130, 0.100, 0.020,	434,  76, 510
0.140, 0.100, 0.020,	434,  84, 518
0.150, 0.100, 0.020,	434,  92, 526
0.160, 0.100, 0.020,	434, 100, 534
0.170, 0.100, 0.020,	434, 100, 534
0.180, 0.100, 0.020,	434, 108, 542
0.190, 0.100, 0.020,	434, 120, 554
0.200, 0.100, 0.020,	434, 128, 562
0.110, 0.110, 0.020,	434,  76, 510
0.120, 0.110, 0.020,	434,  76, 510
0.130, 0.110, 0.020,	434,  80, 514
0.140, 0.110, 0.020,	434,  88, 522
0.150, 0.110, 0.020,	434,  96, 530
0.160, 0.110, 0.020,	434, 104, 538
0.170, 0.110, 0.020,	434, 104, 538
0.180, 0.110, 0.020,	434, 112, 546
0.190, 0.110, 0.020,	434, 124, 558
0.200, 0.110, 0.020,	434, 132, 566
0.120, 0.120, 0.020,	434,  76, 510
0.130, 0.120, 0.020,	434,  80, 514
0.140, 0.120, 0.020,	434,  88, 522
0.150, 0.120, 0.020,	434,  96, 530
0.160, 0.120, 0.020,	434, 104, 538
0.170, 0.120, 0.020,	434, 104, 538
0.180, 0.120, 0.020,	434, 112, 546
0.190, 0.120, 0.020,	434, 124, 558
0.200, 0.120, 0.020,	434, 132, 566
0.130, 0.130, 0.020,	434,  84, 518
0.140, 0.130, 0.020,	434,  92, 526
0.150, 0.130, 0.020,	434, 100, 534
0.160, 0.130, 0.020,	434, 108, 542
0.170, 0.130, 0.020,	434, 108, 542
0.180, 0.130, 0.020,	434, 116, 550
0.190, 0.130, 0.020,	434, 128, 562
0.200, 0.130, 0.020,	434, 136, 570
0.140, 0.140, 0.020,	434, 100, 534
0.150, 0.140, 0.020,	434, 108, 542
0.160, 0.140, 0.020,	434, 116, 550
0.170, 0.140, 0.020,	434, 116, 550
0.180, 0.140, 0.020,	434, 124, 558
0.190, 0.140, 0.020,	434, 136, 570
0.200, 0.140, 0.020,	434, 144, 578
0.150, 0.150, 0.020,	434, 108, 542
0.160, 0.150, 0.020,	434, 116, 550
0.170, 0.150, 0.020,	434, 116, 550
0.180, 0.150, 0.020,	434, 124, 558
0.190, 0.150, 0.020,	434, 136, 570
0.200, 0.150, 0.020,	434, 144, 578
0.160, 0.160, 0.020,	434, 120, 554
0.170, 0.160, 0.020,	434, 120, 554
0.180, 0.160, 0.020,	434, 128, 562
0.190, 0.160, 0.020,	434, 140, 574
0.200, 0.160, 0.020,	434, 148, 582
0.170, 0.170, 0.020,	434, 120, 554
0.180, 0.170, 0.020,	434, 128, 562
0.190, 0.170, 0.020,	434, 140, 574
0.200, 0.170, 0.020,	434, 148, 582
0.180, 0.180, 0.020,	434, 136, 570
0.190, 0.180, 0.020,	434, 148, 582
0.200, 0.180, 0.020,	434, 156, 590
0.190, 0.190, 0.020,	434, 156, 590
0.200, 0.190, 0.020,	434, 164, 598
0.200, 0.200, 0.020,	434, 164, 598
0.030, 0.030, 0.030,	434,  24, 458
0.040, 0.030, 0.030,	434,  28, 462
0.050, 0.030, 0.030,	434,  28, 462
0.060, 0.030, 0.030,	434,  36, 470
0.070, 0.030, 0.030,	434,  36, 470
0.080, 0.030, 0.030,	434,  36, 470
0.090, 0.030, 0.030,	434,  44, 478
0.100, 0.030, 0.030,	434,  48, 482
0.110, 0.030, 0.030,	434,  56, 490
0.120, 0.030, 0.030,	434,  56, 490
0.130, 0.030, 0.030,	434,  60, 494
0.140, 0.030, 0.030,	434,  68, 502
0.150, 0.030, 0.030,	434,  76, 510
0.160, 0.030, 0.030,	434,  84, 518
0.170, 0.030, 0.030,	434,  84, 518
0.180, 0.030, 0.030,	434,  92, 526
0.190, 0.030, 0.030,	434, 104, 538
0.200, 0.030, 0.030,	434, 112, 546
0.040, 0.040, 0.030,	434,  32, 466
0.050, 0.040, 0.030,	434,  32, 466
0.060, 0.040, 0.030,	434,  40, 474
0.070, 0.040, 0.030,	434,  40, 474
0.080, 0.040, 0.030,	434,  40, 474
0.090, 0.040, 0.030,	434,  48, 482
0.100, 0.040, 0.030,	434,  52, 486
0.110, 0.040, 0.030,	434,  60, 494
0.120, 0.040, 0.030,	434,  60, 494
0.130, 0.040, 0.030,	434,  64, 498
0.140, 0.040, 0.030,	434,  72, 506
0.150, 0.040, 0.030,	434,  80, 514
0.160, 0.040, 0.030,	434,  88, 522
0.170, 0.040, 0.030,	434,  88, 522
0.180, 0.040, 0.030,	434,  96, 530
0.190, 0.040, 0.030,	434, 108, 542
0.200, 0.040, 0.030,	434, 116, 550
0.050, 0.050, 0.030,	434,  32, 466
0.060, 0.050, 0.030,	434,  40, 474
0.070, 0.050, 0.030,	434,  40, 474
0.080, 0.050, 0.030,	434,  40, 474
0.090, 0.050, 0.030,	434,  48, 482
0.100, 0.050, 0.030,	434,  52, 486
0.110, 0.050, 0.030,	434,  60, 494
0.120, 0.050, 0.030,	434,  60, 494
0.130, 0.050, 0.030,	434,  64, 498
0.140, 0.050, 0.030,	434,  72, 506
0.150, 0.050, 0.030,	434,  80, 514
0.160, 0.050, 0.030,	434,  88, 522
0.170, 0.050, 0.030,	434,  88, 522
0.180, 0.050, 0.030,	434,  96, 530
0.190, 0.050, 0.030,	434, 108, 542
0.200, 0.050, 0.030,	434, 116, 550
0.060, 0.060, 0.030,	434,  44, 478
0.070, 0.060, 0.030,	434,  44, 478
0.080, 0.060, 0.030,	434,  44, 478
0.090, 0.060, 0.030,	434,  52, 486
0.100, 0.060, 0.030,	434,  56, 490
0.110, 0.060, 0.030,	434,  64, 498
0.120, 0.060, 0.030,	434,  64, 498
0.130, 0.060, 0.030,	434,  68, 502
0.140, 0.060, 0.030,	434,  76, 510
0.150, 0.060, 0.030,	434,  84, 518
0.160, 0.060, 0.030,	434,  92, 526
0.170, 0.060, 0.030,	434,  92, 526
0.180, 0.060, 0.030,	434, 100, 534
0.190, 0.060, 0.030,	434, 112, 546
0.200, 0.060, 0.030,	434, 120, 554
0.070, 0.070, 0.030,	434,  44, 478
0.080, 0.070, 0.030,	434,  44, 478
0.090, 0.070, 0.030,	434,  52, 486
0.100, 0.070, 0.030,	434,  56, 490
0.110, 0.070, 0.030,	434,  64, 498
0.120, 0.070, 0.030,	434,  64, 498
0.130, 0.070, 0.030,	434,  68, 502
0.140, 0.070, 0.030,	434,  76, 510
0.150, 0.070, 0.030,	434,  84, 518
0.160, 0.070, 0.030,	434,  92, 526
0.170, 0.070, 0.030,	434,  92, 526
0.180, 0.070, 0.030,	434, 100, 534
0.190, 0.070, 0.030,	434, 112, 546
0.200, 0.070, 0.030,	434, 120, 554
0.080, 0.080, 0.030,	434,  44, 478
0.090, 0.080, 0.030,	434,  52, 486
0.100, 0.080, 0.030,	434,  56, 490
0.110, 0.080, 0.030,	434,  64, 498
0.120, 0.080, 0.030,	434,  64, 498
0.130, 0.080, 0.030,	434,  68, 502
0.140, 0.080, 0.030,	434,  76, 510
0.150, 0.080, 0.030,	434,  84, 518
0.160, 0.080, 0.030,	434,  92, 526
0.170, 0.080, 0.030,	434,  92, 526
0.180, 0.080, 0.030,	434, 100, 534
0.190, 0.080, 0.030,	434, 112, 546
0.200, 0.080, 0.030,	434, 120, 554
0.090, 0.090, 0.030,	434,  60, 494
0.100, 0.090, 0.030,	434,  64, 498
0.110, 0.090, 0.030,	434,  72, 506
0.120, 0.090, 0.030,	434,  72, 506
0.130, 0.090, 0.030,	434,  76, 510
0.140, 0.090, 0.030,	434,  84, 518
0.150, 0.090, 0.030,	434,  92, 526
0.160, 0.090, 0.030,	434, 100, 534
0.170, 0.090, 0.030,	434, 100, 534
0.180, 0.090, 0.030,	434, 108, 542
0.190, 0.090, 0.030,	434, 120, 554
0.200, 0.090, 0.030,	434, 128, 562
0.100, 0.100, 0.030,	434,  64, 498
0.110, 0.100, 0.030,	434,  72, 506
0.120, 0.100, 0.030,	434,  72, 506
0.130, 0.100, 0.030,	434,  76, 510
0.140, 0.100, 0.030,	434,  84, 518
0.150, 0.100, 0.030,	434,  92, 526
0.160, 0.100, 0.030,	434, 100, 534
0.170, 0.100, 0.030,	434, 100, 534
0.180, 0.100, 0.030,	434, 108, 542
0.190, 0.100, 0.030,	434, 120, 554
0.200, 0.100, 0.030,	434, 128, 562
0.110, 0.110, 0.030,	434,  76, 510
0.120, 0.110, 0.030,	434,  76, 510
0.130, 0.110, 0.030,	434,  80, 514
0.140, 0.110, 0.030,	434,  88, 522
0.150, 0.110, 0.030,	434,  96, 530
0.160, 0.110, 0.030,	434, 104, 538
0.170, 0.110, 0.030,	434, 104, 538
0.180, 0.110, 0.030,	434, 112, 546
0.190, 0.110, 0.030,	434, 124, 558
0.200, 0.110, 0.030,	434, 132, 566
0.120, 0.120, 0.030,	434,  76, 510
0.130, 0.120, 0.030,	434,  80, 514
0.140, 0.120, 0.030,	434,  88, 522
0.150, 0.120, 0.030,	434,  96, 530
0.160, 0.120, 0.030,	434, 104, 538
0.170, 0.120, 0.030,	434, 104, 538
0.180, 0.120, 0.030,	434, 112, 546
0.190, 0.120, 0.030,	434, 124, 558
0.200, 0.120, 0.030,	434, 132, 566
0.130, 0.130, 0.030,	434,  84, 518
0.140, 0.130, 0.030,	434,  92, 526
0.150, 0.130, 0.030,	434, 100, 534
0.160, 0.130, 0.030,	434, 108, 542
0.170, 0.130, 0.030,	434, 108, 542
0.180, 0.130, 0.030,	434, 116, 550
0.190, 0.130, 0.030,	434, 128, 562
0.200, 0.130, 0.030,	434, 136, 570
0.140, 0.140, 0.030,	434, 100, 534
0.150, 0.140, 0.030,	434, 108, 542
0.160, 0.140, 0.030,	434, 116, 550
0.170, 0.140, 0.030,	434, 116, 550
0.180, 0.140, 0.030,	434, 124, 558
0.190, 0.140, 0.030,	434, 136, 570
0.200, 0.140, 0.030,	434, 144, 578
0.150, 0.150, 0.030,	434, 108, 542
0.160, 0.150, 0.030,	434, 116, 550
0.170, 0.150, 0.030,	434, 116, 550
0.180, 0.150, 0.030,	434, 124, 558
0.190, 0.150, 0.030,	434, 136, 570
0.200, 0.150, 0.030,	434, 144, 578
0.160, 0.160, 0.030,	434, 120, 554
0.170, 0.160, 0.030,	434, 120, 554
0.180, 0.160, 0.030,	434, 128, 562
0.190, 0.160, 0.030,	434, 140, 574
0.200, 0.160, 0.030,	434, 148, 582
0.170, 0.170, 0.030,	434, 120, 554
0.180, 0.170, 0.030,	434, 128, 562
0.190, 0.170, 0.030,	434, 140, 574
0.200, 0.170, 0.030,	434, 148, 582
0.180, 0.180, 0.030,	434, 136, 570
0.190, 0.180, 0.030,	434, 148, 582
0.200, 0.180, 0.030,	434, 156, 590
0.190, 0.190, 0.030,	434, 156, 590
0.200, 0.190, 0.030,	434, 164, 598
0.200, 0.200, 0.030,	434, 164, 598
0.040, 0.040, 0.040,	434,  48, 482
0.050, 0.040, 0.040,	434,  48, 482
0.060, 0.040, 0.040,	434,  56, 490
0.070, 0.040, 0.040,	434,  56, 490
0.080, 0.040, 0.040,	434,  56, 490
0.090, 0.040, 0.040,	434,  64, 498
0.100, 0.040, 0.040,	434,  68, 502
0.110, 0.040, 0.040,	434,  76, 510
0.120, 0.040, 0.040,	434,  76, 510
0.130, 0.040, 0.040,	434,  80, 514
0.140, 0.040, 0.040,	434,  88, 522
0.150, 0.040, 0.040,	434,  96, 530
0.160, 0.040, 0.040,	434, 104, 538
0.170, 0.040, 0.040,	434, 104, 538
0.180, 0.040, 0.040,	434, 112, 546
0.190, 0.040, 0.040,	434, 124, 558
0.200, 0.040, 0.040,	434, 132, 566
0.050, 0.050, 0.040,	434,  48, 482
0.060, 0.050, 0.040,	434,  56, 490
0.070, 0.050, 0.040,	434,  56, 490
0.080, 0.050, 0.040,	434,  56, 490
0.090, 0.050, 0.040,	434,  64, 498
0.100, 0.050, 0.040,	434,  68, 502
0.110, 0.050, 0.040,	434,  76, 510
0.120, 0.050, 0.040,	434,  76, 510
0.130, 0.050, 0.040,	434,  80, 514
0.140, 0.050, 0.040,	434,  88, 522
0.150, 0.050, 0.040,	434,  96, 530
0.160, 0.050, 0.040,	434, 104, 538
0.170, 0.050, 0.040,	434, 104, 538
0.180, 0.050, 0.040,	434, 112, 546
0.190, 0.050, 0.040,	434, 124, 558
0.200, 0.050, 0.040,	434, 132, 566
0.060, 0.060, 0.040,	434,  60, 494
0.070, 0.060, 0.040,	434,  60, 494
0.080, 0.060, 0.040,	434,  60, 494
0.090, 0.060, 0.040,	434,  68, 502
0.100, 0.060, 0.040,	434,  72, 506
0.110, 0.060, 0.040,	434,  80, 514
0.120, 0.060, 0.040,	434,  80, 514
0.130, 0.060, 0.040,	434,  84, 518
0.140, 0.060, 0.040,	434,  92, 526
0.150, 0.060, 0.040,	434, 100, 534
0.160, 0.060, 0.040,	434, 108, 542
0.170, 0.060, 0.040,	434, 108, 542
0.180, 0.060, 0.040,	434, 116, 550
0.190, 0.060, 0.040,	434, 128, 562
0.200, 0.060, 0.040,	434, 136, 570
0.070, 0.070, 0.040,	434,  60, 494
0.080, 0.070, 0.040,	434,  60, 494
0.090, 0.070, 0.040,	434,  68, 502
0.100, 0.070, 0.040,	434,  72, 506
0.110, 0.070, 0.040,	434,  80, 514
0.120, 0.070, 0.040,	434,  80, 514
0.130, 0.070, 0.040,	434,  84, 518
0.140, 0.070, 0.040,	434,  92, 526
0.150, 0.070, 0.040,	434, 100, 534
0.160, 0.070, 0.040,	434, 108, 542
0.170, 0.070, 0.040,	434, 108, 542
0.180, 0.070, 0.040,	434, 116, 550
0.190, 0.070, 0.040,	434, 128, 562
0.200, 0.070, 0.040,	434, 136, 570
0.080, 0.080, 0.040,	434,  60, 494
0.090, 0.080, 0.040,	434,  68, 502
0.100, 0.080, 0.040,	434,  72, 506
0.110, 0.080, 0.040,	434,  80, 514
0.120, 0.080, 0.040,	434,  80, 514
0.130, 0.080, 0.040,	434,  84, 518
0.140, 0.080, 0.040,	434,  92, 526
0.150, 0.080, 0.040,	434, 100, 534
0.160, 0.080, 0.040,	434, 108, 542
0.170, 0.080, 0.040,	434, 108, 542
0.180, 0.080, 0.040,	434, 116, 550
0.190, 0.080, 0.040,	434, 128, 562
0.200, 0.080, 0.040,	434, 136, 570
0.090, 0.090, 0.040,	434,  76, 510
0.100, 0.090, 0.040,	434,  80, 514
0.110, 0.090, 0.040,	434,  88, 522
0.120, 0.090, 0.040,	434,  88, 522
0.130, 0.090, 0.040,	434,  92, 526
0.140, 0.090, 0.040,	434, 100, 534
0.150, 0.090, 0.040,	434, 108, 542
0.160, 0.090, 0.040,	434, 116, 550
0.170, 0.090, 0.040,	434, 116, 550
0.180, 0.090, 0.040,	434, 124, 558
0.190, 0.090, 0.040,	434, 136, 570
0.200, 0.090, 0.040,	434, 144, 578
0.100, 0.100, 0.040,	434,  80, 514
0.110, 0.100, 0.040,	434,  88, 522
0.120, 0.100, 0.040,	434,  88, 522
0.130, 0.100, 0.040,	434,  92, 526
0.140, 0.100, 0.040,	434, 100, 534
0.150, 0.100, 0.040,	434, 108, 542
0.160, 0.100, 0.040,	434, 116, 550
0.170, 0.100, 0.040,	434, 116, 550
0.180, 0.100, 0.040,	434, 124, 558
0.190, 0.100, 0.040,	434, 136, 570
0.200, 0.100, 0.040,	434, 144, 578
0.110, 0.110, 0.040,	434,  92, 526
0.120, 0.110, 0.040,	434,  92, 526
0.130, 0.110, 0.040,	434,  96, 530
0.140, 0.110, 0.040,	434, 104, 538
0.150, 0.110, 0.040,	434, 112, 546
0.160, 0.110, 0.040,	434, 120, 554
0.170, 0.110, 0.040,	434, 120, 554
0.180, 0.110, 0.040,	434, 128, 562
0.190, 0.110, 0.040,	434, 140, 574
0.200, 0.110, 0.040,	434, 148, 582
0.120, 0.120, 0.040,	434,  92, 526
0.130, 0.120, 0.040,	434,  96, 530
0.140, 0.120, 0.040,	434, 104, 538
0.150, 0.120, 0.040,	434, 112, 546
0.160, 0.120, 0.040,	434, 120, 554
0.170, 0.120, 0.040,	434, 120, 554
0.180, 0.120, 0.040,	434, 128, 562
0.190, 0.120, 0.040,	434, 140, 574
0.200, 0.120, 0.040,	434, 148, 582
0.130, 0.130, 0.040,	434, 100, 534
0.140, 0.130, 0.040,	434, 108, 542
0.150, 0.130, 0.040,	434, 116, 550
0.160, 0.130, 0.040,	434, 124, 558
0.170, 0.130, 0.040,	434, 124, 558
0.180, 0.130, 0.040,	434, 132, 566
0.190, 0.130, 0.040,	434, 144, 578
0.200, 0.130, 0.040,	434, 152, 586
0.140, 0.140, 0.040,	434, 116, 550
0.150, 0.140, 0.040,	434, 124, 558
0.160, 0.140, 0.040,	434, 132, 566
0.170, 0.140, 0.040,	434, 132, 566
0.180, 0.140, 0.040,	434, 140, 574
0.190, 0.140, 0.040,	434, 152, 586
0.200, 0.140, 0.040,	434, 160, 594
0.150, 0.150, 0.040,	434, 124, 558
0.160, 0.150, 0.040,	434, 132, 566
0.170, 0.150, 0.040,	434, 132, 566
0.180, 0.150, 0.040,	434, 140, 574
0.190, 0.150, 0.040,	434, 152, 586
0.200, 0.150, 0.040,	434, 160, 594
0.160, 0.160, 0.040,	434, 136, 570
0.170, 0.160, 0.040,	434, 136, 570
0.180, 0.160, 0.040,	434, 144, 578
0.190, 0.160, 0.040,	434, 156, 590
0.200, 0.160, 0.040,	434, 164, 598
0.170, 0.170, 0.040,	434, 136, 570
0.180, 0.170, 0.040,	434, 144, 578
0.190, 0.170, 0.040,	434, 156, 590
0.200, 0.170, 0.040,	434, 164, 598
0.180, 0.180, 0.040,	434, 152, 586
0.190, 0.180, 0.040,	434, 164, 598
0.200, 0.180, 0.040,	434, 172, 606
0.190, 0.190, 0.040,	434, 172, 606
0.200, 0.190, 0.040,	434, 180, 614
0.200, 0.200, 0.040,	434, 180, 614
0.050, 0.050, 0.050,	434,  48, 482
0.060, 0.050, 0.050,	434,  56, 490
0.070, 0.050, 0.050,	434,  56, 490
0.080, 0.050, 0.050,	434,  56, 490
0.090, 0.050, 0.050,	434,  64, 498
0.100, 0.050, 0.050,	434,  68, 502
0.110, 0.050, 0.050,	434,  76, 510
0.120, 0.050, 0.050,	434,  76, 510
0.130, 0.050, 0.050,	434,  80, 514
0.140, 0.050, 0.050,	434,  88, 522
0.150, 0.050, 0.050,	434,  96, 530
0.160, 0.050, 0.050,	434, 104, 538
0.170, 0.050, 0.050,	434, 104, 538
0.180, 0.050, 0.050,	434, 112, 546
0.190, 0.050, 0.050,	434, 124, 558
0.200, 0.050, 0.050,	434, 132, 566
0.060, 0.060, 0.050,	434,  60, 494
0.070, 0.060, 0.050,	434,  60, 494
0.080, 0.060, 0.050,	434,  60, 494
0.090, 0.060, 0.050,	434,  68, 502
0.100, 0.060, 0.050,	434,  72, 506
0.110, 0.060, 0.050,	434,  80, 514
0.120, 0.060, 0.050,	434,  80, 514
0.130, 0.060, 0.050,	434,  84, 518
0.140, 0.060, 0.050,	434,  92, 526
0.150, 0.060, 0.050,	434, 100, 534
0.160, 0.060, 0.050,	434, 108, 542
0.170, 0.060, 0.050,	434, 108, 542
0.180, 0.060, 0.050,	434, 116, 550
0.190, 0.060, 0.050,	434, 128, 562
0.200, 0.060, 0.050,	434, 136, 570
0.070, 0.070, 0.050,	434,  60, 494
0.080, 0.070, 0.050,	434,  60, 494
0.090, 0.070, 0.050,	434,  68, 502
0.100, 0.070, 0.050,	434,  72, 506
0.110, 0.070, 0.050,	434,  80, 514
0.120, 0.070, 0.050,	434,  80, 514
0.130, 0.070, 0.050,	434,  84, 518
0.140, 0.070, 0.050,	434,  92, 526
0.150, 0.070, 0.050,	434, 100, 534
0.160, 0.070, 0.050,	434, 108, 542
0.170, 0.070, 0.050,	434, 108, 542
0.180, 0.070, 0.050,	434, 116, 550
0.190, 0.070, 0.050,	434, 128, 562
0.200, 0.070, 0.050,	434, 136, 570
0.080, 0.080, 0.050,	434,  60, 494
0.090, 0.080, 0.050,	434,  68, 502
0.100, 0.080, 0.050,	434,  72, 506
0.110, 0.080, 0.050,	434,  80, 514
0.120, 0.080, 0.050,	434,  80, 514
0.130, 0.080, 0.050,	434,  84, 518
0.140, 0.080, 0.050,	434,  92, 526
0.150, 0.080, 0.050,	434, 100, 534
0.160, 0.080, 0.050,	434, 108, 542
0.170, 0.080, 0.050,	434, 108, 542
0.180, 0.080, 0.050,	434, 116, 550
0.190, 0.080, 0.050,	434, 128, 562
0.200, 0.080, 0.050,	434, 136, 570
0.090, 0.090, 0.050,	434,  76, 510
0.100, 0.090, 0.050,	434,  80, 514
0.110, 0.090, 0.050,	434,  88, 522
0.120, 0.090, 0.050,	434,  88, 522
0.130, 0.090, 0.050,	434,  92, 526
0.140, 0.090, 0.050,	434, 100, 534
0.150, 0.090, 0.050,	434, 108, 542
0.160, 0.090, 0.050,	434, 116, 550
0.170, 0.090, 0.050,	434, 116, 550
0.180, 0.090, 0.050,	434, 124, 558
0.190, 0.090, 0.050,	434, 136, 570
0.200, 0.090, 0.050,	434, 144, 578
0.100, 0.100, 0.050,	434,  80, 514
0.110, 0.100, 0.050,	434,  88, 522
0.120, 0.100, 0.050,	434,  88, 522
0.130, 0.100, 0.050,	434,  92, 526
0.140, 0.100, 0.050,	434, 100, 534
0.150, 0.100, 0.050,	434, 108, 542
0.160, 0.100, 0.050,	434, 116, 550
0.170, 0.100, 0.050,	434, 116, 550
0.180, 0.100, 0.050,	434, 124, 558
0.190, 0.100, 0.050,	434, 136, 570
0.200, 0.100, 0.050,	434, 144, 578
0.110, 0.110, 0.050,	434,  92, 526
0.120, 0.110, 0.050,	434,  92, 526
0.130, 0.110, 0.050,	434,  96, 530
0.140, 0.110, 0.050,	434, 104, 538
0.150, 0.110, 0.050,	434, 112, 546
0.160, 0.110, 0.050,	434, 120, 554
0.170, 0.110, 0.050,	434, 120, 554
0.180, 0.110, 0.050,	434, 128, 562
0.190, 0.110, 0.050,	434, 140, 574
0.200, 0.110, 0.050,	434, 148, 582
0.120, 0.120, 0.050,	434,  92, 526
0.130, 0.120, 0.050,	434,  96, 530
0.140, 0.120, 0.050,	434, 104, 538
0.150, 0.120, 0.050,	434, 112, 546
0.160, 0.120, 0.050,	434, 120, 554
0.170, 0.120, 0.050,	434, 120, 554
0.180, 0.120, 0.050,	434, 128, 562
0.190, 0.120, 0.050,	434, 140, 574
0.200, 0.120, 0.050,	434, 148, 582
0.130, 0.130, 0.050,	434, 100, 534
0.140, 0.130, 0.050,	434, 108, 542
0.150, 0.130, 0.050,	434, 116, 550
0.160, 0.130, 0.050,	434, 124, 558
0.170, 0.130, 0.050,	434, 124, 558
0.180, 0.130, 0.050,	434, 132, 566
0.190, 0.130, 0.050,	434, 144, 578
0.200, 0.130, 0.050,	434, 152, 586
0.140, 0.140, 0.050,	434, 116, 550
0.150, 0.140, 0.050,	434, 124, 558
0.160, 0.140, 0.050,	434, 132, 566
0.170, 0.140, 0.050,	434, 132, 566
0.180, 0.140, 0.050,	434, 140, 574
0.190, 0.140, 0.050,	434, 152, 586
0.200, 0.140, 0.050,	434, 160, 594
0.150, 0.150, 0.050,	434, 124, 558
0.160, 0.150, 0.050,	434, 132, 566
0.170, 0.150, 0.050,	434, 132, 566
0.180, 0.150, 0.050,	434, 140, 574
0.190, 0.150, 0.050,	434, 152, 586
0.200, 0.150, 0.050,	434, 160, 594
0.160, 0.160, 0.050,	434, 136, 570
0.170, 0.160, 0.050,	434, 136, 570
0.180, 0.160, 0.050,	434, 144, 578
0.190, 0.160, 0.050,	434, 156, 590
0.200, 0.160, 0.050,	434, 164, 598
0.170, 0.170, 0.050,	434, 136, 570
0.180, 0.170, 0.050,	434, 144, 578
0.190, 0.170, 0.050,	434, 156, 590
0.200, 0.170, 0.050,	434, 164, 598
0.180, 0.180, 0.050,	434, 152, 586
0.190, 0.180, 0.050,	434, 164, 598
0.200, 0.180, 0.050,	434, 172, 606
0.190, 0.190, 0.050,	434, 172, 606
0.200, 0.190, 0.050,	434, 180, 614
0.200, 0.200, 0.050,	434, 180, 614
0.060, 0.060, 0.060,	434,  92, 526
0.070, 0.060, 0.060,	434,  92, 526
0.080, 0.060, 0.060,	434,  92, 526
0.090, 0.060, 0.060,	434, 100, 534
0.100, 0.060, 0.060,	434, 104, 538
0.110, 0.060, 0.060,	434, 112, 546
0.120, 0.060, 0.060,	434, 112, 546
0.130, 0.060, 0.060,	434, 116, 550
0.140, 0.060, 0.060,	434, 124, 558
0.150, 0.060, 0.060,	434, 132, 566
0.160, 0.060, 0.060,	434, 140, 574
0.170, 0.060, 0.060,	434, 140, 574
0.180, 0.060, 0.060,	434, 148, 582
0.190, 0.060, 0.060,	434, 160, 594
0.200, 0.060, 0.060,	434, 168, 602
0.070, 0.070, 0.060,	434,  92, 526
0.080, 0.070, 0.060,	434,  92, 526
0.090, 0.070, 0.060,	434, 100, 534
0.100, 0.070, 0.060,	434, 104, 538
0.110, 0.070, 0.060,	434, 112, 546
0.120, 0.070, 0.060,	434, 112, 546
0.130, 0.070, 0.060,	434, 116, 550
0.140, 0.070, 0.060,	434, 124, 558
0.150, 0.070, 0.060,	434, 132, 566
0.160, 0.070, 0.060,	434, 140, 574
0.170, 0.070, 0.060,	434, 140, 574
0.180, 0.070, 0.060,	434, 148, 582
0.190, 0.070, 0.060,	434, 160, 594
0.200, 0.070, 0.060,	434, 168, 602
0.080, 0.080, 0.060,	434,  92, 526
0.090, 0.080, 0.060,	434, 100, 534
0.100, 0.080, 0.060,	434, 104, 538
0.110, 0.080, 0.060,	434, 112, 546
0.120, 0.080, 0.060,	434, 112, 546
0.130, 0.080, 0.060,	434, 116, 550
0.140, 0.080, 0.060,	434, 124, 558
0.150, 0.080, 0.060,	434, 132, 566
0.160, 0.080, 0.060,	434, 140, 574
0.170, 0.080, 0.060,	434, 140, 574
0.180, 0.080, 0.060,	434, 148, 582
0.190, 0.080, 0.060,	434, 160, 594
0.200, 0.080, 0.060,	434, 168, 602
0.090, 0.090, 0.060,	434, 108, 542
0.100, 0.090, 0.060,	434, 112, 546
0.110, 0.090, 0.060,	434, 120, 554
0.120, 0.090, 0.060,	434, 120, 554
0.130, 0.090, 0.060,	434, 124, 558
0.140, 0.090, 0.060,	434, 132, 566
0.150, 0.090, 0.060,	434, 140, 574
0.160, 0.090, 0.060,	434, 148, 582
0.170, 0.090, 0.060,	434, 148, 582
0.180, 0.090, 0.060,	434, 156, 590
0.190, 0.090, 0.060,	434, 168, 602
0.200, 0.090, 0.060,	434, 176, 610
0.100, 0.100, 0.060,	434, 112, 546
0.110, 0.100, 0.060,	434, 120, 554
0.120, 0.100, 0.060,	434, 120, 554
0.130, 0.100, 0.060,	434, 124, 558
0.140, 0.100, 0.060,	434, 132, 566
0.150, 0.100, 0.060,	434, 140, 574
0.160, 0.100, 0.060,	434, 148, 582
0.170, 0.100, 0.060,	434, 148, 582
0.180, 0.100, 0.060,	434, 156, 590
0.190, 0.100, 0.060,	434, 168, 602
0.200, 0.100, 0.060,	434, 176, 610
0.110, 0.110, 0.060,	434, 124, 558
0.120, 0.110, 0.060,	434, 124, 558
0.130, 0.110, 0.060,	434, 128, 562
0.140, 0.110, 0.060,	434, 136, 570
0.150, 0.110, 0.060,	434, 144, 578
0.160, 0.110, 0.060,	434, 152, 586
0.170, 0.110, 0.060,	434, 152, 586
0.180, 0.110, 0.060,	434, 160, 594
0.190, 0.110, 0.060,	434, 172, 606
0.200, 0.110, 0.060,	434, 180, 614
0.120, 0.120, 0.060,	434, 124, 558
0.130, 0.120, 0.060,	434, 128, 562
0.140, 0.120, 0.060,	434, 136, 570
0.150, 0.120, 0.060,	434, 144, 578
0.160, 0.120, 0.060,	434, 152, 586
0.170, 0.120, 0.060,	434, 152, 586
0.180, 0.120, 0.060,	434, 160, 594
0.190, 0.120, 0.060,	434, 172, 606
0.200, 0.120, 0.060,	434, 180, 614
0.130, 0.130, 0.060,	434, 132, 566
0.140, 0.130, 0.060,	434, 140, 574
0.150, 0.130, 0.060,	434, 148, 582
0.160, 0.130, 0.060,	434, 156, 590
0.170, 0.130, 0.060,	434, 156, 590
0.180, 0.130, 0.060,	434, 164, 598
0.190, 0.130, 0.060,	434, 176, 610
0.200, 0.130, 0.060,	434, 184, 618
0.140, 0.140, 0.060,	434, 148, 582
0.150, 0.140, 0.060,	434, 156, 590
0.160, 0.140, 0.060,	434, 164, 598
0.170, 0.140, 0.060,	434, 164, 598
0.180, 0.140, 0.060,	434, 172, 606
0.190, 0.140, 0.060,	434, 184, 618
0.200, 0.140, 0.060,	434, 192, 626
0.150, 0.150, 0.060,	434, 156, 590
0.160, 0.150, 0.060,	434, 164, 598
0.170, 0.150, 0.060,	434, 164, 598
0.180, 0.150, 0.060,	434, 172, 606
0.190, 0.150, 0.060,	434, 184, 618
0.200, 0.150, 0.060,	434, 192, 626
0.160, 0.160, 0.060,	434, 168, 602
0.170, 0.160, 0.060,	434, 168, 602
0.180, 0.160, 0.060,	434, 176, 610
0.190, 0.160, 0.060,	434, 188, 622
0.200, 0.160, 0.060,	434, 196, 630
0.170, 0.170, 0.060,	434, 168, 602
0.180, 0.170, 0.060,	434, 176, 610
0.190, 0.170, 0.060,	434, 188, 622
0.200, 0.170, 0.060,	434, 196, 630
0.180, 0.180, 0.060,	434, 184, 618
0.190, 0.180, 0.060,	434, 196, 630
0.200, 0.180, 0.060,	434, 204, 638
0.190, 0.190, 0.060,	434, 204, 638
0.200, 0.190, 0.060,	434, 212, 646
0.200, 0.200, 0.060,	434, 212, 646
0.070, 0.070, 0.070,	434,  92, 526
0.080, 0.070, 0.070,	434,  92, 526
0.090, 0.070, 0.070,	434, 100, 534
0.100, 0.070, 0.070,	434, 104, 538
0.110, 0.070, 0.070,	434, 112, 546
0.120, 0.070, 0.070,	434, 112, 546
0.130, 0.070, 0.070,	434, 116, 550
0.140, 0.070, 0.070,	434, 124, 558
0.150, 0.070, 0.070,	434, 132, 566
0.160, 0.070, 0.070,	434, 140, 574
0.170, 0.070, 0.070,	434, 140, 574
0.180, 0.070, 0.070,	434, 148, 582
0.190, 0.070, 0.070,	434, 160, 594
0.200, 0.070, 0.070,	434, 168, 602
0.080, 0.080, 0.070,	434,  92, 526
0.090, 0.080, 0.070,	434, 100, 534
0.100, 0.080, 0.070,	434, 104, 538
0.110, 0.080, 0.070,	434, 112, 546
0.120, 0.080, 0.070,	434, 112, 546
0.130, 0.080, 0.070,	434, 116, 550
0.140, 0.080, 0.070,	434, 124, 558
0.150, 0.080, 0.070,	434, 132, 566
0.160, 0.080, 0.070,	434, 140, 574
0.170, 0.080, 0.070,	434, 140, 574
0.180, 0.080, 0.070,	434, 148, 582
0.190, 0.080, 0.070,	434, 160, 594
0.200, 0.080, 0.070,	434, 168, 602
0.090, 0.090, 0.070,	434, 108, 542
0.100, 0.090, 0.070,	434, 112, 546
0.110, 0.090, 0.070,	434, 120, 554
0.120, 0.090, 0.070,	434, 120, 554
0.130, 0.090, 0.070,	434, 124, 558
0.140, 0.090, 0.070,	434, 132, 566
0.150, 0.090, 0.070,	434, 140, 574
0.160, 0.090, 0.070,	434, 148, 582
0.170, 0.090, 0.070,	434, 148, 582
0.180, 0.090, 0.070,	434, 156, 590
0.190, 0.090, 0.070,	434, 168, 602
0.200, 0.090, 0.070,	434, 176, 610
0.100, 0.100, 0.070,	434, 112, 546
0.110, 0.100, 0.070,	434, 120, 554
0.120, 0.100, 0.070,	434, 120, 554
0.130, 0.100, 0.070,	434, 124, 558
0.140, 0.100, 0.070,	434, 132, 566
0.150, 0.100, 0.070,	434, 140, 574
0.160, 0.100, 0.070,	434, 148, 582
0.170, 0.100, 0.070,	434, 148, 582
0.180, 0.100, 0.070,	434, 156, 590
0.190, 0.100, 0.070,	434, 168, 602
0.200, 0.100, 0.070,	434, 176, 610
0.110, 0.110, 0.070,	434, 124, 558
0.120, 0.110, 0.070,	434, 124, 558
0.130, 0.110, 0.070,	434, 128, 562
0.140, 0.110, 0.070,	434, 136, 570
0.150, 0.110, 0.070,	434, 144, 578
0.160, 0.110, 0.070,	434, 152, 586
0.170, 0.110, 0.070,	434, 152, 586
0.180, 0.110, 0.070,	434, 160, 594
0.190, 0.110, 0.070,	434, 172, 606
0.200, 0.110, 0.070,	434, 180, 614
0.120, 0.120, 0.070,	434, 124, 558
0.130, 0.120, 0.070,	434, 128, 562
0.140, 0.120, 0.070,	434, 136, 570
0.150, 0.120, 0.070,	434, 144, 578
0.160, 0.120, 0.070,	434, 152, 586
0.170, 0.120, 0.070,	434, 152, 586
0.180, 0.120, 0.070,	434, 160, 594
0.190, 0.120, 0.070,	434, 172, 606
0.200, 0.120, 0.070,	434, 180, 614
0.130, 0.130, 0.070,	434, 132, 566
0.140, 0.130, 0.070,	434, 140, 574
0.150, 0.130, 0.070,	434, 148, 582
0.160, 0.130, 0.070,	434, 156, 590
0.170, 0.130, 0.070,	434, 156, 590
0.180, 0.130, 0.070,	434, 164, 598
0.190, 0.130, 0.070,	434, 176, 610
0.200, 0.130, 0.070,	434, 184, 618
0.140, 0.140, 0.070,	434, 148, 582
0.150, 0.140, 0.070,	434, 156, 590
0.160, 0.140, 0.070,	434, 164, 598
0.170, 0.140, 0.070,	434, 164, 598
0.180, 0.140, 0.070,	434, 172, 606
0.190, 0.140, 0.070,	434, 184, 618
0.200, 0.140, 0.070,	434, 192, 626
0.150, 0.150, 0.070,	434, 156, 590
0.160, 0.150, 0.070,	434, 164, 598
0.170, 0.150, 0.070,	434, 164, 598
0.180, 0.150, 0.070,	434, 172, 606
0.190, 0.150, 0.070,	434, 184, 618
0.200, 0.150, 0.070,	434, 192, 626
0.160, 0.160, 0.070,	434, 168, 602
0.170, 0.160, 0.070,	434, 168, 602
0.180, 0.160, 0.070,	434, 176, 610
0.190, 0.160, 0.070,	434, 188, 622
0.200, 0.160, 0.070,	434, 196, 630
0.170, 0.170, 0.070,	434, 168, 602
0.180, 0.170, 0.070,	434, 176, 610
0.190, 0.170, 0.070,	434, 188, 622
0.200, 0.170, 0.070,	434, 196, 630
0.180, 0.180, 0.070,	434, 184, 618
0.190, 0.180, 0.070,	434, 196, 630
0.200, 0.180, 0.070,	434, 204, 638
0.190, 0.190, 0.070,	434, 204, 638
0.200, 0.190, 0.070,	434, 212, 646
0.200, 0.200, 0.070,	434, 212, 646
0.080, 0.080, 0.080,	434,  92, 526
0.090, 0.080, 0.080,	434, 100, 534
0.100, 0.080, 0.080,	434, 104, 538
0.110, 0.080, 0.080,	434, 112, 546
0.120, 0.080, 0.080,	434, 112, 546
0.130, 0.080, 0.080,	434, 116, 550
0.140, 0.080, 0.080,	434, 124, 558
0.150, 0.080, 0.080,	434, 132, 566
0.160, 0.080, 0.080,	434, 140, 574
0.170, 0.080, 0.080,	434, 140, 574
0.180, 0.080, 0.080,	434, 148, 582
0.190, 0.080, 0.080,	434, 160, 594
0.200, 0.080, 0.080,	434, 168, 602
0.090, 0.090, 0.080,	434, 108, 542
0.100, 0.090, 0.080,	434, 112, 546
0.110, 0.090, 0.080,	434, 120, 554
0.120, 0.090, 0.080,	434, 120, 554
0.130, 0.090, 0.080,	434, 124, 558
0.140, 0.090, 0.080,	434, 132, 566
0.150, 0.090, 0.080,	434, 140, 574
0.160, 0.090, 0.080,	434, 148, 582
0.170, 0.090, 0.080,	434, 148, 582
0.180, 0.090, 0.080,	434, 156, 590
0.190, 0.090, 0.080,	434, 168, 602
0.200, 0.090, 0.080,	434, 176, 610
0.100, 0.100, 0.080,	434, 112, 546
0.110, 0.100, 0.080,	434, 120, 554
0.120, 0.100, 0.080,	434, 120, 554
0.130, 0.100, 0.080,	434, 124, 558
0.140, 0.100, 0.080,	434, 132, 566
0.150, 0.100, 0.080,	434, 140, 574
0.160, 0.100, 0.080,	434, 148, 582
0.170, 0.100, 0.080,	434, 148, 582
0.180, 0.100, 0.080,	434, 156, 590
0.190, 0.100, 0.080,	434, 168, 602
0.200, 0.100, 0.080,	434, 176, 610
0.110, 0.110, 0.080,	434, 124, 558
0.120, 0.110, 0.080,	434, 124, 558
0.130, 0.110, 0.080,	434, 128, 562
0.140, 0.110, 0.080,	434, 136, 570
0.150, 0.110, 0.080,	434, 144, 578
0.160, 0.110, 0.080,	434, 152, 586
0.170, 0.110, 0.080,	434, 152, 586
0.180, 0.110, 0.080,	434, 160, 594
0.190, 0.110, 0.080,	434, 172, 606
0.200, 0.110, 0.080,	434, 180, 614
0.120, 0.120, 0.080,	434, 124, 558
0.130, 0.120, 0.080,	434, 128, 562
0.140, 0.120, 0.080,	434, 136, 570
0.150, 0.120, 0.080,	434, 144, 578
0.160, 0.120, 0.080,	434, 152, 586
0.170, 0.120, 0.080,	434, 152, 586
0.180, 0.120, 0.080,	434, 160, 594
0.190, 0.120, 0.080,	434, 172, 606
0.200, 0.120, 0.080,	434, 180, 614
0.130, 0.130, 0.080,	434, 132, 566
0.140, 0.130, 0.080,	434, 140, 574
0.150, 0.130, 0.080,	434, 148, 582
0.160, 0.130, 0.080,	434, 156, 590
0.170, 0.130, 0.080,	434, 156, 590
0.180, 0.130, 0.080,	434, 164, 598
0.190, 0.130, 0.080,	434, 176, 610
0.200, 0.130, 0.080,	434, 184, 618
0.140, 0.140, 0.080,	434, 148, 582
0.150, 0.140, 0.080,	434, 156, 590
0.160, 0.140, 0.080,	434, 164, 598
0.170, 0.140, 0.080,	434, 164, 598
0.180, 0.140, 0.080,	434, 172, 606
0.190, 0.140, 0.080,	434, 184, 618
0.200, 0.140, 0.080,	434, 192, 626
0.150, 0.150, 0.080,	434, 156, 590
0.160, 0.150, 0.080,	434, 164, 598
0.170, 0.150, 0.080,	434, 164, 598
0.180, 0.150, 0.080,	434, 172, 606
0.190, 0.150, 0.080,	434, 184, 618
0.200, 0.150, 0.080,	434, 192, 626
0.160, 0.160, 0.080,	434, 168, 602
0.170, 0.160, 0.080,	434, 168, 602
0.180, 0.160, 0.080,	434, 176, 610
0.190, 0.160, 0.080,	434, 188, 622
0.200, 0.160, 0.080,	434, 196, 630
0.170, 0.170, 0.080,	434, 168, 602
0.180, 0.170, 0.080,	434, 176, 610
0.190, 0.170, 0.080,	434, 188, 622
0.200, 0.170, 0.080,	434, 196, 630
0.180, 0.180, 0.080,	434, 184, 618
0.190, 0.180, 0.080,	434, 196, 630
0.200, 0.180, 0.080,	434, 204, 638
0.190, 0.190, 0.080,	434, 204, 638
0.200, 0.190, 0.080,	434, 212, 646
0.200, 0.200, 0.080,	434, 212, 646
0.090, 0.090, 0.090,	434, 140, 574
0.100, 0.090, 0.090,	434, 144, 578
0.110, 0.090, 0.090,	434, 152, 586
0.120, 0.090, 0.090,	434, 152, 586
0.130, 0.090, 0.090,	434, 156, 590
0.140, 0.090, 0.090,	434, 164, 598
0.150, 0.090, 0.090,	434, 172, 606
0.160, 0.090, 0.090,	434, 180, 614
0.170, 0.090, 0.090,	434, 180, 614
0.180, 0.090, 0.090,	434, 188, 622
0.190, 0.090, 0.090,	434, 200, 634
0.200, 0.090, 0.090,	434, 208, 642
0.100, 0.100, 0.090,	434, 144, 578
0.110, 0.100, 0.090,	434, 152, 586
0.120, 0.100, 0.090,	434, 152, 586
0.130, 0.100, 0.090,	434, 156, 590
0.140, 0.100, 0.090,	434, 164, 598
0.150, 0.100, 0.090,	434, 172, 606
0.160, 0.100, 0.090,	434, 180, 614
0.170, 0.100, 0.090,	434, 180, 614
0.180, 0.100, 0.090,	434, 188, 622
0.190, 0.100, 0.090,	434, 200, 634
0.200, 0.100, 0.090,	434, 208, 642
0.110, 0.110, 0.090,	434, 156, 590
0.120, 0.110, 0.090,	434, 156, 590
0.130, 0.110, 0.090,	434, 160, 594
0.140, 0.110, 0.090,	434, 168, 602
0.150, 0.110, 0.090,	434, 176, 610
0.160, 0.110, 0.090,	434, 184, 618
0.170, 0.110, 0.090,	434, 184, 618
0.180, 0.110, 0.090,	434, 192, 626
0.190, 0.110, 0.090,	434, 204, 638
0.200, 0.110, 0.090,	434, 212, 646
0.120, 0.120, 0.090,	434, 156, 590
0.130, 0.120, 0.090,	434, 160, 594
0.140, 0.120, 0.090,	434, 168, 602
0.150, 0.120, 0.090,	434, 176, 610
0.160, 0.120, 0.090,	434, 184, 618
0.170, 0.120, 0.090,	434, 184, 618
0.180, 0.120, 0.090,	434, 192, 626
0.190, 0.120, 0.090,	434, 204, 638
0.200, 0.120, 0.090,	434, 212, 646
0.130, 0.130, 0.090,	434, 164, 598
0.140, 0.130, 0.090,	434, 172, 606
0.150, 0.130, 0.090,	434, 180, 614
0.160, 0.130, 0.090,	434, 188, 622
0.170, 0.130, 0.090,	434, 188, 622
0.180, 0.130, 0.090,	434, 196, 630
0.190, 0.130, 0.090,	434, 208, 642
0.200, 0.130, 0.090,	434, 216, 650
0.140, 0.140, 0.090,	434, 180, 614
0.150, 0.140, 0.090,	434, 188, 622
0.160, 0.140, 0.090,	434, 196, 630
0.170, 0.140, 0.090,	434, 196, 630
0.180, 0.140, 0.090,	434, 204, 638
0.190, 0.140, 0.090,	434, 216, 650
0.200, 0.140, 0.090,	434, 224, 658
0.150, 0.150, 0.090,	434, 188, 622
0.160, 0.150, 0.090,	434, 196, 630
0.170, 0.150, 0.090,	434, 196, 630
0.180, 0.150, 0.090,	434, 204, 638
0.190, 0.150, 0.090,	434, 216, 650
0.200, 0.150, 0.090,	434, 224, 658
0.160, 0.160, 0.090,	434, 200, 634
0.170, 0.160, 0.090,	434, 200, 634
0.180, 0.160, 0.090,	434, 208, 642
0.190, 0.160, 0.090,	434, 220, 654
0.200, 0.160, 0.090,	434, 228, 662
0.170, 0.170, 0.090,	434, 200, 634
0.180, 0.170, 0.090,	434, 208, 642
0.190, 0.170, 0.090,	434, 220, 654
0.200, 0.170, 0.090,	434, 228, 662
0.180, 0.180, 0.090,	434, 216, 650
0.190, 0.180, 0.090,	434, 228, 662
0.200, 0.180, 0.090,	434, 236, 670
0.190, 0.190, 0.090,	434, 236, 670
0.200, 0.190, 0.090,	434, 244, 678
0.200, 0.200, 0.090,	434, 244, 678
0.100, 0.100, 0.100,	434, 160, 594
0.110, 0.100, 0.100,	434, 168, 602
0.120, 0.100, 0.100,	434, 168, 602
0.130, 0.100, 0.100,	434, 172, 606
0.140, 0.100, 0.100,	434, 180, 614
0.150, 0.100, 0.100,	434, 188, 622
0.160, 0.100, 0.100,	434, 196, 630
0.170, 0.100, 0.100,	434, 196, 630
0.180, 0.100, 0.100,	434, 204, 638
0.190, 0.100, 0.100,	434, 216, 650
0.200, 0.100, 0.100,	434, 224, 658
0.110, 0.110, 0.100,	434, 172, 606
0.120, 0.110, 0.100,	434, 172, 606
0.130, 0.110, 0.100,	434, 176, 610
0.140, 0.110, 0.100,	434, 184, 618
0.150, 0.110, 0.100,	434, 192, 626
0.160, 0.110, 0.100,	434, 200, 634
0.170, 0.110, 0.100,	434, 200, 634
0.180, 0.110, 0.100,	434, 208, 642
0.190, 0.110, 0.100,	434, 220, 654
0.200, 0.110, 0.100,	434, 228, 662
0.120, 0.120, 0.100,	434, 172, 606
0.130, 0.120, 0.100,	434, 176, 610
0.140, 0.120, 0.100,	434, 184, 618
0.150, 0.120, 0.100,	434, 192, 626
0.160, 0.120, 0.100,	434, 200, 634
0.170, 0.120, 0.100,	434, 200, 634
0.180, 0.120, 0.100,	434, 208, 642
0.190, 0.120, 0.100,	434, 220, 654
0.200, 0.120, 0.100,	434, 228, 662
0.130, 0.130, 0.100,	434, 180, 614
0.140, 0.130, 0.100,	434, 188, 622
0.150, 0.130, 0.100,	434, 196, 630
0.160, 0.130, 0.100,	434, 204, 638
0.170, 0.130, 0.100,	434, 204, 638
0.180, 0.130, 0.100,	434, 212, 646
0.190, 0.130, 0.100,	434, 224, 658
0.200, 0.130, 0.100,	434, 232, 666
0.140, 0.140, 0.100,	434, 196, 630
0.150, 0.140, 0.100,	434, 204, 638
0.160, 0.140, 0.100,	434, 212, 646
0.170, 0.140, 0.100,	434, 212, 646
0.180, 0.140, 0.100,	434, 220, 654
0.190, 0.140, 0.100,	434, 232, 666
0.200, 0.140, 0.100,	434, 240, 674
0.150, 0.150, 0.100,	434, 204, 638
0.160, 0.150, 0.100,	434, 212, 646
0.170, 0.150, 0.100,	434, 212, 646
0.180, 0.150, 0.100,	434, 220, 654
0.190, 0.150, 0.100,	434, 232, 666
0.200, 0.150, 0.100,	434, 240, 674
0.160, 0.160, 0.100,	434, 216, 650
0.170, 0.160, 0.100,	434, 216, 650
0.180, 0.160, 0.100,	434, 224, 658
0.190, 0.160, 0.100,	434, 236, 670
0.200, 0.160, 0.100,	434, 244, 678
0.170, 0.170, 0.100,	434, 216, 650
0.180, 0.170, 0.100,	434, 224, 658
0.190, 0.170, 0.100,	434, 236, 670
0.200, 0.170, 0.100,	434, 244, 678
0.180, 0.180, 0.100,	434, 232, 666
0.190, 0.180, 0.100,	434, 244, 678
0.200, 0.180, 0.100,	434, 252, 686
0.190, 0.190, 0.100,	434, 252, 686
0.200, 0.190, 0.100,	434, 260, 694
0.200, 0.200, 0.100,	434, 260, 694
0.110, 0.110, 0.110,	434, 204, 638
0.120, 0.110, 0.110,	434, 204, 638
0.130, 0.110, 0.110,	434, 208, 642
0.140, 0.110, 0.110,	434, 216, 650
0.150, 0.110, 0.110,	434, 224, 658
0.160, 0.110, 0.110,	434, 232, 666
0.170, 0.110, 0.110,	434, 232, 666
0.180, 0.110, 0.110,	434, 240, 674
0.190, 0.110, 0.110,	434, 252, 686
0.200, 0.110, 0.110,	434, 260, 694
0.120, 0.120, 0.110,	434, 204, 638
0.130, 0.120, 0.110,	434, 208, 642
0.140, 0.120, 0.110,	434, 216, 650
0.150, 0.120, 0.110,	434, 224, 658
0.160, 0.120, 0.110,	434, 232, 666
0.170, 0.120, 0.110,	434, 232, 666
0.180, 0.120, 0.110,	434, 240, 674
0.190, 0.120, 0.110,	434, 252, 686
0.200, 0.120, 0.110,	434, 260, 694
0.130, 0.130, 0.110,	434, 212, 646
0.140, 0.130, 0.110,	434, 220, 654
0.150, 0.130, 0.110,	434, 228, 662
0.160, 0.130, 0.110,	434, 236, 670
0.170, 0.130, 0.110,	434, 236, 670
0.180, 0.130, 0.110,	434, 244, 678
0.190, 0.130, 0.110,	434, 256, 690
0.200, 0.130, 0.110,	434, 264, 698
0.140, 0.140, 0.110,	434, 228, 662
0.150, 0.140, 0.110,	434, 236, 670
0.160, 0.140, 0.110,	434, 244, 678
0.170, 0.140, 0.110,	434, 244, 678
0.180, 0.140, 0.110,	434, 252, 686
0.190, 0.140, 0.110,	434, 264, 698
0.200, 0.140, 0.110,	434, 272, 706
0.150, 0.150, 0.110,	434, 236, 670
0.160, 0.150, 0.110,	434, 244, 678
0.170, 0.150, 0.110,	434, 244, 678
0.180, 0.150, 0.110,	434, 252, 686
0.190, 0.150, 0.110,	434, 264, 698
0.200, 0.150, 0.110,	434, 272, 706
0.160, 0.160, 0.110,	434, 248, 682
0.170, 0.160, 0.110,	434, 248, 682
0.180, 0.160, 0.110,	434, 256, 690
0.190, 0.160, 0.110,	434, 268, 702
0.200, 0.160, 0.110,	434, 276, 710
0.170, 0.170, 0.110,	434, 248, 682
0.180, 0.170, 0.110,	434, 256, 690
0.190, 0.170, 0.110,	434, 268, 702
0.200, 0.170, 0.110,	434, 276, 710
0.180, 0.180, 0.110,	434, 264, 698
0.190, 0.180, 0.110,	434, 276, 710
0.200, 0.180, 0.110,	434, 284, 718
0.190, 0.190, 0.110,	434, 284, 718
0.200, 0.190, 0.110,	434, 292, 726
0.200, 0.200, 0.110,	434, 292, 726
0.120, 0.120, 0.120,	434, 204, 638
0.130, 0.120, 0.120,	434, 208, 642
0.140, 0.120, 0.120,	434, 216, 650
0.150, 0.120, 0.120,	434, 224, 658
0.160, 0.120, 0.120,	434, 232, 666
0.170, 0.120, 0.120,	434, 232, 666
0.180, 0.120, 0.120,	434, 240, 674
0.190, 0.120, 0.120,	434, 252, 686
0.200, 0.120, 0.120,	434, 260, 694
0.130, 0.130, 0.120,	434, 212, 646
0.140, 0.130, 0.120,	434, 220, 654
0.150, 0.130, 0.120,	434, 228, 662
0.160, 0.130, 0.120,	434, 236, 670
0.170, 0.130, 0.120,	434, 236, 670
0.180, 0.130, 0.120,	434, 244, 678
0.190, 0.130, 0.120,	434, 256, 690
0.200, 0.130, 0.120,	434, 264, 698
0.140, 0.140, 0.120,	434, 228, 662
0.150, 0.140, 0.120,	434, 236, 670
0.160, 0.140, 0.120,	434, 244, 678
0.170, 0.140, 0.120,	434, 244, 678
0.180, 0.140, 0.120,	434, 252, 686
0.190, 0.140, 0.120,	434, 264, 698
0.200, 0.140, 0.120,	434, 272, 706
0.150, 0.150, 0.120,	434, 236, 670
0.160, 0.150, 0.120,	434, 244, 678
0.170, 0.150, 0.120,	434, 244, 678
0.180, 0.150, 0.120,	434, 252, 686
0.190, 0.150, 0.120,	434, 264, 698
0.200, 0.150, 0.120,	434, 272, 706
0.160, 0.160, 0.120,	434, 248, 682
0.170, 0.160, 0.120,	434, 248, 682
0.180, 0.160, 0.120,	434, 256, 690
0.190, 0.160, 0.120,	434, 268, 702
0.200, 0.160, 0.120,	434, 276, 710
0.170, 0.170, 0.120,	434, 248, 682
0.180, 0.170, 0.120,	434, 256, 690
0.190, 0.170, 0.120,	434, 268, 702
0.200, 0.170, 0.120,	434, 276, 710
0.180, 0.180, 0.120,	434, 264, 698
0.190, 0.180, 0.120,	434, 276, 710
0.200, 0.180, 0.120,	434, 284, 718
0.190, 0.190, 0.120,	434, 284, 718
0.200, 0.190, 0.120,	434, 292, 726
0.200, 0.200, 0.120,	434, 292, 726
0.130, 0.130, 0.130,	434, 228, 662
0.140, 0.130, 0.130,	434, 236, 670
0.150, 0.130, 0.130,	434, 244, 678
0.160, 0.130, 0.130,	434, 252, 686
0.170, 0.130, 0.130,	434, 252, 686
0.180, 0.130, 0.130,	434, 260, 694
0.190, 0.130, 0.130,	434, 272, 706
0.200, 0.130, 0.130,	434, 280, 714
0.140, 0.140, 0.130,	434, 244, 678
0.150, 0.140, 0.130,	434, 252, 686
0.160, 0.140, 0.130,	434, 260, 694
0.170, 0.140, 0.130,	434, 260, 694
0.180, 0.140, 0.130,	434, 268, 702
0.190, 0.140, 0.130,	434, 280, 714
0.200, 0.140, 0.130,	434, 288, 722
0.150, 0.150, 0.130,	434, 252, 686
0.160, 0.150, 0.130,	434, 260, 694
0.170, 0.150, 0.130,	434, 260, 694
0.180, 0.150, 0.130,	434, 268, 702
0.190, 0.150, 0.130,	434, 280, 714
0.200, 0.150, 0.130,	434, 288, 722
0.160, 0.160, 0.130,	434, 264, 698
0.170, 0.160, 0.130,	434, 264, 698
0.180, 0.160, 0.130,	434, 272, 706
0.190, 0.160, 0.130,	434, 284, 718
0.200, 0.160, 0.130,	434, 292, 726
0.170, 0.170, 0.130,	434, 264, 698
0.180, 0.170, 0.130,	434, 272, 706
0.190, 0.170, 0.130,	434, 284, 718
0.200, 0.170, 0.130,	434, 292, 726
0.180, 0.180, 0.130,	434, 280, 714
0.190, 0.180, 0.130,	434, 292, 726
0.200, 0.180, 0.130,	434, 300, 734
0.190, 0.190, 0.130,	434, 300, 734
0.200, 0.190, 0.130,	434, 308, 742
0.200, 0.200, 0.130,	434, 308, 742
0.140, 0.140, 0.140,	434, 276, 710
0.150, 0.140, 0.140,	434, 284, 718
0.160, 0.140, 0.140,	434, 292, 726
0.170, 0.140, 0.140,	434, 292, 726
0.180, 0.140, 0.140,	434, 300, 734
0.190, 0.140, 0.140,	434, 312, 746
0.200, 0.140, 0.140,	434, 320, 754
0.150, 0.150, 0.140,	434, 284, 718
0.160, 0.150, 0.140,	434, 292, 726
0.170, 0.150, 0.140,	434, 292, 726
0.180, 0.150, 0.140,	434, 300, 734
0.190, 0.150, 0.140,	434, 312, 746
0.200, 0.150, 0.140,	434, 320, 754
0.160, 0.160, 0.140,	434, 296, 730
0.170, 0.160, 0.140,	434, 296, 730
0.180, 0.160, 0.140,	434, 304, 738
0.190, 0.160, 0.140,	434, 316, 750
0.200, 0.160, 0.140,	434, 324, 758
0.170, 0.170, 0.140,	434, 296, 730
0.180, 0.170, 0.140,	434, 304, 738
0.190, 0.170, 0.140,	434, 316, 750
0.200, 0.170, 0.140,	434, 324, 758
0.180, 0.180, 0.140,	434, 312, 746
0.190, 0.180, 0.140,	434, 324, 758
0.200, 0.180, 0.140,	434, 332, 766
0.190, 0.190, 0.140,	434, 332, 766
0.200, 0.190, 0.140,	434, 340, 774
0.200, 0.200, 0.140,	434, 340, 774
0.150, 0.150, 0.150,	434, 316, 750
0.160, 0.150, 0.150,	434, 324, 758
0.170, 0.150, 0.150,	434, 324, 758
0.180, 0.150, 0.150,	434, 332, 766
0.190, 0.150, 0.150,	434, 344, 778
0.200, 0.150, 0.150,	434, 352, 786
0.160, 0.160, 0.150,	434, 328, 762
0.170, 0.160, 0.150,	434, 328, 762
0.180, 0.160, 0.150,	434, 336, 770
0.190, 0.160, 0.150,	434, 348, 782
0.200, 0.160, 0.150,	434, 356, 790
0.170, 0.170, 0.150,	434, 328, 762
0.180, 0.170, 0.150,	434, 336, 770
0.190, 0.170, 0.150,	434, 348, 782
0.200, 0.170, 0.150,	434, 356, 790
0.180, 0.180, 0.150,	434, 344, 778
0.190, 0.180, 0.150,	434, 356, 790
0.200, 0.180, 0.150,	434, 364, 798
0.190, 0.190, 0.150,	434, 364, 798
0.200, 0.190, 0.150,	434, 372, 806
0.200, 0.200, 0.150,	434, 372, 806
0.160, 0.160, 0.160,	434, 360, 794
0.170, 0.160, 0.160,	434, 360, 794
0.180, 0.160, 0.160,	434, 368, 802
0.190, 0.160, 0.160,	434, 380, 814
0.200, 0.160, 0.160,	434, 388, 822
0.170, 0.170, 0.160,	434, 360, 794
0.180, 0.170, 0.160,	434, 368, 802
0.190, 0.170, 0.160,	434, 380, 814
0.200, 0.170, 0.160,	434, 388, 822
0.180, 0.180, 0.160,	434, 376, 810
0.190, 0.180, 0.160,	434, 388, 822
0.200, 0.180, 0.160,	434, 396, 830
0.190, 0.190, 0.160,	434, 396, 830
0.200, 0.190, 0.160,	434, 404, 838
0.200, 0.200, 0.160,	434, 404, 838
0.170, 0.170, 0.170,	434, 360, 794
0.180, 0.170, 0.170,	434, 368, 802
0.190, 0.170, 0.170,	434, 380, 814
0.200, 0.170, 0.170,	434, 388, 822
0.180, 0.180, 0.170,	434, 376, 810
0.190, 0.180, 0.170,	434, 388, 822
0.200, 0.180, 0.170,	434, 396, 830
0.190, 0.190, 0.170,	434, 396, 830
0.200, 0.190, 0.170,	434, 404, 838
0.200, 0.200, 0.170,	434, 404, 838
0.180, 0.180, 0.180,	434, 408, 842
0.190, 0.180, 0.180,	434, 420, 854
0.200, 0.180, 0.180,	434, 428, 862
0.190, 0.190, 0.180,	434, 428, 862
0.200, 0.190, 0.180,	434, 436, 870
0.200, 0.200, 0.180,	434, 436, 870
0.190, 0.190, 0.190,	434, 476, 910
0.200, 0.190, 0.190,	434, 484, 918
0.200, 0.200, 0.190,	434, 484, 918
0.200, 0.200, 0.200,	434, 516, 950
