order = 47
 ref0,  ref1,  ref2,    nR,  nG, nDir
0.000, 0.000, 0.000,	770,   0, 770
0.010, 0.000, 0.000,	770,   0, 770
0.020, 0.000, 0.000,	770,   4, 774
0.030, 0.000, 0.000,	770,   8, 778
0.040, 0.000, 0.000,	770,  16, 786
0.050, 0.000, 0.000,	770,  16, 786
0.060, 0.000, 0.000,	770,  24, 794
0.070, 0.000, 0.000,	770,  28, 798
0.080, 0.000, 0.000,	770,  36, 806
0.090, 0.000, 0.000,	770,  40, 810
0.100, 0.000, 0.000,	770,  48, 818
0.110, 0.000, 0.000,	770,  56, 826
0.120, 0.000, 0.000,	770,  64, 834
0.130, 0.000, 0.000,	770,  72, 842
0.140, 0.000, 0.000,	770,  92, 862
0.150, 0.000, 0.000,	770,  92, 862
0.160, 0.000, 0.000,	770, 104, 874
0.170, 0.000, 0.000,	770, 120, 890
0.180, 0.000, 0.000,	770, 136, 906
0.190, 0.000, 0.000,	770, 136, 906
0.200, 0.000, 0.000,	770, 152, 922
0.010, 0.010, 0.000,	770,   0, 770
0.020, 0.010, 0.000,	770,   4, 774
0.030, 0.010, 0.000,	770,   8, 778
0.040, 0.010, 0.000,	770,  16, 786
0.050, 0.010, 0.000,	770,  16, 786
0.060, 0.010, 0.000,	770,  24, 794
0.070, 0.010, 0.000,	770,  28, 798
0.080, 0.010, 0.000,	770,  36, 806
0.090, 0.010, 0.000,	770,  40, 810
0.100, 0.010, 0.000,	770,  48, 818
0.110, 0.010, 0.000,	770,  56, 826
0.120, 0.010, 0.000,	770,  64, 834
0.130, 0.010, 0.000,	770,  72, 842
0.140, 0.010, 0.000,	770,  92, 862
0.150, 0.010, 0.000,	770,  92, 862
0.160, 0.010, 0.000,	770, 104, 874
0.170, 0.010, 0.000,	770, 120, 890
0.180, 0.010, 0.000,	770, 136, 906
0.190, 0.010, 0.000,	770, 136, 906
0.200, 0.010, 0.000,	770, 152, 922
0.020, 0.020, 0.000,	770,   8, 778
0.030, 0.020, 0.000,	770,  12, 782
0.040, 0.020, 0.000,	770,  20, 790
0.050, 0.020, 0.000,	770,  20, 790
0.060, 0.020, 0.000,	770,  28, 798
0.070, 0.020, 0.000,	770,  32, 802
0.080, 0.020, 0.000,	770,  40, 810
0.090, 0.020, 0.000,	770,  44, 814
0.100, 0.020, 0.000,	770,  52, 822
0.110, 0.020, 0.000,	770,  60, 830
0.120, 0.020, 0.000,	770,  68, 838
0.130, 0.020, 0.000,	770,  76, 846
0.140, 0.020, 0.000,	770,  96, 866
0.150, 0.020, 0.000,	770,  96, 866
0.160, 0.020, 0.000,	770, 108, 878
0.170, 0.020, 0.000,	770, 124, 894
0.180, 0.020, 0.000,	770, 140, 910
0.190, 0.020, 0.000,	770, 140, 910
0.200, 0.020, 0.000,	770, 156, 926
0.030, 0.030, 0.000,	770,  16, 786
0.040, 0.030, 0.000,	770,  24, 794
0.050, 0.030, 0.000,	770,  24, 794
0.060, 0.030, 0.000,	770,  32, 802
0.070, 0.030, 0.000,	770,  36, 806
0.080, 0.030, 0.000,	770,  44, 814
0.090, 0.030, 0.000,	770,  48, 818
0.100, 0.030, 0.000,	770,  56, 826
0.110, 0.030, 0.000,	770,  64, 834
0.120, 0.030, 0.000,	770,  72, 842
0.130, 0.030, 0.000,	770,  80, 850
0.140, 0.030, 0.000,	770, 100, 870
0.150, 0.030, 0.000,	770, 100, 870
0.160, 0.030, 0.000,	770, 112, 882
0.170, 0.030, 0.000,	770, 128, 898
0.180, 0.030, 0.000,	770, 144, 914
0.190, 0.030, 0.000,	770, 144, 914
0.200, 0.030, 0.000,	770, 160, 930
0.040, 0.040, 0.000,	770,  28, 798
0.050, 0.040, 0.000,	770,  28, 798
0.060, 0.040, 0.000,	770,  36, 806
0.070, 0.040, 0.000,	770,  40, 810
0.080, 0.040, 0.000,	770,  48, 818
0.090, 0.040, 0.000,	770,  52, 822
0.100, 0.040, 0.000,	770,  60, 830
0.110, 0.040, 0.000,	770,  68, 838
0.120, 0.040, 0.000,	770,  76, 846
0.130, 0.040, 0.000,	770,  84, 854
0.140, 0.040, 0.000,	770, 104, 874
0.150, 0.040, 0.000,	770, 104, 874
0.160, 0.040, 0.000,	770, 116, 886
0.170, 0.040, 0.000,	770, 132, 902
0.180, 0.040, 0.000,	770, 148, 918
0.190, 0.040, 0.000,	770, 148, 918
0.200, 0.040, 0.000,	770, 164, 934
0.050, 0.050, 0.000,	770,  28, 798
0.060, 0.050, 0.000,	770,  36, 806
0.070, 0.050, 0.000,	770,  40, 810
0.080, 0.050, 0.000,	770,  48, 818
0.090, 0.050, 0.000,	770,  52, 822
0.100, 0.050, 0.000,	770,  60, 830
0.110, 0.050, 0.000,	770,  68, 838
0.120, 0.050, 0.000,	770,  76, 846
0.130, 0.050, 0.000,	770,  84, 854
0.140, 0.050, 0.000,	770, 104, 874
0.150, 0.050, 0.000,	770, 104, 874
0.160, 0.050, 0.000,	770, 116, 886
0.170, 0.050, 0.000,	770, 132, 902
0.180, 0.050, 0.000,	770, 148, 918
0.190, 0.050, 0.000,	770, 148, 918
0.200, 0.050, 0.000,	770, 164, 934
0.060, 0.060, 0.000,	770,  44, 814
0.070, 0.060, 0.000,	770,  48, 818
0.080, 0.060, 0.000,	770,  56, 826
0.090, 0.060, 0.000,	770,  60, 830
0.100, 0.060, 0.000,	770,  68, 838
0.110, 0.060, 0.000,	770,  76, 846
0.120, 0.060, 0.000,	770,  84, 854
0.130, 0.060, 0.000,	770,  92, 862
0.140, 0.060, 0.000,	770, 112, 882
0.150, 0.060, 0.000,	770, 112, 882
0.160, 0.060, 0.000,	770, 124, 894
0.170, 0.060, 0.000,	770, 140, 910
0.180, 0.060, 0.000,	770, 156, 926
0.190, 0.060, 0.000,	770, 156, 926
0.200, 0.060, 0.000,	770, 172, 942
0.070, 0.070, 0.000,	770,  48, 818
0.080, 0.070, 0.000,	770,  56, 826
0.090, 0.070, 0.000,	770,  60, 830
0.100, 0.070, 0.000,	770,  68, 838
0.110, 0.070, 0.000,	770,  76, 846
0.120, 0.070, 0.000,	770,  84, 854
0.130, 0.070, 0.000,	770,  92, 862
0.140, 0.070, 0.000,	770, 112, 882
0.150, 0.070, 0.000,	770, 112, 882
0.160, 0.070, 0.000,	770, 124, 894
0.170, 0.070, 0.000,	770, 140, 910
0.180, 0.070, 0.000,	770, 156, 926
0.190, 0.070, 0.000,	770, 156, 926
0.200, 0.070, 0.000,	770, 172, 942
0.080, 0.080, 0.000,	770,  60, 830
0.090, 0.080, 0.000,	770,  64, 834
0.100, 0.080, 0.000,	770,  72, 842
0.110, 0.080, 0.000,	770,  80, 850
0.120, 0.080, 0.000,	770,  88, 858
0.130, 0.080, 0.000,	770,  96, 866
0.140, 0.080, 0.000,	770, 116, 886
0.150, 0.080, 0.000,	770, 116, 886
0.160, 0.080, 0.000,	770, 128, 898
0.170, 0.080, 0.000,	770, 144, 914
0.180, 0.080, 0.000,	770, 160, 930
0.190, 0.080, 0.000,	770, 160, 930
0.200, 0.080, 0.000,	770, 176, 946
0.090, 0.090, 0.000,	770,  68, 838
0.100, 0.090, 0.000,	770,  76, 846
0.110, 0.090, 0.000,	770,  84, 854
0.120, 0.090, 0.000,	770,  92, 862
0.130, 0.090, 0.000,	770, 100, 870
0.140, 0.090, 0.000,	770, 120, 890
0.150, 0.090, 0.000,	770, 120, 890
0.160, 0.090, 0.000,	770, 132, 902
0.170, 0.090, 0.000,	770, 148, 918
0.180, 0.090, 0.000,	770, 164, 934
0.190, 0.090, 0.000,	770, 164, 934
0.200, 0.090, 0.000,	770, 180, 950
0.100, 0.100, 0.000,	770,  84, 854
0.110, 0.100, 0.000,	770,  92, 862
0.120, 0.100, 0.000,	770, 100, 870
0.130, 0.100, 0.000,	770, 108, 878
0.140, 0.100, 0.000,	770, 128, 898
0.150, 0.100, 0.000,	770, 128, 898
0.160, 0.100, 0.000,	770, 140, 910
0.170, 0.100, 0.000,	770, 156, 926
0.180, 0.100, 0.000,	770, 172, 942
0.190, 0.100, 0.000,	770, 172, 942
0.200, 0.100, 0.000,	770, 188, 958
0.110, 0.110, 0.000,	770,  92, 862
0.120, 0.110, 0.000,	770, 100, 870
0.130, 0.110, 0.000,	770, 108, 878
0.140, 0.110, 0.000,	770, 128, 898
0.150, 0.110, 0.000,	770, 128, 898
0.160, 0.110, 0.000,	770, 140, 910
0.170, 0.110, 0.000,	770, 156, 926
0.180, 0.110, 0.000,	770, 172, 942
0.190, 0.110, 0.000,	770, 172, 942
0.200, 0.110, 0.000,	770, 188, 958
0.120, 0.120, 0.000,	770, 104, 874
0.130, 0.120, 0.000,	770, 112, 882
0.140, 0.120, 0.000,	770, 132, 902
0.150, 0.120, 0.000,	770, 132, 902
0.160, 0.120, 0.000,	770, 144, 914
0.170, 0.120, 0.000,	770, 160, 930
0.180, 0.120, 0.000,	770, 176, 946
0.190, 0.120, 0.000,	770, 176, 946
0.200, 0.120, 0.000,	770, 192, 962
0.130, 0.130, 0.000,	770, 120, 890
0.140, 0.130, 0.000,	770, 140, 910
0.150, 0.130, 0.000,	770, 140, 910
0.160, 0.130, 0.000,	770, 152, 922
0.170, 0.130, 0.000,	770, 168, 938
0.180, 0.130, 0.000,	770, 184, 954
0.190, 0.130, 0.000,	770, 184, 954
0.200, 0.130, 0.000,	770, 200, 970
0.140, 0.140, 0.000,	770, 148, 918
0.150, 0.140, 0.000,	770, 148, 918
0.160, 0.140, 0.000,	770, 160, 930
0.170, 0.140, 0.000,	770, 176, 946
0.180, 0.140, 0.000,	770, 192, 962
0.190, 0.140, 0.000,	770, 192, 962
0.200, 0.140, 0.000,	770, 208, 978
0.150, 0.150, 0.000,	770, 148, 918
0.160, 0.150, 0.000,	770, 160, 930
0.170, 0.150, 0.000,	770, 176, 946
0.180, 0.150, 0.000,	770, 192, 962
0.190, 0.150, 0.000,	770, 192, 962
0.200, 0.150, 0.000,	770, 208, 978
0.160, 0.160, 0.000,	770, 168, 938
0.170, 0.160, 0.000,	770, 184, 954
0.180, 0.160, 0.000,	770, 200, 970
0.190, 0.160, 0.000,	770, 200, 970
0.200, 0.160, 0.000,	770, 216, 986
0.170, 0.170, 0.000,	770, 192, 962
0.180, 0.170, 0.000,	770, 208, 978
0.190, 0.170, 0.000,	770, 208, 978
0.200, 0.170, 0.000,	770, 224, 994
0.180, 0.180, 0.000,	770, 216, 986
0.190, 0.180, 0.000,	770, 216, 986
0.200, 0.180, 0.000,	770, 232, 1002
0.190, 0.190, 0.000,	770, 216, 986
0.200, 0.190, 0.000,	770, 232, 1002
0.200, 0.200, 0.000,	770, 244, 1014
0.010, 0.010, 0.010,	770,   0, 770
0.020, 0.010, 0.010,	770,   4, 774
0.030, 0.010, 0.010,	770,   8, 778
0.040, 0.010, 0.010,	770,  16, 786
0.050, 0.010, 0.010,	770,  16, 786
0.060, 0.010, 0.010,	770,  24, 794
0.070, 0.010, 0.010,	770,  28, 798
0.080, 0.010, 0.010,	770,  36, 806
0.090, 0.010, 0.010,	770,  40, 810
0.100, 0.010, 0.010,	770,  48, 818
0.110, 0.010, 0.010,	770,  56, 826
0.120, 0.010, 0.010,	770,  64, 834
0.130, 0.010, 0.010,	770,  72, 842
0.140, 0.010, 0.010,	770,  92, 862
0.150, 0.010, 0.010,	770,  92, 862
0.160, 0.010, 0.010,	770, 104, 874
0.170, 0.010, 0.010,	770, 120, 890
0.180, 0.010, 0.010,	770, 136, 906
0.190, 0.010, 0.010,	770, 136, 906
0.200, 0.010, 0.010,	770, 152, 922
0.020, 0.020, 0.010,	770,   8, 778
0.030, 0.020, 0.010,	770,  12, 782
0.040, 0.020, 0.010,	770,  20, 790
0.050, 0.020, 0.010,	770,  20, 790
0.060, 0.020, 0.010,	770,  28, 798
0.070, 0.020, 0.010,	770,  32, 802
0.080, 0.020, 0.010,	770,  40, 810
0.090, 0.020, 0.010,	770,  44, 814
0.100, 0.020, 0.010,	770,  52, 822
0.110, 0.020, 0.010,	770,  60, 830
0.120, 0.020, 0.010,	770,  68, 838
0.130, 0.020, 0.010,	770,  76, 846
0.140, 0.020, 0.010,	770,  96, 866
0.150, 0.020, 0.010,	770,  96, 866
0.160, 0.020, 0.010,	770, 108, 878
0.170, 0.020, 0.010,	770, 124, 894
0.180, 0.020, 0.010,	770, 140, 910
0.190, 0.020, 0.010,	770, 140, 910
0.200, 0.020, 0.010,	770, 156, 926
0.030, 0.030, 0.010,	770,  16, 786
0.040, 0.030, 0.010,	770,  24, 794
0.050, 0.030, 0.010,	770,  24, 794
0.060, 0.030, 0.010,	770,  32, 802
0.070, 0.030, 0.010,	770,  36, 806
0.080, 0.030, 0.010,	770,  44, 814
0.090, 0.030, 0.010,	770,  48, 818
0.100, 0.030, 0.010,	770,  56, 826
0.110, 0.030, 0.010,	770,  64, 834
0.120, 0.030, 0.010,	770,  72, 842
0.130, 0.030, 0.010,	770,  80, 850
0.140, 0.030, 0.010,	770, 100, 870
0.150, 0.030, 0.010,	770, 100, 870
0.160, 0.030, 0.010,	770, 112, 882
0.170, 0.030, 0.010,	770, 128, 898
0.180, 0.030, 0.010,	770, 144, 914
0.190, 0.030, 0.010,	770, 144, 914
0.200, 0.030, 0.010,	770, 160, 930
0.040, 0.040, 0.010,	770,  28, 798
0.050, 0.040, 0.010,	770,  28, 798
0.060, 0.040, 0.010,	770,  36, 806
0.070, 0.040, 0.010,	770,  40, 810
0.080, 0.040, 0.010,	770,  48, 818
0.090, 0.040, 0.010,	770,  52, 822
0.100, 0.040, 0.010,	770,  60, 830
0.110, 0.040, 0.010,	770,  68, 838
0.120, 0.040, 0.010,	770,  76, 846
0.130, 0.040, 0.010,	770,  84, 854
0.140, 0.040, 0.010,	770, 104, 874
0.150, 0.040, 0.010,	770, 104, 874
0.160, 0.040, 0.010,	770, 116, 886
0.170, 0.040, 0.010,	770, 132, 902
0.180, 0.040, 0.010,	770, 148, 918
0.190, 0.040, 0.010,	770, 148, 918
0.200, 0.040, 0.010,	770, 164, 934
0.050, 0.050, 0.010,	770,  28, 798
0.060, 0.050, 0.010,	770,  36, 806
0.070, 0.050, 0.010,	770,  40, 810
0.080, 0.050, 0.010,	770,  48, 818
0.090, 0.050, 0.010,	770,  52, 822
0.100, 0.050, 0.010,	770,  60, 830
0.110, 0.050, 0.010,	770,  68, 838
0.120, 0.050, 0.010,	770,  76, 846
0.130, 0.050, 0.010,	770,  84, 854
0.140, 0.050, 0.010,	770, 104, 874
0.150, 0.050, 0.010,	770, 104, 874
0.160, 0.050, 0.010,	770, 116, 886
0.170, 0.050, 0.010,	770, 132, 902
0.180, 0.050, 0.010,	770, 148, 918
0.190, 0.050, 0.010,	770, 148, 918
0.200, 0.050, 0.010,	770, 164, 934
0.060, 0.060, 0.010,	770,  44, 814
0.070, 0.060, 0.010,	770,  48, 818
0.080, 0.060, 0.010,	770,  56, 826
0.090, 0.060, 0.010,	770,  60, 830
0.100, 0.060, 0.010,	770,  68, 838
0.110, 0.060, 0.010,	770,  76, 846
0.120, 0.060, 0.010,	770,  84, 854
0.130, 0.060, 0.010,	770,  92, 862
0.140, 0.060, 0.010,	770, 112, 882
0.150, 0.060, 0.010,	770, 112, 882
0.160, 0.060, 0.010,	770, 124, 894
0.170, 0.060, 0.010,	770, 140, 910
0.180, 0.060, 0.010,	770, 156, 926
0.190, 0.060, 0.010,	770, 156, 926
0.200, 0.060, 0.010,	770, 172, 942
0.070, 0.070, 0.010,	770,  48, 818
0.080, 0.070, 0.010,	770,  56, 826
0.090, 0.070, 0.010,	770,  60, 830
0.100, 0.070, 0.010,	770,  68, 838
0.110, 0.070, 0.010,	770,  76, 846
0.120, 0.070, 0.010,	770,  84, 854
0.130, 0.070, 0.010,	770,  92, 862
0.140, 0.070, 0.010,	770, 112, 882
0.150, 0.070, 0.010,	770, 112, 882
0.160, 0.070, 0.010,	770, 124, 894
0.170, 0.070, 0.010,	770, 140, 910
0.180, 0.070, 0.010,	770, 156, 926
0.190, 0.070, 0.010,	770, 156, 926
0.200, 0.070, 0.010,	770, 172, 942
0.080, 0.080, 0.010,	770,  60, 830
0.090, 0.080, 0.010,	770,  64, 834
0.100, 0.080, 0.010,	770,  72, 842
0.110, 0.080, 0.010,	770,  80, 850
0.120, 0.080, 0.010,	770,  88, 858
0.130, 0.080, 0.010,	770,  96, 866
0.140, 0.080, 0.010,	770, 116, 886
0.150, 0.080, 0.010,	770, 116, 886
0.160, 0.080, 0.010,	770, 128, 898
0.170, 0.080, 0.010,	770, 144, 914
0.180, 0.080, 0.010,	770, 160, 930
0.190, 0.080, 0.010,	770, 160, 930
0.200, 0.080, 0.010,	770, 176, 946
0.090, 0.090, 0.010,	770,  68, 838
0.100, 0.090, 0.010,	770,  76, 846
0.110, 0.090, 0.010,	770,  84, 854
0.120, 0.090, 0.010,	770,  92, 862
0.130, 0.090, 0.010,	770, 100, 870
0.140, 0.090, 0.010,	770, 120, 890
0.150, 0.090, 0.010,	770, 120, 890
0.160, 0.090, 0.010,	770, 132, 902
0.170, 0.090, 0.010,	770, 148, 918
0.180, 0.090, 0.010,	770, 164, 934
0.190, 0.090, 0.010,	770, 164, 934
0.200, 0.090, 0.010,	770, 180, 950
0.100, 0.100, 0.010,	770,  84, 854
0.110, 0.100, 0.010,	770,  92, 862
0.120, 0.100, 0.010,	770, 100, 870
0.130, 0.100, 0.010,	770, 108, 878
0.140, 0.100, 0.010,	770, 128, 898
0.150, 0.100, 0.010,	770, 128, 898
0.160, 0.100, 0.010,	770, 140, 910
0.170, 0.100, 0.010,	770, 156, 926
0.180, 0.100, 0.010,	770, 172, 942
0.190, 0.100, 0.010,	770, 172, 942
0.200, 0.100, 0.010,	770, 188, 958
0.110, 0.110, 0.010,	770,  92, 862
0.120, 0.110, 0.010,	770, 100, 870
0.130, 0.110, 0.010,	770, 108, 878
0.140, 0.110, 0.010,	770, 128, 898
0.150, 0.110, 0.010,	770, 128, 898
0.160, 0.110, 0.010,	770, 140, 910
0.170, 0.110, 0.010,	770, 156, 926
0.180, 0.110, 0.010,	770, 172, 942
0.190, 0.110, 0.010,	770, 172, 942
0.200, 0.110, 0.010,	770, 188, 958
0.120, 0.120, 0.010,	770, 104, 874
0.130, 0.120, 0.010,	770, 112, 882
0.140, 0.120, 0.010,	770, 132, 902
0.150, 0.120, 0.010,	770, 132, 902
0.160, 0.120, 0.010,	770, 144, 914
0.170, 0.120, 0.010,	770, 160, 930
0.180, 0.120, 0.010,	770, 176, 946
0.190, 0.120, 0.010,	770, 176, 946
0.200, 0.120, 0.010,	770, 192, 962
0.130, 0.130, 0.010,	770, 120, 890
0.140, 0.130, 0.010,	770, 140, 910
0.150, 0.130, 0.010,	770, 140, 910
0.160, 0.130, 0.010,	770, 152, 922
0.170, 0.130, 0.010,	770, 168, 938
0.180, 0.130, 0.010,	770, 184, 954
0.190, 0.130, 0.010,	770, 184, 954
0.200, 0.130, 0.010,	770, 200, 970
0.140, 0.140, 0.010,	770, 148, 918
0.150, 0.140, 0.010,	770, 148, 918
0.160, 0.140, 0.010,	770, 160, 930
0.170, 0.140, 0.010,	770, 176, 946
0.180, 0.140, 0.010,	770, 192, 962
0.190, 0.140, 0.010,	770, 192, 962
0.200, 0.140, 0.010,	770, 208, 978
0.150, 0.150, 0.010,	770, 148, 918
0.160, 0.150, 0.010,	770, 160, 930
0.170, 0.150, 0.010,	770, 176, 946
0.180, 0.150, 0.010,	770, 192, 962
0.190, 0.150, 0.010,	770, 192, 962
0.200, 0.150, 0.010,	770, 208, 978
0.160, 0.160, 0.010,	770, 168, 938
0.170, 0.160, 0.010,	770, 184, 954
0.180, 0.160, 0.010,	770, 200, 970
0.190, 0.160, 0.010,	770, 200, 970
0.200, 0.160, 0.010,	770, 216, 986
0.170, 0.170, 0.010,	770, 192, 962
0.180, 0.170, 0.010,	770, 208, 978
0.190, 0.170, 0.010,	770, 208, 978
0.200, 0.170, 0.010,	770, 224, 994
0.180, 0.180, 0.010,	770, 216, 986
0.190, 0.180, 0.010,	770, 216, 986
0.200, 0.180, 0.010,	770, 232, 1002
0.190, 0.190, 0.010,	770, 216, 986
0.200, 0.190, 0.010,	770, 232, 1002
0.200, 0.200, 0.010,	770, 244, 1014
0.020, 0.020, 0.020,	770,  24, 794
0.030, 0.020, 0.020,	770,  28, 798
0.040, 0.020, 0.020,	770,  36, 806
0.050, 0.020, 0.020,	770,  36, 806
0.060, 0.020, 0.020,	770,  44, 814
0.070, 0.020, 0.020,	770,  48, 818
0.080, 0.020, 0.020,	770,  56, 826
0.090, 0.020, 0.020,	770,  60, 830
0.100, 0.020, 0.020,	770,  68, 838
0.110, 0.020, 0.020,	770,  76, 846
0.120, 0.020, 0.020,	770,  84, 854
0.130, 0.020, 0.020,	770,  92, 862
0.140, 0.020, 0.020,	770, 112, 882
0.150, 0.020, 0.020,	770, 112, 882
0.160, 0.020, 0.020,	770, 124, 894
0.170, 0.020, 0.020,	770, 140, 910
0.180, 0.020, 0.020,	770, 156, 926
0.190, 0.020, 0.020,	770, 156, 926
0.200, 0.020, 0.020,	770, 172, 942
0.030, 0.030, 0.020,	770,  32, 802
0.040, 0.030, 0.020,	770,  40, 810
0.050, 0.030, 0.020,	770,  40, 810
0.060, 0.030, 0.020,	770,  48, 818
0.070, 0.030, 0.020,	770,  52, 822
0.080, 0.030, 0.020,	770,  60, 830
0.090, 0.030, 0.020,	770,  64, 834
0.100, 0.030, 0.020,	770,  72, 842
0.110, 0.030, 0.020,	770,  80, 850
0.120, 0.030, 0.020,	770,  88, 858
0.130, 0.030, 0.020,	770,  96, 866
0.140, 0.030, 0.020,	770, 116, 886
0.150, 0.030, 0.020,	770, 116, 886
0.160, 0.030, 0.020,	770, 128, 898
0.170, 0.030, 0.020,	770, 144, 914
0.180, 0.030, 0.020,	770, 160, 930
0.190, 0.030, 0.020,	770, 160, 930
0.200, 0.030, 0.020,	770, 176, 946
0.040, 0.040, 0.020,	770,  44, 814
0.050, 0.040, 0.020,	770,  44, 814
0.060, 0.040, 0.020,	770,  52, 822
0.070, 0.040, 0.020,	770,  56, 826
0.080, 0.040, 0.020,	770,  64, 834
0.090, 0.040, 0.020,	770,  68, 838
0.100, 0.040, 0.020,	770,  76, 846
0.110, 0.040, 0.020,	770,  84, 854
0.120, 0.040, 0.020,	770,  92, 862
0.130, 0.040, 0.020,	770, 100, 870
0.140, 0.040, 0.020,	770, 120, 890
0.150, 0.040, 0.020,	770, 120, 890
0.160, 0.040, 0.020,	770, 132, 902
0.170, 0.040, 0.020,	770, 148, 918
0.180, 0.040, 0.020,	770, 164, 934
0.190, 0.040, 0.020,	770, 164, 934
0.200, 0.040, 0.020,	770, 180, 950
0.050, 0.050, 0.020,	770,  44, 814
0.060, 0.050, 0.020,	770,  52, 822
0.070, 0.050, 0.020,	770,  56, 826
0.080, 0.050, 0.020,	770,  64, 834
0.090, 0.050, 0.020,	770,  68, 838
0.100, 0.050, 0.020,	770,  76, 846
0.110, 0.050, 0.020,	770,  84, 854
0.120, 0.050, 0.020,	770,  92, 862
0.130, 0.050, 0.020,	770, 100, 870
0.140, 0.050, 0.020,	770, 120, 890
0.150, 0.050, 0.020,	770, 120, 890
0.160, 0.050, 0.020,	770, 132, 902
0.170, 0.050, 0.020,	770, 148, 918
0.180, 0.050, 0.020,	770, 164, 934
0.190, 0.050, 0.020,	770, 164, 934
0.200, 0.050, 0.020,	770, 180, 950
0.060, 0.060, 0.020,	770,  60, 830
0.070, 0.060, 0.020,	770,  64, 834
0.080, 0.060, 0.020,	770,  72, 842
0.090, 0.060, 0.020,	770,  76, 846
0.100, 0.060, 0.020,	770,  84, 854
0.110, 0.060, 0.020,	770,  92, 862
0.120, 0.060, 0.020,	770, 100, 870
0.130, 0.060, 0.020,	770, 108, 878
0.140, 0.060, 0.020,	770, 128, 898
0.150, 0.060, 0.020,	770, 128, 898
0.160, 0.060, 0.020,	770, 140, 910
0.170, 0.060, 0.020,	770, 156, 926
0.180, 0.060, 0.020,	770, 172, 942
0.190, 0.060, 0.020,	770, 172, 942
0.200, 0.060, 0.020,	770, 188, 958
0.070, 0.070, 0.020,	770,  64, 834
0.080, 0.070, 0.020,	770,  72, 842
0.090, 0.070, 0.020,	770,  76, 846
0.100, 0.070, 0.020,	770,  84, 854
0.110, 0.070, 0.020,	770,  92, 862
0.120, 0.070, 0.020,	770, 100, 870
0.130, 0.070, 0.020,	770, 108, 878
0.140, 0.070, 0.020,	770, 128, 898
0.150, 0.070, 0.020,	770, 128, 898
0.160, 0.070, 0.020,	770, 140, 910
0.170, 0.070, 0.020,	770, 156, 926
0.180, 0.070, 0.020,	770, 172, 942
0.190, 0.070, 0.020,	770, 172, 942
0.200, 0.070, 0.020,	770, 188, 958
0.080, 0.080, 0.020,	770,  76, 846
0.090, 0.080, 0.020,	770,  80, 850
0.100, 0.080, 0.020,	770,  88, 858
0.110, 0.080, 0.020,	770,  96, 866
0.120, 0.080, 0.020,	770, 104, 874
0.130, 0.080, 0.020,	770, 112, 882
0.140, 0.080, 0.020,	770, 132, 902
0.150, 0.080, 0.020,	770, 132, 902
0.160, 0.080, 0.020,	770, 144, 914
0.170, 0.080, 0.020,	770, 160, 930
0.180, 0.080, 0.020,	770, 176, 946
0.190, 0.080, 0.020,	770, 176, 946
0.200, 0.080, 0.020,	770, 192, 962
0.090, 0.090, 0.020,	770,  84, 854
0.100, 0.090, 0.020,	770,  92, 862
0.110, 0.090, 0.020,	770, 100, 870
0.120, 0.090, 0.020,	770, 108, 878
0.130, 0.090, 0.020,	770, 116, 886
0.140, 0.090, 0.020,	770, 136, 906
0.150, 0.090, 0.020,	770, 136, 906
0.160, 0.090, 0.020,	770, 148, 918
0.170, 0.090, 0.020,	770, 164, 934
0.180, 0.090, 0.020,	770, 180, 950
0.190, 0.090, 0.020,	770, 180, 950
0.200, 0.090, 0.020,	770, 196, 966
0.100, 0.100, 0.020,	770, 100, 870
0.110, 0.100, 0.020,	770, 108, 878
0.120, 0.100, 0.020,	770, 116, 886
0.130, 0.100, 0.020,	770, 124, 894
0.140, 0.100, 0.020,	770, 144, 914
0.150, 0.100, 0.020,	770, 144, 914
0.160, 0.100, 0.020,	770, 156, 926
0.170, 0.100, 0.020,	770, 172, 942
0.180, 0.100, 0.020,	770, 188, 958
0.190, 0.100, 0.020,	770, 188, 958
0.200, 0.100, 0.020,	770, 204, 974
0.110, 0.110, 0.020,	770, 108, 878
0.120, 0.110, 0.020,	770, 116, 886
0.130, 0.110, 0.020,	770, 124, 894
0.140, 0.110, 0.020,	770, 144, 914
0.150, 0.110, 0.020,	770, 144, 914
0.160, 0.110, 0.020,	770, 156, 926
0.170, 0.110, 0.020,	770, 172, 942
0.180, 0.110, 0.020,	770, 188, 958
0.190, 0.110, 0.020,	770, 188, 958
0.200, 0.110, 0.020,	770, 204, 974
0.120, 0.120, 0.020,	770, 120, 890
0.130, 0.120, 0.020,	770, 128, 898
0.140, 0.120, 0.020,	770, 148, 918
0.150, 0.120, 0.020,	770, 148, 918
0.160, 0.120, 0.020,	770, 160, 930
0.170, 0.120, 0.020,	770, 176, 946
0.180, 0.120, 0.020,	770, 192, 962
0.190, 0.120, 0.020,	770, 192, 962
0.200, 0.120, 0.020,	770, 208, 978
0.130, 0.130, 0.020,	770, 136, 906
0.140, 0.130, 0.020,	770, 156, 926
0.150, 0.130, 0.020,	770, 156, 926
0.160, 0.130, 0.020,	770, 168, 938
0.170, 0.130, 0.020,	770, 184, 954
0.180, 0.130, 0.020,	770, 200, 970
0.190, 0.130, 0.020,	770, 200, 970
0.200, 0.130, 0.020,	770, 216, 986
0.140, 0.140, 0.020,	770, 164, 934
0.150, 0.140, 0.020,	770, 164, 934
0.160, 0.140, 0.020,	770, 176, 946
0.170, 0.140, 0.020,	770, 192, 962
0.180, 0.140, 0.020,	770, 208, 978
0.190, 0.140, 0.020,	770, 208, 978
0.200, 0.140, 0.020,	770, 224, 994
0.150, 0.150, 0.020,	770, 164, 934
0.160, 0.150, 0.020,	770, 176, 946
0.170, 0.150, 0.020,	770, 192, 962
0.180, 0.150, 0.020,	770, 208, 978
0.190, 0.150, 0.020,	770, 208, 978
0.200, 0.150, 0.020,	770, 224, 994
0.160, 0.160, 0.020,	770, 184, 954
0.170, 0.160, 0.020,	770, 200, 970
0.180, 0.160, 0.020,	770, 216, 986
0.190, 0.160, 0.020,	770, 216, 986
0.200, 0.160, 0.020,	770, 232, 1002
0.170, 0.170, 0.020,	770, 208, 978
0.180, 0.170, 0.020,	770, 224, 994
0.190, 0.170, 0.020,	770, 224, 994
0.200, 0.170, 0.020,	770, 240, 1010
0.180, 0.180, 0.020,	770, 232, 1002
0.190, 0.180, 0.020,	770, 232, 1002
0.200, 0.180, 0.020,	770, 248, 1018
0.190, 0.190, 0.020,	770, 232, 1002
0.200, 0.190, 0.020,	770, 248, 1018
0.200, 0.200, 0.020,	770, 260, 1030
0.030, 0.030, 0.030,	770,  48, 818
0.040, 0.030, 0.030,	770,  56, 826
0.050, 0.030, 0.030,	770,  56, 826
0.060, 0.030, 0.030,	770,  64, 834
0.070, 0.030, 0.030,	770,  68, 838
0.080, 0.030, 0.030,	770,  76, 846
0.090, 0.030, 0.030,	770,  80, 850
0.100, 0.030, 0.030,	770,  88, 858
0.110, 0.030, 0.030,	770,  96, 866
0.120, 0.030, 0.030,	770, 104, 874
0.130, 0.030, 0.030,	770, 112, 882
0.140, 0.030, 0.030,	770, 132, 902
0.150, 0.030, 0.030,	770, 132, 902
0.160, 0.030, 0.030,	770, 144, 914
0.170, 0.030, 0.030,	770, 160, 930
0.180, 0.030, 0.030,	770, 176, 946
0.190, 0.030, 0.030,	770, 176, 946
0.200, 0.030, 0.030,	770, 192, 962
0.040, 0.040, 0.030,	770,  60, 830
0.050, 0.040, 0.030,	770,  60, 830
0.060, 0.040, 0.030,	770,  68, 838
0.070, 0.040, 0.030,	770,  72, 842
0.080, 0.040, 0.030,	770,  80, 850
0.090, 0.040, 0.030,	770,  84, 854
0.100, 0.040, 0.030,	770,  92, 862
0.110, 0.040, 0.030,	770, 100, 870
0.120, 0.040, 0.030,	770, 108, 878
0.130, 0.040, 0.030,	770, 116, 886
0.140, 0.040, 0.030,	770, 136, 906
0.150, 0.040, 0.030,	770, 136, 906
0.160, 0.040, 0.030,	770, 148, 918
0.170, 0.040, 0.030,	770, 164, 934
0.180, 0.040, 0.030,	770, 180, 950
0.190, 0.040, 0.030,	770, 180, 950
0.200, 0.040, 0.030,	770, 196, 966
0.050, 0.050, 0.030,	770,  60, 830
0.060, 0.050, 0.030,	770,  68, 838
0.070, 0.050, 0.030,	770,  72, 842
0.080, 0.050, 0.030,	770,  80, 850
0.090, 0.050, 0.030,	770,  84, 854
0.100, 0.050, 0.030,	770,  92, 862
0.110, 0.050, 0.030,	770, 100, 870
0.120, 0.050, 0.030,	770, 108, 878
0.130, 0.050, 0.030,	770, 116, 886
0.140, 0.050, 0.030,	770, 136, 906
0.150, 0.050, 0.030,	770, 136, 906
0.160, 0.050, 0.030,	770, 148, 918
0.170, 0.050, 0.030,	770, 164, 934
0.180, 0.050, 0.030,	770, 180, 950
0.190, 0.050, 0.030,	770, 180, 950
0.200, 0.050, 0.030,	770, 196, 966
0.060, 0.060, 0.030,	770,  76, 846
0.070, 0.060, 0.030,	770,  80, 850
0.080, 0.060, 0.030,	770,  88, 858
0.090, 0.060, 0.030,	770,  92, 862
0.100, 0.060, 0.030,	770, 100, 870
0.110, 0.060, 0.030,	770, 108, 878
0.120, 0.060, 0.030,	770, 116, 886
0.130, 0.060, 0.030,	770, 124, 894
0.140, 0.060, 0.030,	770, 144, 914
0.150, 0.060, 0.030,	770, 144, 914
0.160, 0.060, 0.030,	770, 156, 926
0.170, 0.060, 0.030,	770, 172, 942
0.180, 0.060, 0.030,	770, 188, 958
0.190, 0.060, 0.030,	770, 188, 958
0.200, 0.060, 0.030,	770, 204, 974
0.070, 0.070, 0.030,	770,  80, 850
0.080, 0.070, 0.030,	770,  88, 858
0.090, 0.070, 0.030,	770,  92, 862
0.100, 0.070, 0.030,	770, 100, 870
0.110, 0.070, 0.030,	770, 108, 878
0.120, 0.070, 0.030,	770, 116, 886
0.130, 0.070, 0.030,	770, 124, 894
0.140, 0.070, 0.030,	770, 144, 914
0.150, 0.070, 0.030,	770, 144, 914
0.160, 0.070, 0.030,	770, 156, 926
0.170, 0.070, 0.030,	770, 172, 942
0.180, 0.070, 0.030,	770, 188, 958
0.190, 0.070, 0.030,	770, 188, 958
0.200, 0.070, 0.030,	770, 204, 974
0.080, 0.080, 0.030,	770,  92, 862
0.090, 0.080, 0.030,	770,  96, 866
0.100, 0.080, 0.030,	770, 104, 874
0.110, 0.080, 0.030,	770, 112, 882
0.120, 0.080, 0.030,	770, 120, 890
0.130, 0.080, 0.030,	770, 128, 898
0.140, 0.080, 0.030,	770, 148, 918
0.150, 0.080, 0.030,	770, 148, 918
0.160, 0.080, 0.030,	770, 160, 930
0.170, 0.080, 0.030,	770, 176, 946
0.180, 0.080, 0.030,	770, 192, 962
0.190, 0.080, 0.030,	770, 192, 962
0.200, 0.080, 0.030,	770, 208, 978
0.090, 0.090, 0.030,	770, 100, 870
0.100, 0.090, 0.030,	770, 108, 878
0.110, 0.090, 0.030,	770, 116, 886
0.120, 0.090, 0.030,	770, 124, 894
0.130, 0.090, 0.030,	770, 132, 902
0.140, 0.090, 0.030,	770, 152, 922
0.150, 0.090, 0.030,	770, 152, 922
0.160, 0.090, 0.030,	770, 164, 934
0.170, 0.090, 0.030,	770, 180, 950
0.180, 0.090, 0.030,	770, 196, 966
0.190, 0.090, 0.030,	770, 196, 966
0.200, 0.090, 0.030,	770, 212, 982
0.100, 0.100, 0.030,	770, 116, 886
0.110, 0.100, 0.030,	770, 124, 894
0.120, 0.100, 0.030,	770, 132, 902
0.130, 0.100, 0.030,	770, 140, 910
0.140, 0.100, 0.030,	770, 160, 930
0.150, 0.100, 0.030,	770, 160, 930
0.160, 0.100, 0.030,	770, 172, 942
0.170, 0.100, 0.030,	770, 188, 958
0.180, 0.100, 0.030,	770, 204, 974
0.190, 0.100, 0.030,	770, 204, 974
0.200, 0.100, 0.030,	770, 220, 990
0.110, 0.110, 0.030,	770, 124, 894
0.120, 0.110, 0.030,	770, 132, 902
0.130, 0.110, 0.030,	770, 140, 910
0.140, 0.110, 0.030,	770, 160, 930
0.150, 0.110, 0.030,	770, 160, 930
0.160, 0.110, 0.030,	770, 172, 942
0.170, 0.110, 0.030,	770, 188, 958
0.180, 0.110, 0.030,	770, 204, 974
0.190, 0.110, 0.030,	770, 204, 974
0.200, 0.110, 0.030,	770, 220, 990
0.120, 0.120, 0.030,	770, 136, 906
0.130, 0.120, 0.030,	770, 144, 914
0.140, 0.120, 0.030,	770, 164, 934
0.150, 0.120, 0.030,	770, 164, 934
0.160, 0.120, 0.030,	770, 176, 946
0.170, 0.120, 0.030,	770, 192, 962
0.180, 0.120, 0.030,	770, 208, 978
0.190, 0.120, 0.030,	770, 208, 978
0.200, 0.120, 0.030,	770, 224, 994
0.130, 0.130, 0.030,	770, 152, 922
0.140, 0.130, 0.030,	770, 172, 942
0.150, 0.130, 0.030,	770, 172, 942
0.160, 0.130, 0.030,	770, 184, 954
0.170, 0.130, 0.030,	770, 200, 970
0.180, 0.130, 0.030,	770, 216, 986
0.190, 0.130, 0.030,	770, 216, 986
0.200, 0.130, 0.030,	770, 232, 1002
0.140, 0.140, 0.030,	770, 180, 950
0.150, 0.140, 0.030,	770, 180, 950
0.160, 0.140, 0.030,	770, 192, 962
0.170, 0.140, 0.030,	770, 208, 978
0.180, 0.140, 0.030,	770, 224, 994
0.190, 0.140, 0.030,	770, 224, 994
0.200, 0.140, 0.030,	770, 240, 1010
0.150, 0.150, 0.030,	770, 180, 950
0.160, 0.150, 0.030,	770, 192, 962
0.170, 0.150, 0.030,	770, 208, 978
0.180, 0.150, 0.030,	770, 224, 994
0.190, 0.150, 0.030,	770, 224, 994
0.200, 0.150, 0.030,	770, 240, 1010
0.160, 0.160, 0.030,	770, 200, 970
0.170, 0.160, 0.030,	770, 216, 986
0.180, 0.160, 0.030,	770, 232, 1002
0.190, 0.160, 0.030,	770, 232, 1002
0.200, 0.160, 0.030,	770, 248, 1018
0.170, 0.170, 0.030,	770, 224, 994
0.180, 0.170, 0.030,	770, 240, 1010
0.190, 0.170, 0.030,	770, 240, 1010
0.200, 0.170, 0.030,	770, 256, 1026
0.180, 0.180, 0.030,	770, 248, 1018
0.190, 0.180, 0.030,	770, 248, 1018
0.200, 0.180, 0.030,	770, 264, 1034
0.190, 0.190, 0.030,	770, 248, 1018
0.200, 0.190, 0.030,	770, 264, 1034
0.200, 0.200, 0.030,	770, 276, 1046
0.040, 0.040, 0.040,	770,  92, 862
0.050, 0.040, 0.040,	770,  92, 862
0.060, 0.040, 0.040,	770, 100, 870
0.070, 0.040, 0.040,	770, 104, 874
0.080, 0.040, 0.040,	770, 112, 882
0.090, 0.040, 0.040,	770, 116, 886
0.100, 0.040, 0.040,	770, 124, 894
0.110, 0.040, 0.040,	770, 132, 902
0.120, 0.040, 0.040,	770, 140, 910
0.130, 0.040, 0.040,	770, 148, 918
0.140, 0.040, 0.040,	770, 168, 938
0.150, 0.040, 0.040,	770, 168, 938
0.160, 0.040, 0.040,	770, 180, 950
0.170, 0.040, 0.040,	770, 196, 966
0.180, 0.040, 0.040,	770, 212, 982
0.190, 0.040, 0.040,	770, 212, 982
0.200, 0.040, 0.040,	770, 228, 998
0.050, 0.050, 0.040,	770,  92, 862
0.060, 0.050, 0.040,	770, 100, 870
0.070, 0.050, 0.040,	770, 104, 874
0.080, 0.050, 0.040,	770, 112, 882
0.090, 0.050, 0.040,	770, 116, 886
0.100, 0.050, 0.040,	770, 124, 894
0.110, 0.050, 0.040,	770, 132, 902
0.120, 0.050, 0.040,	770, 140, 910
0.130, 0.050, 0.040,	770, 148, 918
0.140, 0.050, 0.040,	770, 168, 938
0.150, 0.050, 0.040,	770, 168, 938
0.160, 0.050, 0.040,	770, 180, 950
0.170, 0.050, 0.040,	770, 196, 966
0.180, 0.050, 0.040,	770, 212, 982
0.190, 0.050, 0.040,	770, 212, 982
0.200, 0.050, 0.040,	770, 228, 998
0.060, 0.060, 0.040,	770, 108, 878
0.070, 0.060, 0.040,	770, 112, 882
0.080, 0.060, 0.040,	770, 120, 890
0.090, 0.060, 0.040,	770, 124, 894
0.100, 0.060, 0.040,	770, 132, 902
0.110, 0.060, 0.040,	770, 140, 910
0.120, 0.060, 0.040,	770, 148, 918
0.130, 0.060, 0.040,	770, 156, 926
0.140, 0.060, 0.040,	770, 176, 946
0.150, 0.060, 0.040,	770, 176, 946
0.160, 0.060, 0.040,	770, 188, 958
0.170, 0.060, 0.040,	770, 204, 974
0.180, 0.060, 0.040,	770, 220, 990
0.190, 0.060, 0.040,	770, 220, 990
0.200, 0.060, 0.040,	770, 236, 1006
0.070, 0.070, 0.040,	770, 112, 882
0.080, 0.070, 0.040,	770, 120, 890
0.090, 0.070, 0.040,	770, 124, 894
0.100, 0.070, 0.040,	770, 132, 902
0.110, 0.070, 0.040,	770, 140, 910
0.120, 0.070, 0.040,	770, 148, 918
0.130, 0.070, 0.040,	770, 156, 926
0.140, 0.070, 0.040,	770, 176, 946
0.150, 0.070, 0.040,	770, 176, 946
0.160, 0.070, 0.040,	770, 188, 958
0.170, 0.070, 0.040,	770, 204, 974
0.180, 0.070, 0.040,	770, 220, 990
0.190, 0.070, 0.040,	770, 220, 990
0.200, 0.070, 0.040,	770, 236, 1006
0.080, 0.080, 0.040,	770, 124, 894
0.090, 0.080, 0.040,	770, 128, 898
0.100, 0.080, 0.040,	770, 136, 906
0.110, 0.080, 0.040,	770, 144, 914
0.120, 0.080, 0.040,	770, 152, 922
0.130, 0.080, 0.040,	770, 160, 930
0.140, 0.080, 0.040,	770, 180, 950
0.150, 0.080, 0.040,	770, 180, 950
0.160, 0.080, 0.040,	770, 192, 962
0.170, 0.080, 0.040,	770, 208, 978
0.180, 0.080, 0.040,	770, 224, 994
0.190, 0.080, 0.040,	770, 224, 994
0.200, 0.080, 0.040,	770, 240, 1010
0.090, 0.090, 0.040,	770, 132, 902
0.100, 0.090, 0.040,	770, 140, 910
0.110, 0.090, 0.040,	770, 148, 918
0.120, 0.090, 0.040,	770, 156, 926
0.130, 0.090, 0.040,	770, 164, 934
0.140, 0.090, 0.040,	770, 184, 954
0.150, 0.090, 0.040,	770, 184, 954
0.160, 0.090, 0.040,	770, 196, 966
0.170, 0.090, 0.040,	770, 212, 982
0.180, 0.090, 0.040,	770, 228, 998
0.190, 0.090, 0.040,	770, 228, 998
0.200, 0.090, 0.040,	770, 244, 1014
0.100, 0.100, 0.040,	770, 148, 918
0.110, 0.100, 0.040,	770, 156, 926
0.120, 0.100, 0.040,	770, 164, 934
0.130, 0.100, 0.040,	770, 172, 942
0.140, 0.100, 0.040,	770, 192, 962
0.150, 0.100, 0.040,	770, 192, 962
0.160, 0.100, 0.040,	770, 204, 974
0.170, 0.100, 0.040,	770, 220, 990
0.180, 0.100, 0.040,	770, 236, 1006
0.190, 0.100, 0.040,	770, 236, 1006
0.200, 0.100, 0.040,	770, 252, 1022
0.110, 0.110, 0.040,	770, 156, 926
0.120, 0.110, 0.040,	770, 164, 934
0.130, 0.110, 0.040,	770, 172, 942
0.140, 0.110, 0.040,	770, 192, 962
0.150, 0.110, 0.040,	770, 192, 962
0.160, 0.110, 0.040,	770, 204, 974
0.170, 0.110, 0.040,	770, 220, 990
0.180, 0.110, 0.040,	770, 236, 1006
0.190, 0.110, 0.040,	770, 236, 1006
0.200, 0.110, 0.040,	770, 252, 1022
0.120, 0.120, 0.040,	770, 168, 938
0.130, 0.120, 0.040,	770, 176, 946
0.140, 0.120, 0.040,	770, 196, 966
0.150, 0.120, 0.040,	770, 196, 966
0.160, 0.120, 0.040,	770, 208, 978
0.170, 0.120, 0.040,	770, 224, 994
0.180, 0.120, 0.040,	770, 240, 1010
0.190, 0.120, 0.040,	770, 240, 1010
0.200, 0.120, 0.040,	770, 256, 1026
0.130, 0.130, 0.040,	770, 184, 954
0.140, 0.130, 0.040,	770, 204, 974
0.150, 0.130, 0.040,	770, 204, 974
0.160, 0.130, 0.040,	770, 216, 986
0.170, 0.130, 0.040,	770, 232, 1002
0.180, 0.130, 0.040,	770, 248, 1018
0.190, 0.130, 0.040,	770, 248, 1018
0.200, 0.130, 0.040,	770, 264, 1034
0.140, 0.140, 0.040,	770, 212, 982
0.150, 0.140, 0.040,	770, 212, 982
0.160, 0.140, 0.040,	770, 224, 994
0.170, 0.140, 0.040,	770, 240, 1010
0.180, 0.140, 0.040,	770, 256, 1026
0.190, 0.140, 0.040,	770, 256, 1026
0.200, 0.140, 0.040,	770, 272, 1042
0.150, 0.150, 0.040,	770, 212, 982
0.160, 0.150, 0.040,	770, 224, 994
0.170, 0.150, 0.040,	770, 240, 1010
0.180, 0.150, 0.040,	770, 256, 1026
0.190, 0.150, 0.040,	770, 256, 1026
0.200, 0.150, 0.040,	770, 272, 1042
0.160, 0.160, 0.040,	770, 232, 1002
0.170, 0.160, 0.040,	770, 248, 1018
0.180, 0.160, 0.040,	770, 264, 1034
0.190, 0.160, 0.040,	770, 264, 1034
0.200, 0.160, 0.040,	770, 280, 1050
0.170, 0.170, 0.040,	770, 256, 1026
0.180, 0.170, 0.040,	770, 272, 1042
0.190, 0.170, 0.040,	770, 272, 1042
0.200, 0.170, 0.040,	770, 288, 1058
0.180, 0.180, 0.040,	770, 280, 1050
0.190, 0.180, 0.040,	770, 280, 1050
0.200, 0.180, 0.040,	770, 296, 1066
0.190, 0.190, 0.040,	770, 280, 1050
0.200, 0.190, 0.040,	770, 296, 1066
0.200, 0.200, 0.040,	770, 308, 1078
0.050, 0.050, 0.050,	770,  92, 862
0.060, 0.050, 0.050,	770, 100, 870
0.070, 0.050, 0.050,	770, 104, 874
0.080, 0.050, 0.050,	770, 112, 882
0.090, 0.050, 0.050,	770, 116, 886
0.100, 0.050, 0.050,	770, 124, 894
0.110, 0.050, 0.050,	770, 132, 902
0.120, 0.050, 0.050,	770, 140, 910
0.130, 0.050, 0.050,	770, 148, 918
0.140, 0.050, 0.050,	770, 168, 938
0.150, 0.050, 0.050,	770, 168, 938
0.160, 0.050, 0.050,	770, 180, 950
0.170, 0.050, 0.050,	770, 196, 966
0.180, 0.050, 0.050,	770, 212, 982
0.190, 0.050, 0.050,	770, 212, 982
0.200, 0.050, 0.050,	770, 228, 998
0.060, 0.060, 0.050,	770, 108, 878
0.070, 0.060, 0.050,	770, 112, 882
0.080, 0.060, 0.050,	770, 120, 890
0.090, 0.060, 0.050,	770, 124, 894
0.100, 0.060, 0.050,	770, 132, 902
0.110, 0.060, 0.050,	770, 140, 910
0.120, 0.060, 0.050,	770, 148, 918
0.130, 0.060, 0.050,	770, 156, 926
0.140, 0.060, 0.050,	770, 176, 946
0.150, 0.060, 0.050,	770, 176, 946
0.160, 0.060, 0.050,	770, 188, 958
0.170, 0.060, 0.050,	770, 204, 974
0.180, 0.060, 0.050,	770, 220, 990
0.190, 0.060, 0.050,	770, 220, 990
0.200, 0.060, 0.050,	770, 236, 1006
0.070, 0.070, 0.050,	770, 112, 882
0.080, 0.070, 0.050,	770, 120, 890
0.090, 0.070, 0.050,	770, 124, 894
0.100, 0.070, 0.050,	770, 132, 902
0.110, 0.070, 0.050,	770, 140, 910
0.120, 0.070, 0.050,	770, 148, 918
0.130, 0.070, 0.050,	770, 156, 926
0.140, 0.070, 0.050,	770, 176, 946
0.150, 0.070, 0.050,	770, 176, 946
0.160, 0.070, 0.050,	770, 188, 958
0.170, 0.070, 0.050,	770, 204, 974
0.180, 0.070, 0.050,	770, 220, 990
0.190, 0.070, 0.050,	770, 220, 990
0.200, 0.070, 0.050,	770, 236, 1006
0.080, 0.080, 0.050,	770, 124, 894
0.090, 0.080, 0.050,	770, 128, 898
0.100, 0.080, 0.050,	770, 136, 906
0.110, 0.080, 0.050,	770, 144, 914
0.120, 0.080, 0.050,	770, 152, 922
0.130, 0.080, 0.050,	770, 160, 930
0.140, 0.080, 0.050,	770, 180, 950
0.150, 0.080, 0.050,	770, 180, 950
0.160, 0.080, 0.050,	770, 192, 962
0.170, 0.080, 0.050,	770, 208, 978
0.180, 0.080, 0.050,	770, 224, 994
0.190, 0.080, 0.050,	770, 224, 994
0.200, 0.080, 0.050,	770, 240, 1010
0.090, 0.090, 0.050,	770, 132, 902
0.100, 0.090, 0.050,	770, 140, 910
0.110, 0.090, 0.050,	770, 148, 918
0.120, 0.090, 0.050,	770, 156, 926
0.130, 0.090, 0.050,	770, 164, 934
0.140, 0.090, 0.050,	770, 184, 954
0.150, 0.090, 0.050,	770, 184, 954
0.160, 0.090, 0.050,	770, 196, 966
0.170, 0.090, 0.050,	770, 212, 982
0.180, 0.090, 0.050,	770, 228, 998
0.190, 0.090, 0.050,	770, 228, 998
0.200, 0.090, 0.050,	770, 244, 1014
0.100, 0.100, 0.050,	770, 148, 918
0.110, 0.100, 0.050,	770, 156, 926
0.120, 0.100, 0.050,	770, 164, 934
0.130, 0.100, 0.050,	770, 172, 942
0.140, 0.100, 0.050,	770, 192, 962
0.150, 0.100, 0.050,	770, 192, 962
0.160, 0.100, 0.050,	770, 204, 974
0.170, 0.100, 0.050,	770, 220, 990
0.180, 0.100, 0.050,	770, 236, 1006
0.190, 0.100, 0.050,	770, 236, 1006
0.200, 0.100, 0.050,	770, 252, 1022
0.110, 0.110, 0.050,	770, 156, 926
0.120, 0.110, 0.050,	770, 164, 934
0.130, 0.110, 0.050,	770, 172, 942
0.140, 0.110, 0.050,	770, 192, 962
0.150, 0.110, 0.050,	770, 192, 962
0.160, 0.110, 0.050,	770, 204, 974
0.170, 0.110, 0.050,	770, 220, 990
0.180, 0.110, 0.050,	770, 236, 1006
0.190, 0.110, 0.050,	770, 236, 1006
0.200, 0.110, 0.050,	770, 252, 1022
0.120, 0.120, 0.050,	770, 168, 938
0.130, 0.120, 0.050,	770, 176, 946
0.140, 0.120, 0.050,	770, 196, 966
0.150, 0.120, 0.050,	770, 196, 966
0.160, 0.120, 0.050,	770, 208, 978
0.170, 0.120, 0.050,	770, 224, 994
0.180, 0.120, 0.050,	770, 240, 1010
0.190, 0.120, 0.050,	770, 240, 1010
0.200, 0.120, 0.050,	770, 256, 1026
0.130, 0.130, 0.050,	770, 184, 954
0.140, 0.130, 0.050,	770, 204, 974
0.150, 0.130, 0.050,	770, 204, 974
0.160, 0.130, 0.050,	770, 216, 986
0.170, 0.130, 0.050,	770, 232, 1002
0.180, 0.130, 0.050,	770, 248, 1018
0.190, 0.130, 0.050,	770, 248, 1018
0.200, 0.130, 0.050,	770, 264, 1034
0.140, 0.140, 0.050,	770, 212, 982
0.150, 0.140, 0.050,	770, 212, 982
0.160, 0.140, 0.050,	770, 224, 994
0.170, 0.140, 0.050,	770, 240, 1010
0.180, 0.140, 0.050,	770, 256, 1026
0.190, 0.140, 0.050,	770, 256, 1026
0.200, 0.140, 0.050,	770, 272, 1042
0.150, 0.150, 0.050,	770, 212, 982
0.160, 0.150, 0.050,	770, 224, 994
0.170, 0.150, 0.050,	770, 240, 1010
0.180, 0.150, 0.050,	770, 256, 1026
0.190, 0.150, 0.050,	770, 256, 1026
0.200, 0.150, 0.050,	770, 272, 1042
0.160, 0.160, 0.050,	770, 232, 1002
0.170, 0.160, 0.050,	770, 248, 1018
0.180, 0.160, 0.050,	770, 264, 1034
0.190, 0.160, 0.050,	770, 264, 1034
0.200, 0.160, 0.050,	770, 280, 1050
0.170, 0.170, 0.050,	770, 256, 1026
0.180, 0.170, 0.050,	770, 272, 1042
0.190, 0.170, 0.050,	770, 272, 1042
0.200, 0.170, 0.050,	770, 288, 1058
0.180, 0.180, 0.050,	770, 280, 1050
0.190, 0.180, 0.050,	770, 280, 1050
0.200, 0.180, 0.050,	770, 296, 1066
0.190, 0.190, 0.050,	770, 280, 1050
0.200, 0.190, 0.050,	770, 296, 1066
0.200, 0.200, 0.050,	770, 308, 1078
0.060, 0.060, 0.060,	770, 140, 910
0.070, 0.060, 0.060,	770, 144, 914
0.080, 0.060, 0.060,	770, 152, 922
0.090, 0.060, 0.060,	770, 156, 926
0.100, 0.060, 0.060,	770, 164, 934
0.110, 0.060, 0.060,	770, 172, 942
0.120, 0.060, 0.060,	770, 180, 950
0.130, 0.060, 0.060,	770, 188, 958
0.140, 0.060, 0.060,	770, 208, 978
0.150, 0.060, 0.060,	770, 208, 978
0.160, 0.060, 0.060,	770, 220, 990
0.170, 0.060, 0.060,	770, 236, 1006
0.180, 0.060, 0.060,	770, 252, 1022
0.190, 0.060, 0.060,	770, 252, 1022
0.200, 0.060, 0.060,	770, 268, 1038
0.070, 0.070, 0.060,	770, 144, 914
0.080, 0.070, 0.060,	770, 152, 922
0.090, 0.070, 0.060,	770, 156, 926
0.100, 0.070, 0.060,	770, 164, 934
0.110, 0.070, 0.060,	770, 172, 942
0.120, 0.070, 0.060,	770, 180, 950
0.130, 0.070, 0.060,	770, 188, 958
0.140, 0.070, 0.060,	770, 208, 978
0.150, 0.070, 0.060,	770, 208, 978
0.160, 0.070, 0.060,	770, 220, 990
0.170, 0.070, 0.060,	770, 236, 1006
0.180, 0.070, 0.060,	770, 252, 1022
0.190, 0.070, 0.060,	770, 252, 1022
0.200, 0.070, 0.060,	770, 268, 1038
0.080, 0.080, 0.060,	770, 156, 926
0.090, 0.080, 0.060,	770, 160, 930
0.100, 0.080, 0.060,	770, 168, 938
0.110, 0.080, 0.060,	770, 176, 946
0.120, 0.080, 0.060,	770, 184, 954
0.130, 0.080, 0.060,	770, 192, 962
0.140, 0.080, 0.060,	770, 212, 982
0.150, 0.080, 0.060,	770, 212, 982
0.160, 0.080, 0.060,	770, 224, 994
0.170, 0.080, 0.060,	770, 240, 1010
0.180, 0.080, 0.060,	770, 256, 1026
0.190, 0.080, 0.060,	770, 256, 1026
0.200, 0.080, 0.060,	770, 272, 1042
0.090, 0.090, 0.060,	770, 164, 934
0.100, 0.090, 0.060,	770, 172, 942
0.110, 0.090, 0.060,	770, 180, 950
0.120, 0.090, 0.060,	770, 188, 958
0.130, 0.090, 0.060,	770, 196, 966
0.140, 0.090, 0.060,	770, 216, 986
0.150, 0.090, 0.060,	770, 216, 986
0.160, 0.090, 0.060,	770, 228, 998
0.170, 0.090, 0.060,	770, 244, 1014
0.180, 0.090, 0.060,	770, 260, 1030
0.190, 0.090, 0.060,	770, 260, 1030
0.200, 0.090, 0.060,	770, 276, 1046
0.100, 0.100, 0.060,	770, 180, 950
0.110, 0.100, 0.060,	770, 188, 958
0.120, 0.100, 0.060,	770, 196, 966
0.130, 0.100, 0.060,	770, 204, 974
0.140, 0.100, 0.060,	770, 224, 994
0.150, 0.100, 0.060,	770, 224, 994
0.160, 0.100, 0.060,	770, 236, 1006
0.170, 0.100, 0.060,	770, 252, 1022
0.180, 0.100, 0.060,	770, 268, 1038
0.190, 0.100, 0.060,	770, 268, 1038
0.200, 0.100, 0.060,	770, 284, 1054
0.110, 0.110, 0.060,	770, 188, 958
0.120, 0.110, 0.060,	770, 196, 966
0.130, 0.110, 0.060,	770, 204, 974
0.140, 0.110, 0.060,	770, 224, 994
0.150, 0.110, 0.060,	770, 224, 994
0.160, 0.110, 0.060,	770, 236, 1006
0.170, 0.110, 0.060,	770, 252, 1022
0.180, 0.110, 0.060,	770, 268, 1038
0.190, 0.110, 0.060,	770, 268, 1038
0.200, 0.110, 0.060,	770, 284, 1054
0.120, 0.120, 0.060,	770, 200, 970
0.130, 0.120, 0.060,	770, 208, 978
0.140, 0.120, 0.060,	770, 228, 998
0.150, 0.120, 0.060,	770, 228, 998
0.160, 0.120, 0.060,	770, 240, 1010
0.170, 0.120, 0.060,	770, 256, 1026
0.180, 0.120, 0.060,	770, 272, 1042
0.190, 0.120, 0.060,	770, 272, 1042
0.200, 0.120, 0.060,	770, 288, 1058
0.130, 0.130, 0.060,	770, 216, 986
0.140, 0.130, 0.060,	770, 236, 1006
0.150, 0.130, 0.060,	770, 236, 1006
0.160, 0.130, 0.060,	770, 248, 1018
0.170, 0.130, 0.060,	770, 264, 1034
0.180, 0.130, 0.060,	770, 280, 1050
0.190, 0.130, 0.060,	770, 280, 1050
0.200, 0.130, 0.060,	770, 296, 1066
0.140, 0.140, 0.060,	770, 244, 1014
0.150, 0.140, 0.060,	770, 244, 1014
0.160, 0.140, 0.060,	770, 256, 1026
0.170, 0.140, 0.060,	770, 272, 1042
0.180, 0.140, 0.060,	770, 288, 1058
0.190, 0.140, 0.060,	770, 288, 1058
0.200, 0.140, 0.060,	770, 304, 1074
0.150, 0.150, 0.060,	770, 244, 1014
0.160, 0.150, 0.060,	770, 256, 1026
0.170, 0.150, 0.060,	770, 272, 1042
0.180, 0.150, 0.060,	770, 288, 1058
0.190, 0.150, 0.060,	770, 288, 1058
0.200, 0.150, 0.060,	770, 304, 1074
0.160, 0.160, 0.060,	770, 264, 1034
0.170, 0.160, 0.060,	770, 280, 1050
0.180, 0.160, 0.060,	770, 296, 1066
0.190, 0.160, 0.060,	770, 296, 1066
0.200, 0.160, 0.060,	770, 312, 1082
0.170, 0.170, 0.060,	770, 288, 1058
0.180, 0.170, 0.060,	770, 304, 1074
0.190, 0.170, 0.060,	770, 304, 1074
0.200, 0.170, 0.060,	770, 320, 1090
0.180, 0.180, 0.060,	770, 312, 1082
0.190, 0.180, 0.060,	770, 312, 1082
0.200, 0.180, 0.060,	770, 328, 1098
0.190, 0.190, 0.060,	770, 312, 1082
0.200, 0.190, 0.060,	770, 328, 1098
0.200, 0.200, 0.060,	770, 340, 1110
0.070, 0.070, 0.070,	770, 160, 930
0.080, 0.070, 0.070,	770, 168, 938
0.090, 0.070, 0.070,	770, 172, 942
0.100, 0.070, 0.070,	770, 180, 950
0.110, 0.070, 0.070,	770, 188, 958
0.120, 0.070, 0.070,	770, 196, 966
0.130, 0.070, 0.070,	770, 204, 974
0.140, 0.070, 0.070,	770, 224, 994
0.150, 0.070, 0.070,	770, 224, 994
0.160, 0.070, 0.070,	770, 236, 1006
0.170, 0.070, 0.070,	770, 252, 1022
0.180, 0.070, 0.070,	770, 268, 1038
0.190, 0.070, 0.070,	770, 268, 1038
0.200, 0.070, 0.070,	770, 284, 1054
0.080, 0.080, 0.070,	770, 172, 942
0.090, 0.080, 0.070,	770, 176, 946
0.100, 0.080, 0.070,	770, 184, 954
0.110, 0.080, 0.070,	770, 192, 962
0.120, 0.080, 0.070,	770, 200, 970
0.130, 0.080, 0.070,	770, 208, 978
0.140, 0.080, 0.070,	770, 228, 998
0.150, 0.080, 0.070,	770, 228, 998
0.160, 0.080, 0.070,	770, 240, 1010
0.170, 0.080, 0.070,	770, 256, 1026
0.180, 0.080, 0.070,	770, 272, 1042
0.190, 0.080, 0.070,	770, 272, 1042
0.200, 0.080, 0.070,	770, 288, 1058
0.090, 0.090, 0.070,	770, 180, 950
0.100, 0.090, 0.070,	770, 188, 958
0.110, 0.090, 0.070,	770, 196, 966
0.120, 0.090, 0.070,	770, 204, 974
0.130, 0.090, 0.070,	770, 212, 982
0.140, 0.090, 0.070,	770, 232, 1002
0.150, 0.090, 0.070,	770, 232, 1002
0.160, 0.090, 0.070,	770, 244, 1014
0.170, 0.090, 0.070,	770, 260, 1030
0.180, 0.090, 0.070,	770, 276, 1046
0.190, 0.090, 0.070,	770, 276, 1046
0.200, 0.090, 0.070,	770, 292, 1062
0.100, 0.100, 0.070,	770, 196, 966
0.110, 0.100, 0.070,	770, 204, 974
0.120, 0.100, 0.070,	770, 212, 982
0.130, 0.100, 0.070,	770, 220, 990
0.140, 0.100, 0.070,	770, 240, 1010
0.150, 0.100, 0.070,	770, 240, 1010
0.160, 0.100, 0.070,	770, 252, 1022
0.170, 0.100, 0.070,	770, 268, 1038
0.180, 0.100, 0.070,	770, 284, 1054
0.190, 0.100, 0.070,	770, 284, 1054
0.200, 0.100, 0.070,	770, 300, 1070
0.110, 0.110, 0.070,	770, 204, 974
0.120, 0.110, 0.070,	770, 212, 982
0.130, 0.110, 0.070,	770, 220, 990
0.140, 0.110, 0.070,	770, 240, 1010
0.150, 0.110, 0.070,	770, 240, 1010
0.160, 0.110, 0.070,	770, 252, 1022
0.170, 0.110, 0.070,	770, 268, 1038
0.180, 0.110, 0.070,	770, 284, 1054
0.190, 0.110, 0.070,	770, 284, 1054
0.200, 0.110, 0.070,	770, 300, 1070
0.120, 0.120, 0.070,	770, 216, 986
0.130, 0.120, 0.070,	770, 224, 994
0.140, 0.120, 0.070,	770, 244, 1014
0.150, 0.120, 0.070,	770, 244, 1014
0.160, 0.120, 0.070,	770, 256, 1026
0.170, 0.120, 0.070,	770, 272, 1042
0.180, 0.120, 0.070,	770, 288, 1058
0.190, 0.120, 0.070,	770, 288, 1058
0.200, 0.120, 0.070,	770, 304, 1074
0.130, 0.130, 0.070,	770, 232, 1002
0.140, 0.130, 0.070,	770, 252, 1022
0.150, 0.130, 0.070,	770, 252, 1022
0.160, 0.130, 0.070,	770, 264, 1034
0.170, 0.130, 0.070,	770, 280, 1050
0.180, 0.130, 0.070,	770, 296, 1066
0.190, 0.130, 0.070,	770, 296, 1066
0.200, 0.130, 0.070,	770, 312, 1082
0.140, 0.140, 0.070,	770, 260, 1030
0.150, 0.140, 0.070,	770, 260, 1030
0.160, 0.140, 0.070,	770, 272, 1042
0.170, 0.140, 0.070,	770, 288, 1058
0.180, 0.140, 0.070,	770, 304, 1074
0.190, 0.140, 0.070,	770, 304, 1074
0.200, 0.140, 0.070,	770, 320, 1090
0.150, 0.150, 0.070,	770, 260, 1030
0.160, 0.150, 0.070,	770, 272, 1042
0.170, 0.150, 0.070,	770, 288, 1058
0.180, 0.150, 0.070,	770, 304, 1074
0.190, 0.150, 0.070,	770, 304, 1074
0.200, 0.150, 0.070,	770, 320, 1090
0.160, 0.160, 0.070,	770, 280, 1050
0.170, 0.160, 0.070,	770, 296, 1066
0.180, 0.160, 0.070,	770, 312, 1082
0.190, 0.160, 0.070,	770, 312, 1082
0.200, 0.160, 0.070,	770, 328, 1098
0.170, 0.170, 0.070,	770, 304, 1074
0.180, 0.170, 0.070,	770, 320, 1090
0.190, 0.170, 0.070,	770, 320, 1090
0.200, 0.170, 0.070,	770, 336, 1106
0.180, 0.180, 0.070,	770, 328, 1098
0.190, 0.180, 0.070,	770, 328, 1098
0.200, 0.180, 0.070,	770, 344, 1114
0.190, 0.190, 0.070,	770, 328, 1098
0.200, 0.190, 0.070,	770, 344, 1114
0.200, 0.200, 0.070,	770, 356, 1126
0.080, 0.080, 0.080,	770, 204, 974
0.090, 0.080, 0.080,	770, 208, 978
0.100, 0.080, 0.080,	770, 216, 986
0.110, 0.080, 0.080,	770, 224, 994
0.120, 0.080, 0.080,	770, 232, 1002
0.130, 0.080, 0.080,	770, 240, 1010
0.140, 0.080, 0.080,	770, 260, 1030
0.150, 0.080, 0.080,	770, 260, 1030
0.160, 0.080, 0.080,	770, 272, 1042
0.170, 0.080, 0.080,	770, 288, 1058
0.180, 0.080, 0.080,	770, 304, 1074
0.190, 0.080, 0.080,	770, 304, 1074
0.200, 0.080, 0.080,	770, 320, 1090
0.090, 0.090, 0.080,	770, 212, 982
0.100, 0.090, 0.080,	770, 220, 990
0.110, 0.090, 0.080,	770, 228, 998
0.120, 0.090, 0.080,	770, 236, 1006
0.130, 0.090, 0.080,	770, 244, 1014
0.140, 0.090, 0.080,	770, 264, 1034
0.150, 0.090, 0.080,	770, 264, 1034
0.160, 0.090, 0.080,	770, 276, 1046
0.170, 0.090, 0.080,	770, 292, 1062
0.180, 0.090, 0.080,	770, 308, 1078
0.190, 0.090, 0.080,	770, 308, 1078
0.200, 0.090, 0.080,	770, 324, 1094
0.100, 0.100, 0.080,	770, 228, 998
0.110, 0.100, 0.080,	770, 236, 1006
0.120, 0.100, 0.080,	770, 244, 1014
0.130, 0.100, 0.080,	770, 252, 1022
0.140, 0.100, 0.080,	770, 272, 1042
0.150, 0.100, 0.080,	770, 272, 1042
0.160, 0.100, 0.080,	770, 284, 1054
0.170, 0.100, 0.080,	770, 300, 1070
0.180, 0.100, 0.080,	770, 316, 1086
0.190, 0.100, 0.080,	770, 316, 1086
0.200, 0.100, 0.080,	770, 332, 1102
0.110, 0.110, 0.080,	770, 236, 1006
0.120, 0.110, 0.080,	770, 244, 1014
0.130, 0.110, 0.080,	770, 252, 1022
0.140, 0.110, 0.080,	770, 272, 1042
0.150, 0.110, 0.080,	770, 272, 1042
0.160, 0.110, 0.080,	770, 284, 1054
0.170, 0.110, 0.080,	770, 300, 1070
0.180, 0.110, 0.080,	770, 316, 1086
0.190, 0.110, 0.080,	770, 316, 1086
0.200, 0.110, 0.080,	770, 332, 1102
0.120, 0.120, 0.080,	770, 248, 1018
0.130, 0.120, 0.080,	770, 256, 1026
0.140, 0.120, 0.080,	770, 276, 1046
0.150, 0.120, 0.080,	770, 276, 1046
0.160, 0.120, 0.080,	770, 288, 1058
0.170, 0.120, 0.080,	770, 304, 1074
0.180, 0.120, 0.080,	770, 320, 1090
0.190, 0.120, 0.080,	770, 320, 1090
0.200, 0.120, 0.080,	770, 336, 1106
0.130, 0.130, 0.080,	770, 264, 1034
0.140, 0.130, 0.080,	770, 284, 1054
0.150, 0.130, 0.080,	770, 284, 1054
0.160, 0.130, 0.080,	770, 296, 1066
0.170, 0.130, 0.080,	770, 312, 1082
0.180, 0.130, 0.080,	770, 328, 1098
0.190, 0.130, 0.080,	770, 328, 1098
0.200, 0.130, 0.080,	770, 344, 1114
0.140, 0.140, 0.080,	770, 292, 1062
0.150, 0.140, 0.080,	770, 292, 1062
0.160, 0.140, 0.080,	770, 304, 1074
0.170, 0.140, 0.080,	770, 320, 1090
0.180, 0.140, 0.080,	770, 336, 1106
0.190, 0.140, 0.080,	770, 336, 1106
0.200, 0.140, 0.080,	770, 352, 1122
0.150, 0.150, 0.080,	770, 292, 1062
0.160, 0.150, 0.080,	770, 304, 1074
0.170, 0.150, 0.080,	770, 320, 1090
0.180, 0.150, 0.080,	770, 336, 1106
0.190, 0.150, 0.080,	770, 336, 1106
0.200, 0.150, 0.080,	770, 352, 1122
0.160, 0.160, 0.080,	770, 312, 1082
0.170, 0.160, 0.080,	770, 328, 1098
0.180, 0.160, 0.080,	770, 344, 1114
0.190, 0.160, 0.080,	770, 344, 1114
0.200, 0.160, 0.080,	770, 360, 1130
0.170, 0.170, 0.080,	770, 336, 1106
0.180, 0.170, 0.080,	770, 352, 1122
0.190, 0.170, 0.080,	770, 352, 1122
0.200, 0.170, 0.080,	770, 368, 1138
0.180, 0.180, 0.080,	770, 360, 1130
0.190, 0.180, 0.080,	770, 360, 1130
0.200, 0.180, 0.080,	770, 376, 1146
0.190, 0.190, 0.080,	770, 360, 1130
0.200, 0.190, 0.080,	770, 376, 1146
0.200, 0.200, 0.080,	770, 388, 1158
0.090, 0.090, 0.090,	770, 228, 998
0.100, 0.090, 0.090,	770, 236, 1006
0.110, 0.090, 0.090,	770, 244, 1014
0.120, 0.090, 0.090,	770, 252, 1022
0.130, 0.090, 0.090,	770, 260, 1030
0.140, 0.090, 0.090,	770, 280, 1050
0.150, 0.090, 0.090,	770, 280, 1050
0.160, 0.090, 0.090,	770, 292, 1062
0.170, 0.090, 0.090,	770, 308, 1078
0.180, 0.090, 0.090,	770, 324, 1094
0.190, 0.090, 0.090,	770, 324, 1094
0.200, 0.090, 0.090,	770, 340, 1110
0.100, 0.100, 0.090,	770, 244, 1014
0.110, 0.100, 0.090,	770, 252, 1022
0.120, 0.100, 0.090,	770, 260, 1030
0.130, 0.100, 0.090,	770, 268, 1038
0.140, 0.100, 0.090,	770, 288, 1058
0.150, 0.100, 0.090,	770, 288, 1058
0.160, 0.100, 0.090,	770, 300, 1070
0.170, 0.100, 0.090,	770, 316, 1086
0.180, 0.100, 0.090,	770, 332, 1102
0.190, 0.100, 0.090,	770, 332, 1102
0.200, 0.100, 0.090,	770, 348, 1118
0.110, 0.110, 0.090,	770, 252, 1022
0.120, 0.110, 0.090,	770, 260, 1030
0.130, 0.110, 0.090,	770, 268, 1038
0.140, 0.110, 0.090,	770, 288, 1058
0.150, 0.110, 0.090,	770, 288, 1058
0.160, 0.110, 0.090,	770, 300, 1070
0.170, 0.110, 0.090,	770, 316, 1086
0.180, 0.110, 0.090,	770, 332, 1102
0.190, 0.110, 0.090,	770, 332, 1102
0.200, 0.110, 0.090,	770, 348, 1118
0.120, 0.120, 0.090,	770, 264, 1034
0.130, 0.120, 0.090,	770, 272, 1042
0.140, 0.120, 0.090,	770, 292, 1062
0.150, 0.120, 0.090,	770, 292, 1062
0.160, 0.120, 0.090,	770, 304, 1074
0.170, 0.120, 0.090,	770, 320, 1090
0.180, 0.120, 0.090,	770, 336, 1106
0.190, 0.120, 0.090,	770, 336, 1106
0.200, 0.120, 0.090,	770, 352, 1122
0.130, 0.130, 0.090,	770, 280, 1050
0.140, 0.130, 0.090,	770, 300, 1070
0.150, 0.130, 0.090,	770, 300, 1070
0.160, 0.130, 0.090,	770, 312, 1082
0.170, 0.130, 0.090,	770, 328, 1098
0.180, 0.130, 0.090,	770, 344, 1114
0.190, 0.130, 0.090,	770, 344, 1114
0.200, 0.130, 0.090,	770, 360, 1130
0.140, 0.140, 0.090,	770, 308, 1078
0.150, 0.140, 0.090,	770, 308, 1078
0.160, 0.140, 0.090,	770, 320, 1090
0.170, 0.140, 0.090,	770, 336, 1106
0.180, 0.140, 0.090,	770, 352, 1122
0.190, 0.140, 0.090,	770, 352, 1122
0.200, 0.140, 0.090,	770, 368, 1138
0.150, 0.150, 0.090,	770, 308, 1078
0.160, 0.150, 0.090,	770, 320, 1090
0.170, 0.150, 0.090,	770, 336, 1106
0.180, 0.150, 0.090,	770, 352, 1122
0.190, 0.150, 0.090,	770, 352, 1122
0.200, 0.150, 0.090,	770, 368, 1138
0.160, 0.160, 0.090,	770, 328, 1098
0.170, 0.160, 0.090,	770, 344, 1114
0.180, 0.160, 0.090,	770, 360, 1130
0.190, 0.160, 0.090,	770, 360, 1130
0.200, 0.160, 0.090,	770, 376, 1146
0.170, 0.170, 0.090,	770, 352, 1122
0.180, 0.170, 0.090,	770, 368, 1138
0.190, 0.170, 0.090,	770, 368, 1138
0.200, 0.170, 0.090,	770, 384, 1154
0.180, 0.180, 0.090,	770, 376, 1146
0.190, 0.180, 0.090,	770, 376, 1146
0.200, 0.180, 0.090,	770, 392, 1162
0.190, 0.190, 0.090,	770, 376, 1146
0.200, 0.190, 0.090,	770, 392, 1162
0.200, 0.200, 0.090,	770, 404, 1174
0.100, 0.100, 0.100,	770, 276, 1046
0.110, 0.100, 0.100,	770, 284, 1054
0.120, 0.100, 0.100,	770, 292, 1062
0.130, 0.100, 0.100,	770, 300, 1070
0.140, 0.100, 0.100,	770, 320, 1090
0.150, 0.100, 0.100,	770, 320, 1090
0.160, 0.100, 0.100,	770, 332, 1102
0.170, 0.100, 0.100,	770, 348, 1118
0.180, 0.100, 0.100,	770, 364, 1134
0.190, 0.100, 0.100,	770, 364, 1134
0.200, 0.100, 0.100,	770, 380, 1150
0.110, 0.110, 0.100,	770, 284, 1054
0.120, 0.110, 0.100,	770, 292, 1062
0.130, 0.110, 0.100,	770, 300, 1070
0.140, 0.110, 0.100,	770, 320, 1090
0.150, 0.110, 0.100,	770, 320, 1090
0.160, 0.110, 0.100,	770, 332, 1102
0.170, 0.110, 0.100,	770, 348, 1118
0.180, 0.110, 0.100,	770, 364, 1134
0.190, 0.110, 0.100,	770, 364, 1134
0.200, 0.110, 0.100,	770, 380, 1150
0.120, 0.120, 0.100,	770, 296, 1066
0.130, 0.120, 0.100,	770, 304, 1074
0.140, 0.120, 0.100,	770, 324, 1094
0.150, 0.120, 0.100,	770, 324, 1094
0.160, 0.120, 0.100,	770, 336, 1106
0.170, 0.120, 0.100,	770, 352, 1122
0.180, 0.120, 0.100,	770, 368, 1138
0.190, 0.120, 0.100,	770, 368, 1138
0.200, 0.120, 0.100,	770, 384, 1154
0.130, 0.130, 0.100,	770, 312, 1082
0.140, 0.130, 0.100,	770, 332, 1102
0.150, 0.130, 0.100,	770, 332, 1102
0.160, 0.130, 0.100,	770, 344, 1114
0.170, 0.130, 0.100,	770, 360, 1130
0.180, 0.130, 0.100,	770, 376, 1146
0.190, 0.130, 0.100,	770, 376, 1146
0.200, 0.130, 0.100,	770, 392, 1162
0.140, 0.140, 0.100,	770, 340, 1110
0.150, 0.140, 0.100,	770, 340, 1110
0.160, 0.140, 0.100,	770, 352, 1122
0.170, 0.140, 0.100,	770, 368, 1138
0.180, 0.140, 0.100,	770, 384, 1154
0.190, 0.140, 0.100,	770, 384, 1154
0.200, 0.140, 0.100,	770, 400, 1170
0.150, 0.150, 0.100,	770, 340, 1110
0.160, 0.150, 0.100,	770, 352, 1122
0.170, 0.150, 0.100,	770, 368, 1138
0.180, 0.150, 0.100,	770, 384, 1154
0.190, 0.150, 0.100,	770, 384, 1154
0.200, 0.150, 0.100,	770, 400, 1170
0.160, 0.160, 0.100,	770, 360, 1130
0.170, 0.160, 0.100,	770, 376, 1146
0.180, 0.160, 0.100,	770, 392, 1162
0.190, 0.160, 0.100,	770, 392, 1162
0.200, 0.160, 0.100,	770, 408, 1178
0.170, 0.170, 0.100,	770, 384, 1154
0.180, 0.170, 0.100,	770, 400, 1170
0.190, 0.170, 0.100,	770, 400, 1170
0.200, 0.170, 0.100,	770, 416, 1186
0.180, 0.180, 0.100,	770, 408, 1178
0.190, 0.180, 0.100,	770, 408, 1178
0.200, 0.180, 0.100,	770, 424, 1194
0.190, 0.190, 0.100,	770, 408, 1178
0.200, 0.190, 0.100,	770, 424, 1194
0.200, 0.200, 0.100,	770, 436, 1206
0.110, 0.110, 0.110,	770, 316, 1086
0.120, 0.110, 0.110,	770, 324, 1094
0.130, 0.110, 0.110,	770, 332, 1102
0.140, 0.110, 0.110,	770, 352, 1122
0.150, 0.110, 0.110,	770, 352, 1122
0.160, 0.110, 0.110,	770, 364, 1134
0.170, 0.110, 0.110,	770, 380, 1150
0.180, 0.110, 0.110,	770, 396, 1166
0.190, 0.110, 0.110,	770, 396, 1166
0.200, 0.110, 0.110,	770, 412, 1182
0.120, 0.120, 0.110,	770, 328, 1098
0.130, 0.120, 0.110,	770, 336, 1106
0.140, 0.120, 0.110,	770, 356, 1126
0.150, 0.120, 0.110,	770, 356, 1126
0.160, 0.120, 0.110,	770, 368, 1138
0.170, 0.120, 0.110,	770, 384, 1154
0.180, 0.120, 0.110,	770, 400, 1170
0.190, 0.120, 0.110,	770, 400, 1170
0.200, 0.120, 0.110,	770, 416, 1186
0.130, 0.130, 0.110,	770, 344, 1114
0.140, 0.130, 0.110,	770, 364, 1134
0.150, 0.130, 0.110,	770, 364, 1134
0.160, 0.130, 0.110,	770, 376, 1146
0.170, 0.130, 0.110,	770, 392, 1162
0.180, 0.130, 0.110,	770, 408, 1178
0.190, 0.130, 0.110,	770, 408, 1178
0.200, 0.130, 0.110,	770, 424, 1194
0.140, 0.140, 0.110,	770, 372, 1142
0.150, 0.140, 0.110,	770, 372, 1142
0.160, 0.140, 0.110,	770, 384, 1154
0.170, 0.140, 0.110,	770, 400, 1170
0.180, 0.140, 0.110,	770, 416, 1186
0.190, 0.140, 0.110,	770, 416, 1186
0.200, 0.140, 0.110,	770, 432, 1202
0.150, 0.150, 0.110,	770, 372, 1142
0.160, 0.150, 0.110,	770, 384, 1154
0.170, 0.150, 0.110,	770, 400, 1170
0.180, 0.150, 0.110,	770, 416, 1186
0.190, 0.150, 0.110,	770, 416, 1186
0.200, 0.150, 0.110,	770, 432, 1202
0.160, 0.160, 0.110,	770, 392, 1162
0.170, 0.160, 0.110,	770, 408, 1178
0.180, 0.160, 0.110,	770, 424, 1194
0.190, 0.160, 0.110,	770, 424, 1194
0.200, 0.160, 0.110,	770, 440, 1210
0.170, 0.170, 0.110,	770, 416, 1186
0.180, 0.170, 0.110,	770, 432, 1202
0.190, 0.170, 0.110,	770, 432, 1202
0.200, 0.170, 0.110,	770, 448, 1218
0.180, 0.180, 0.110,	770, 440, 1210
0.190, 0.180, 0.110,	770, 440, 1210
0.200, 0.180, 0.110,	770, 456, 1226
0.190, 0.190, 0.110,	770, 440, 1210
0.200, 0.190, 0.110,	770, 456, 1226
0.200, 0.200, 0.110,	770, 468, 1238
0.120, 0.120, 0.120,	770, 360, 1130
0.130, 0.120, 0.120,	770, 368, 1138
0.140, 0.120, 0.120,	770, 388, 1158
0.150, 0.120, 0.120,	770, 388, 1158
0.160, 0.120, 0.120,	770, 400, 1170
0.170, 0.120, 0.120,	770, 416, 1186
0.180, 0.120, 0.120,	770, 432, 1202
0.190, 0.120, 0.120,	770, 432, 1202
0.200, 0.120, 0.120,	770, 448, 1218
0.130, 0.130, 0.120,	770, 376, 1146
0.140, 0.130, 0.120,	770, 396, 1166
0.150, 0.130, 0.120,	770, 396, 1166
0.160, 0.130, 0.120,	770, 408, 1178
0.170, 0.130, 0.120,	770, 424, 1194
0.180, 0.130, 0.120,	770, 440, 1210
0.190, 0.130, 0.120,	770, 440, 1210
0.200, 0.130, 0.120,	770, 456, 1226
0.140, 0.140, 0.120,	770, 404, 1174
0.150, 0.140, 0.120,	770, 404, 1174
0.160, 0.140, 0.120,	770, 416, 1186
0.170, 0.140, 0.120,	770, 432, 1202
0.180, 0.140, 0.120,	770, 448, 1218
0.190, 0.140, 0.120,	770, 448, 1218
0.200, 0.140, 0.120,	770, 464, 1234
0.150, 0.150, 0.120,	770, 404, 1174
0.160, 0.150, 0.120,	770, 416, 1186
0.170, 0.150, 0.120,	770, 432, 1202
0.180, 0.150, 0.120,	770, 448, 1218
0.190, 0.150, 0.120,	770, 448, 1218
0.200, 0.150, 0.120,	770, 464, 1234
0.160, 0.160, 0.120,	770, 424, 1194
0.170, 0.160, 0.120,	770, 440, 1210
0.180, 0.160, 0.120,	770, 456, 1226
0.190, 0.160, 0.120,	770, 456, 1226
0.200, 0.160, 0.120,	770, 472, 1242
0.170, 0.170, 0.120,	770, 448, 1218
0.180, 0.170, 0.120,	770, 464, 1234
0.190, 0.170, 0.120,	770, 464, 1234
0.200, 0.170, 0.120,	770, 480, 1250
0.180, 0.180, 0.120,	770, 472, 1242
0.190, 0.180, 0.120,	770, 472, 1242
0.200, 0.180, 0.120,	770, 488, 1258
0.190, 0.190, 0.120,	770, 472, 1242
0.200, 0.190, 0.120,	770, 488, 1258
0.200, 0.200, 0.120,	770, 500, 1270
0.130, 0.130, 0.130,	770, 408, 1178
0.140, 0.130, 0.130,	770, 428, 1198
0.150, 0.130, 0.130,	770, 428, 1198
0.160, 0.130, 0.130,	770, 440, 1210
0.170, 0.130, 0.130,	770, 456, 1226
0.180, 0.130, 0.130,	770, 472, 1242
0.190, 0.130, 0.130,	770, 472, 1242
0.200, 0.130, 0.130,	770, 488, 1258
0.140, 0.140, 0.130,	770, 436, 1206
0.150, 0.140, 0.130,	770, 436, 1206
0.160, 0.140, 0.130,	770, 448, 1218
0.170, 0.140, 0.130,	770, 464, 1234
0.180, 0.140, 0.130,	770, 480, 1250
0.190, 0.140, 0.130,	770, 480, 1250
0.200, 0.140, 0.130,	770, 496, 1266
0.150, 0.150, 0.130,	770, 436, 1206
0.160, 0.150, 0.130,	770, 448, 1218
0.170, 0.150, 0.130,	770, 464, 1234
0.180, 0.150, 0.130,	770, 480, 1250
0.190, 0.150, 0.130,	770, 480, 1250
0.200, 0.150, 0.130,	770, 496, 1266
0.160, 0.160, 0.130,	770, 456, 1226
0.170, 0.160, 0.130,	770, 472, 1242
0.180, 0.160, 0.130,	770, 488, 1258
0.190, 0.160, 0.130,	770, 488, 1258
0.200, 0.160, 0.130,	770, 504, 1274
0.170, 0.170, 0.130,	770, 480, 1250
0.180, 0.170, 0.130,	770, 496, 1266
0.190, 0.170, 0.130,	770, 496, 1266
0.200, 0.170, 0.130,	770, 512, 1282
0.180, 0.180, 0.130,	770, 504, 1274
0.190, 0.180, 0.130,	770, 504, 1274
0.200, 0.180, 0.130,	770, 520, 1290
0.190, 0.190, 0.130,	770, 504, 1274
0.200, 0.190, 0.130,	770, 520, 1290
0.200, 0.200, 0.130,	770, 532, 1302
0.140, 0.140, 0.140,	770, 516, 1286
0.150, 0.140, 0.140,	770, 516, 1286
0.160, 0.140, 0.140,	770, 528, 1298
0.170, 0.140, 0.140,	770, 544, 1314
0.180, 0.140, 0.140,	770, 560, 1330
0.190, 0.140, 0.140,	770, 560, 1330
0.200, 0.140, 0.140,	770, 576, 1346
0.150, 0.150, 0.140,	770, 516, 1286
0.160, 0.150, 0.140,	770, 528, 1298
0.170, 0.150, 0.140,	770, 544, 1314
0.180, 0.150, 0.140,	770, 560, 1330
0.190, 0.150, 0.140,	770, 560, 1330
0.200, 0.150, 0.140,	770, 576, 1346
0.160, 0.160, 0.140,	770, 536, 1306
0.170, 0.160, 0.140,	770, 552, 1322
0.180, 0.160, 0.140,	770, 568, 1338
0.190, 0.160, 0.140,	770, 568, 1338
0.200, 0.160, 0.140,	770, 584, 1354
0.170, 0.170, 0.140,	770, 560, 1330
0.180, 0.170, 0.140,	770, 576, 1346
0.190, 0.170, 0.140,	770, 576, 1346
0.200, 0.170, 0.140,	770, 592, 1362
0.180, 0.180, 0.140,	770, 584, 1354
0.190, 0.180, 0.140,	770, 584, 1354
0.200, 0.180, 0.140,	770, 600, 1370
0.190, 0.190, 0.140,	770, 584, 1354
0.200, 0.190, 0.140,	770, 600, 1370
0.200, 0.200, 0.140,	770, 612, 1382
0.150, 0.150, 0.150,	770, 516, 1286
0.160, 0.150, 0.150,	770, 528, 1298
0.170, 0.150, 0.150,	770, 544, 1314
0.180, 0.150, 0.150,	770, 560, 1330
0.190, 0.150, 0.150,	770, 560, 1330
0.200, 0.150, 0.150,	770, 576, 1346
0.160, 0.160, 0.150,	770, 536, 1306
0.170, 0.160, 0.150,	770, 552, 1322
0.180, 0.160, 0.150,	770, 568, 1338
0.190, 0.160, 0.150,	770, 568, 1338
0.200, 0.160, 0.150,	770, 584, 1354
0.170, 0.170, 0.150,	770, 560, 1330
0.180, 0.170, 0.150,	770, 576, 1346
0.190, 0.170, 0.150,	770, 576, 1346
0.200, 0.170, 0.150,	770, 592, 1362
0.180, 0.180, 0.150,	770, 584, 1354
0.190, 0.180, 0.150,	770, 584, 1354
0.200, 0.180, 0.150,	770, 600, 1370
0.190, 0.190, 0.150,	770, 584, 1354
0.200, 0.190, 0.150,	770, 600, 1370
0.200, 0.200, 0.150,	770, 612, 1382
0.160, 0.160, 0.160,	770, 584, 1354
0.170, 0.160, 0.160,	770, 600, 1370
0.180, 0.160, 0.160,	770, 616, 1386
0.190, 0.160, 0.160,	770, 616, 1386
0.200, 0.160, 0.160,	770, 632, 1402
0.170, 0.170, 0.160,	770, 608, 1378
0.180, 0.170, 0.160,	770, 624, 1394
0.190, 0.170, 0.160,	770, 624, 1394
0.200, 0.170, 0.160,	770, 640, 1410
0.180, 0.180, 0.160,	770, 632, 1402
0.190, 0.180, 0.160,	770, 632, 1402
0.200, 0.180, 0.160,	770, 648, 1418
0.190, 0.190, 0.160,	770, 632, 1402
0.200, 0.190, 0.160,	770, 648, 1418
0.200, 0.200, 0.160,	770, 660, 1430
0.170, 0.170, 0.170,	770, 672, 1442
0.180, 0.170, 0.170,	770, 688, 1458
0.190, 0.170, 0.170,	770, 688, 1458
0.200, 0.170, 0.170,	770, 704, 1474
0.180, 0.180, 0.170,	770, 696, 1466
0.190, 0.180, 0.170,	770, 696, 1466
0.200, 0.180, 0.170,	770, 712, 1482
0.190, 0.190, 0.170,	770, 696, 1466
0.200, 0.190, 0.170,	770, 712, 1482
0.200, 0.200, 0.170,	770, 724, 1494
0.180, 0.180, 0.180,	770, 760, 1530
0.190, 0.180, 0.180,	770, 760, 1530
0.200, 0.180, 0.180,	770, 776, 1546
0.190, 0.190, 0.180,	770, 760, 1530
0.200, 0.190, 0.180,	770, 776, 1546
0.200, 0.200, 0.180,	770, 788, 1558
0.190, 0.190, 0.190,	770, 760, 1530
0.200, 0.190, 0.190,	770, 776, 1546
0.200, 0.200, 0.190,	770, 788, 1558
0.200, 0.200, 0.200,	770, 852, 1622
