order = 29
 ref0,  ref1,  ref2,    nR,  nG, nDir
0.000, 0.000, 0.000,	302,   0, 302
0.010, 0.000, 0.000,	302,   0, 302
0.020, 0.000, 0.000,	302,   0, 302
0.030, 0.000, 0.000,	302,   4, 306
0.040, 0.000, 0.000,	302,   4, 306
0.050, 0.000, 0.000,	302,   8, 310
0.060, 0.000, 0.000,	302,   8, 310
0.070, 0.000, 0.000,	302,   8, 310
0.080, 0.000, 0.000,	302,  16, 318
0.090, 0.000, 0.000,	302,  16, 318
0.100, 0.000, 0.000,	302,  16, 318
0.110, 0.000, 0.000,	302,  24, 326
0.120, 0.000, 0.000,	302,  28, 330
0.130, 0.000, 0.000,	302,  28, 330
0.140, 0.000, 0.000,	302,  36, 338
0.150, 0.000, 0.000,	302,  36, 338
0.160, 0.000, 0.000,	302,  40, 342
0.170, 0.000, 0.000,	302,  48, 350
0.180, 0.000, 0.000,	302,  56, 358
0.190, 0.000, 0.000,	302,  56, 358
0.200, 0.000, 0.000,	302,  64, 366
0.010, 0.010, 0.000,	302,   0, 302
0.020, 0.010, 0.000,	302,   0, 302
0.030, 0.010, 0.000,	302,   4, 306
0.040, 0.010, 0.000,	302,   4, 306
0.050, 0.010, 0.000,	302,   8, 310
0.060, 0.010, 0.000,	302,   8, 310
0.070, 0.010, 0.000,	302,   8, 310
0.080, 0.010, 0.000,	302,  16, 318
0.090, 0.010, 0.000,	302,  16, 318
0.100, 0.010, 0.000,	302,  16, 318
0.110, 0.010, 0.000,	302,  24, 326
0.120, 0.010, 0.000,	302,  28, 330
0.130, 0.010, 0.000,	302,  28, 330
0.140, 0.010, 0.000,	302,  36, 338
0.150, 0.010, 0.000,	302,  36, 338
0.160, 0.010, 0.000,	302,  40, 342
0.170, 0.010, 0.000,	302,  48, 350
0.180, 0.010, 0.000,	302,  56, 358
0.190, 0.010, 0.000,	302,  56, 358
0.200, 0.010, 0.000,	302,  64, 366
0.020, 0.020, 0.000,	302,   0, 302
0.030, 0.020, 0.000,	302,   4, 306
0.040, 0.020, 0.000,	302,   4, 306
0.050, 0.020, 0.000,	302,   8, 310
0.060, 0.020, 0.000,	302,   8, 310
0.070, 0.020, 0.000,	302,   8, 310
0.080, 0.020, 0.000,	302,  16, 318
0.090, 0.020, 0.000,	302,  16, 318
0.100, 0.020, 0.000,	302,  16, 318
0.110, 0.020, 0.000,	302,  24, 326
0.120, 0.020, 0.000,	302,  28, 330
0.130, 0.020, 0.000,	302,  28, 330
0.140, 0.020, 0.000,	302,  36, 338
0.150, 0.020, 0.000,	302,  36, 338
0.160, 0.020, 0.000,	302,  40, 342
0.170, 0.020, 0.000,	302,  48, 350
0.180, 0.020, 0.000,	302,  56, 358
0.190, 0.020, 0.000,	302,  56, 358
0.200, 0.020, 0.000,	302,  64, 366
0.030, 0.030, 0.000,	302,   8, 310
0.040, 0.030, 0.000,	302,   8, 310
0.050, 0.030, 0.000,	302,  12, 314
0.060, 0.030, 0.000,	302,  12, 314
0.070, 0.030, 0.000,	302,  12, 314
0.080, 0.030, 0.000,	302,  20, 322
0.090, 0.030, 0.000,	302,  20, 322
0.100, 0.030, 0.000,	302,  20, 322
0.110, 0.030, 0.000,	302,  28, 330
0.120, 0.030, 0.000,	302,  32, 334
0.130, 0.030, 0.000,	302,  32, 334
0.140, 0.030, 0.000,	302,  40, 342
0.150, 0.030, 0.000,	302,  40, 342
0.160, 0.030, 0.000,	302,  44, 346
0.170, 0.030, 0.000,	302,  52, 354
0.180, 0.030, 0.000,	302,  60, 362
0.190, 0.030, 0.000,	302,  60, 362
0.200, 0.030, 0.000,	302,  68, 370
0.040, 0.040, 0.000,	302,   8, 310
0.050, 0.040, 0.000,	302,  12, 314
0.060, 0.040, 0.000,	302,  12, 314
0.070, 0.040, 0.000,	302,  12, 314
0.080, 0.040, 0.000,	302,  20, 322
0.090, 0.040, 0.000,	302,  20, 322
0.100, 0.040, 0.000,	302,  20, 322
0.110, 0.040, 0.000,	302,  28, 330
0.120, 0.040, 0.000,	302,  32, 334
0.130, 0.040, 0.000,	302,  32, 334
0.140, 0.040, 0.000,	302,  40, 342
0.150, 0.040, 0.000,	302,  40, 342
0.160, 0.040, 0.000,	302,  44, 346
0.170, 0.040, 0.000,	302,  52, 354
0.180, 0.040, 0.000,	302,  60, 362
0.190, 0.040, 0.000,	302,  60, 362
0.200, 0.040, 0.000,	302,  68, 370
0.050, 0.050, 0.000,	302,  16, 318
0.060, 0.050, 0.000,	302,  16, 318
0.070, 0.050, 0.000,	302,  16, 318
0.080, 0.050, 0.000,	302,  24, 326
0.090, 0.050, 0.000,	302,  24, 326
0.100, 0.050, 0.000,	302,  24, 326
0.110, 0.050, 0.000,	302,  32, 334
0.120, 0.050, 0.000,	302,  36, 338
0.130, 0.050, 0.000,	302,  36, 338
0.140, 0.050, 0.000,	302,  44, 346
0.150, 0.050, 0.000,	302,  44, 346
0.160, 0.050, 0.000,	302,  48, 350
0.170, 0.050, 0.000,	302,  56, 358
0.180, 0.050, 0.000,	302,  64, 366
0.190, 0.050, 0.000,	302,  64, 366
0.200, 0.050, 0.000,	302,  72, 374
0.060, 0.060, 0.000,	302,  16, 318
0.070, 0.060, 0.000,	302,  16, 318
0.080, 0.060, 0.000,	302,  24, 326
0.090, 0.060, 0.000,	302,  24, 326
0.100, 0.060, 0.000,	302,  24, 326
0.110, 0.060, 0.000,	302,  32, 334
0.120, 0.060, 0.000,	302,  36, 338
0.130, 0.060, 0.000,	302,  36, 338
0.140, 0.060, 0.000,	302,  44, 346
0.150, 0.060, 0.000,	302,  44, 346
0.160, 0.060, 0.000,	302,  48, 350
0.170, 0.060, 0.000,	302,  56, 358
0.180, 0.060, 0.000,	302,  64, 366
0.190, 0.060, 0.000,	302,  64, 366
0.200, 0.060, 0.000,	302,  72, 374
0.070, 0.070, 0.000,	302,  16, 318
0.080, 0.070, 0.000,	302,  24, 326
0.090, 0.070, 0.000,	302,  24, 326
0.100, 0.070, 0.000,	302,  24, 326
0.110, 0.070, 0.000,	302,  32, 334
0.120, 0.070, 0.000,	302,  36, 338
0.130, 0.070, 0.000,	302,  36, 338
0.140, 0.070, 0.000,	302,  44, 346
0.150, 0.070, 0.000,	302,  44, 346
0.160, 0.070, 0.000,	302,  48, 350
0.170, 0.070, 0.000,	302,  56, 358
0.180, 0.070, 0.000,	302,  64, 366
0.190, 0.070, 0.000,	302,  64, 366
0.200, 0.070, 0.000,	302,  72, 374
0.080, 0.080, 0.000,	302,  28, 330
0.090, 0.080, 0.000,	302,  28, 330
0.100, 0.080, 0.000,	302,  28, 330
0.110, 0.080, 0.000,	302,  36, 338
0.120, 0.080, 0.000,	302,  40, 342
0.130, 0.080, 0.000,	302,  40, 342
0.140, 0.080, 0.000,	302,  48, 350
0.150, 0.080, 0.000,	302,  48, 350
0.160, 0.080, 0.000,	302,  52, 354
0.170, 0.080, 0.000,	302,  60, 362
0.180, 0.080, 0.000,	302,  68, 370
0.190, 0.080, 0.000,	302,  68, 370
0.200, 0.080, 0.000,	302,  76, 378
0.090, 0.090, 0.000,	302,  28, 330
0.100, 0.090, 0.000,	302,  28, 330
0.110, 0.090, 0.000,	302,  36, 338
0.120, 0.090, 0.000,	302,  40, 342
0.130, 0.090, 0.000,	302,  40, 342
0.140, 0.090, 0.000,	302,  48, 350
0.150, 0.090, 0.000,	302,  48, 350
0.160, 0.090, 0.000,	302,  52, 354
0.170, 0.090, 0.000,	302,  60, 362
0.180, 0.090, 0.000,	302,  68, 370
0.190, 0.090, 0.000,	302,  68, 370
0.200, 0.090, 0.000,	302,  76, 378
0.100, 0.100, 0.000,	302,  28, 330
0.110, 0.100, 0.000,	302,  36, 338
0.120, 0.100, 0.000,	302,  40, 342
0.130, 0.100, 0.000,	302,  40, 342
0.140, 0.100, 0.000,	302,  48, 350
0.150, 0.100, 0.000,	302,  48, 350
0.160, 0.100, 0.000,	302,  52, 354
0.170, 0.100, 0.000,	302,  60, 362
0.180, 0.100, 0.000,	302,  68, 370
0.190, 0.100, 0.000,	302,  68, 370
0.200, 0.100, 0.000,	302,  76, 378
0.110, 0.110, 0.000,	302,  44, 346
0.120, 0.110, 0.000,	302,  48, 350
0.130, 0.110, 0.000,	302,  48, 350
0.140, 0.110, 0.000,	302,  56, 358
0.150, 0.110, 0.000,	302,  56, 358
0.160, 0.110, 0.000,	302,  60, 362
0.170, 0.110, 0.000,	302,  68, 370
0.180, 0.110, 0.000,	302,  76, 378
0.190, 0.110, 0.000,	302,  76, 378
0.200, 0.110, 0.000,	302,  84, 386
0.120, 0.120, 0.000,	302,  48, 350
0.130, 0.120, 0.000,	302,  48, 350
0.140, 0.120, 0.000,	302,  56, 358
0.150, 0.120, 0.000,	302,  56, 358
0.160, 0.120, 0.000,	302,  60, 362
0.170, 0.120, 0.000,	302,  68, 370
0.180, 0.120, 0.000,	302,  76, 378
0.190, 0.120, 0.000,	302,  76, 378
0.200, 0.120, 0.000,	302,  84, 386
0.130, 0.130, 0.000,	302,  48, 350
0.140, 0.130, 0.000,	302,  56, 358
0.150, 0.130, 0.000,	302,  56, 358
0.160, 0.130, 0.000,	302,  60, 362
0.170, 0.130, 0.000,	302,  68, 370
0.180, 0.130, 0.000,	302,  76, 378
0.190, 0.130, 0.000,	302,  76, 378
0.200, 0.130, 0.000,	302,  84, 386
0.140, 0.140, 0.000,	302,  60, 362
0.150, 0.140, 0.000,	302,  60, 362
0.160, 0.140, 0.000,	302,  64, 366
0.170, 0.140, 0.000,	302,  72, 374
0.180, 0.140, 0.000,	302,  80, 382
0.190, 0.140, 0.000,	302,  80, 382
0.200, 0.140, 0.000,	302,  88, 390
0.150, 0.150, 0.000,	302,  60, 362
0.160, 0.150, 0.000,	302,  64, 366
0.170, 0.150, 0.000,	302,  72, 374
0.180, 0.150, 0.000,	302,  80, 382
0.190, 0.150, 0.000,	302,  80, 382
0.200, 0.150, 0.000,	302,  88, 390
0.160, 0.160, 0.000,	302,  68, 370
0.170, 0.160, 0.000,	302,  76, 378
0.180, 0.160, 0.000,	302,  84, 386
0.190, 0.160, 0.000,	302,  84, 386
0.200, 0.160, 0.000,	302,  92, 394
0.170, 0.170, 0.000,	302,  84, 386
0.180, 0.170, 0.000,	302,  92, 394
0.190, 0.170, 0.000,	302,  92, 394
0.200, 0.170, 0.000,	302, 100, 402
0.180, 0.180, 0.000,	302,  92, 394
0.190, 0.180, 0.000,	302,  92, 394
0.200, 0.180, 0.000,	302, 100, 402
0.190, 0.190, 0.000,	302,  92, 394
0.200, 0.190, 0.000,	302, 100, 402
0.200, 0.200, 0.000,	302, 104, 406
0.010, 0.010, 0.010,	302,   0, 302
0.020, 0.010, 0.010,	302,   0, 302
0.030, 0.010, 0.010,	302,   4, 306
0.040, 0.010, 0.010,	302,   4, 306
0.050, 0.010, 0.010,	302,   8, 310
0.060, 0.010, 0.010,	302,   8, 310
0.070, 0.010, 0.010,	302,   8, 310
0.080, 0.010, 0.010,	302,  16, 318
0.090, 0.010, 0.010,	302,  16, 318
0.100, 0.010, 0.010,	302,  16, 318
0.110, 0.010, 0.010,	302,  24, 326
0.120, 0.010, 0.010,	302,  28, 330
0.130, 0.010, 0.010,	302,  28, 330
0.140, 0.010, 0.010,	302,  36, 338
0.150, 0.010, 0.010,	302,  36, 338
0.160, 0.010, 0.010,	302,  40, 342
0.170, 0.010, 0.010,	302,  48, 350
0.180, 0.010, 0.010,	302,  56, 358
0.190, 0.010, 0.010,	302,  56, 358
0.200, 0.010, 0.010,	302,  64, 366
0.020, 0.020, 0.010,	302,   0, 302
0.030, 0.020, 0.010,	302,   4, 306
0.040, 0.020, 0.010,	302,   4, 306
0.050, 0.020, 0.010,	302,   8, 310
0.060, 0.020, 0.010,	302,   8, 310
0.070, 0.020, 0.010,	302,   8, 310
0.080, 0.020, 0.010,	302,  16, 318
0.090, 0.020, 0.010,	302,  16, 318
0.100, 0.020, 0.010,	302,  16, 318
0.110, 0.020, 0.010,	302,  24, 326
0.120, 0.020, 0.010,	302,  28, 330
0.130, 0.020, 0.010,	302,  28, 330
0.140, 0.020, 0.010,	302,  36, 338
0.150, 0.020, 0.010,	302,  36, 338
0.160, 0.020, 0.010,	302,  40, 342
0.170, 0.020, 0.010,	302,  48, 350
0.180, 0.020, 0.010,	302,  56, 358
0.190, 0.020, 0.010,	302,  56, 358
0.200, 0.020, 0.010,	302,  64, 366
0.030, 0.030, 0.010,	302,   8, 310
0.040, 0.030, 0.010,	302,   8, 310
0.050, 0.030, 0.010,	302,  12, 314
0.060, 0.030, 0.010,	302,  12, 314
0.070, 0.030, 0.010,	302,  12, 314
0.080, 0.030, 0.010,	302,  20, 322
0.090, 0.030, 0.010,	302,  20, 322
0.100, 0.030, 0.010,	302,  20, 322
0.110, 0.030, 0.010,	302,  28, 330
0.120, 0.030, 0.010,	302,  32, 334
0.130, 0.030, 0.010,	302,  32, 334
0.140, 0.030, 0.010,	302,  40, 342
0.150, 0.030, 0.010,	302,  40, 342
0.160, 0.030, 0.010,	302,  44, 346
0.170, 0.030, 0.010,	302,  52, 354
0.180, 0.030, 0.010,	302,  60, 362
0.190, 0.030, 0.010,	302,  60, 362
0.200, 0.030, 0.010,	302,  68, 370
0.040, 0.040, 0.010,	302,   8, 310
0.050, 0.040, 0.010,	302,  12, 314
0.060, 0.040, 0.010,	302,  12, 314
0.070, 0.040, 0.010,	302,  12, 314
0.080, 0.040, 0.010,	302,  20, 322
0.090, 0.040, 0.010,	302,  20, 322
0.100, 0.040, 0.010,	302,  20, 322
0.110, 0.040, 0.010,	302,  28, 330
0.120, 0.040, 0.010,	302,  32, 334
0.130, 0.040, 0.010,	302,  32, 334
0.140, 0.040, 0.010,	302,  40, 342
0.150, 0.040, 0.010,	302,  40, 342
0.160, 0.040, 0.010,	302,  44, 346
0.170, 0.040, 0.010,	302,  52, 354
0.180, 0.040, 0.010,	302,  60, 362
0.190, 0.040, 0.010,	302,  60, 362
0.200, 0.040, 0.010,	302,  68, 370
0.050, 0.050, 0.010,	302,  16, 318
0.060, 0.050, 0.010,	302,  16, 318
0.070, 0.050, 0.010,	302,  16, 318
0.080, 0.050, 0.010,	302,  24, 326
0.090, 0.050, 0.010,	302,  24, 326
0.100, 0.050, 0.010,	302,  24, 326
0.110, 0.050, 0.010,	302,  32, 334
0.120, 0.050, 0.010,	302,  36, 338
0.130, 0.050, 0.010,	302,  36, 338
0.140, 0.050, 0.010,	302,  44, 346
0.150, 0.050, 0.010,	302,  44, 346
0.160, 0.050, 0.010,	302,  48, 350
0.170, 0.050, 0.010,	302,  56, 358
0.180, 0.050, 0.010,	302,  64, 366
0.190, 0.050, 0.010,	302,  64, 366
0.200, 0.050, 0.010,	302,  72, 374
0.060, 0.060, 0.010,	302,  16, 318
0.070, 0.060, 0.010,	302,  16, 318
0.080, 0.060, 0.010,	302,  24, 326
0.090, 0.060, 0.010,	302,  24, 326
0.100, 0.060, 0.010,	302,  24, 326
0.110, 0.060, 0.010,	302,  32, 334
0.120, 0.060, 0.010,	302,  36, 338
0.130, 0.060, 0.010,	302,  36, 338
0.140, 0.060, 0.010,	302,  44, 346
0.150, 0.060, 0.010,	302,  44, 346
0.160, 0.060, 0.010,	302,  48, 350
0.170, 0.060, 0.010,	302,  56, 358
0.180, 0.060, 0.010,	302,  64, 366
0.190, 0.060, 0.010,	302,  64, 366
0.200, 0.060, 0.010,	302,  72, 374
0.070, 0.070, 0.010,	302,  16, 318
0.080, 0.070, 0.010,	302,  24, 326
0.090, 0.070, 0.010,	302,  24, 326
0.100, 0.070, 0.010,	302,  24, 326
0.110, 0.070, 0.010,	302,  32, 334
0.120, 0.070, 0.010,	302,  36, 338
0.130, 0.070, 0.010,	302,  36, 338
0.140, 0.070, 0.010,	302,  44, 346
0.150, 0.070, 0.010,	302,  44, 346
0.160, 0.070, 0.010,	302,  48, 350
0.170, 0.070, 0.010,	302,  56, 358
0.180, 0.070, 0.010,	302,  64, 366
0.190, 0.070, 0.010,	302,  64, 366
0.200, 0.070, 0.010,	302,  72, 374
0.080, 0.080, 0.010,	302,  28, 330
0.090, 0.080, 0.010,	302,  28, 330
0.100, 0.080, 0.010,	302,  28, 330
0.110, 0.080, 0.010,	302,  36, 338
0.120, 0.080, 0.010,	302,  40, 342
0.130, 0.080, 0.010,	302,  40, 342
0.140, 0.080, 0.010,	302,  48, 350
0.150, 0.080, 0.010,	302,  48, 350
0.160, 0.080, 0.010,	302,  52, 354
0.170, 0.080, 0.010,	302,  60, 362
0.180, 0.080, 0.010,	302,  68, 370
0.190, 0.080, 0.010,	302,  68, 370
0.200, 0.080, 0.010,	302,  76, 378
0.090, 0.090, 0.010,	302,  28, 330
0.100, 0.090, 0.010,	302,  28, 330
0.110, 0.090, 0.010,	302,  36, 338
0.120, 0.090, 0.010,	302,  40, 342
0.130, 0.090, 0.010,	302,  40, 342
0.140, 0.090, 0.010,	302,  48, 350
0.150, 0.090, 0.010,	302,  48, 350
0.160, 0.090, 0.010,	302,  52, 354
0.170, 0.090, 0.010,	302,  60, 362
0.180, 0.090, 0.010,	302,  68, 370
0.190, 0.090, 0.010,	302,  68, 370
0.200, 0.090, 0.010,	302,  76, 378
0.100, 0.100, 0.010,	302,  28, 330
0.110, 0.100, 0.010,	302,  36, 338
0.120, 0.100, 0.010,	302,  40, 342
0.130, 0.100, 0.010,	302,  40, 342
0.140, 0.100, 0.010,	302,  48, 350
0.150, 0.100, 0.010,	302,  48, 350
0.160, 0.100, 0.010,	302,  52, 354
0.170, 0.100, 0.010,	302,  60, 362
0.180, 0.100, 0.010,	302,  68, 370
0.190, 0.100, 0.010,	302,  68, 370
0.200, 0.100, 0.010,	302,  76, 378
0.110, 0.110, 0.010,	302,  44, 346
0.120, 0.110, 0.010,	302,  48, 350
0.130, 0.110, 0.010,	302,  48, 350
0.140, 0.110, 0.010,	302,  56, 358
0.150, 0.110, 0.010,	302,  56, 358
0.160, 0.110, 0.010,	302,  60, 362
0.170, 0.110, 0.010,	302,  68, 370
0.180, 0.110, 0.010,	302,  76, 378
0.190, 0.110, 0.010,	302,  76, 378
0.200, 0.110, 0.010,	302,  84, 386
0.120, 0.120, 0.010,	302,  48, 350
0.130, 0.120, 0.010,	302,  48, 350
0.140, 0.120, 0.010,	302,  56, 358
0.150, 0.120, 0.010,	302,  56, 358
0.160, 0.120, 0.010,	302,  60, 362
0.170, 0.120, 0.010,	302,  68, 370
0.180, 0.120, 0.010,	302,  76, 378
0.190, 0.120, 0.010,	302,  76, 378
0.200, 0.120, 0.010,	302,  84, 386
0.130, 0.130, 0.010,	302,  48, 350
0.140, 0.130, 0.010,	302,  56, 358
0.150, 0.130, 0.010,	302,  56, 358
0.160, 0.130, 0.010,	302,  60, 362
0.170, 0.130, 0.010,	302,  68, 370
0.180, 0.130, 0.010,	302,  76, 378
0.190, 0.130, 0.010,	302,  76, 378
0.200, 0.130, 0.010,	302,  84, 386
0.140, 0.140, 0.010,	302,  60, 362
0.150, 0.140, 0.010,	302,  60, 362
0.160, 0.140, 0.010,	302,  64, 366
0.170, 0.140, 0.010,	302,  72, 374
0.180, 0.140, 0.010,	302,  80, 382
0.190, 0.140, 0.010,	302,  80, 382
0.200, 0.140, 0.010,	302,  88, 390
0.150, 0.150, 0.010,	302,  60, 362
0.160, 0.150, 0.010,	302,  64, 366
0.170, 0.150, 0.010,	302,  72, 374
0.180, 0.150, 0.010,	302,  80, 382
0.190, 0.150, 0.010,	302,  80, 382
0.200, 0.150, 0.010,	302,  88, 390
0.160, 0.160, 0.010,	302,  68, 370
0.170, 0.160, 0.010,	302,  76, 378
0.180, 0.160, 0.010,	302,  84, 386
0.190, 0.160, 0.010,	302,  84, 386
0.200, 0.160, 0.010,	302,  92, 394
0.170, 0.170, 0.010,	302,  84, 386
0.180, 0.170, 0.010,	302,  92, 394
0.190, 0.170, 0.010,	302,  92, 394
0.200, 0.170, 0.010,	302, 100, 402
0.180, 0.180, 0.010,	302,  92, 394
0.190, 0.180, 0.010,	302,  92, 394
0.200, 0.180, 0.010,	302, 100, 402
0.190, 0.190, 0.010,	302,  92, 394
0.200, 0.190, 0.010,	302, 100, 402
0.200, 0.200, 0.010,	302, 104, 406
0.020, 0.020, 0.020,	302,   0, 302
0.030, 0.020, 0.020,	302,   4, 306
0.040, 0.020, 0.020,	302,   4, 306
0.050, 0.020, 0.020,	302,   8, 310
0.060, 0.020, 0.020,	302,   8, 310
0.070, 0.020, 0.020,	302,   8, 310
0.080, 0.020, 0.020,	302,  16, 318
0.090, 0.020, 0.020,	302,  16, 318
0.100, 0.020, 0.020,	302,  16, 318
0.110, 0.020, 0.020,	302,  24, 326
0.120, 0.020, 0.020,	302,  28, 330
0.130, 0.020, 0.020,	302,  28, 330
0.140, 0.020, 0.020,	302,  36, 338
0.150, 0.020, 0.020,	302,  36, 338
0.160, 0.020, 0.020,	302,  40, 342
0.170, 0.020, 0.020,	302,  48, 350
0.180, 0.020, 0.020,	302,  56, 358
0.190, 0.020, 0.020,	302,  56, 358
0.200, 0.020, 0.020,	302,  64, 366
0.030, 0.030, 0.020,	302,   8, 310
0.040, 0.030, 0.020,	302,   8, 310
0.050, 0.030, 0.020,	302,  12, 314
0.060, 0.030, 0.020,	302,  12, 314
0.070, 0.030, 0.020,	302,  12, 314
0.080, 0.030, 0.020,	302,  20, 322
0.090, 0.030, 0.020,	302,  20, 322
0.100, 0.030, 0.020,	302,  20, 322
0.110, 0.030, 0.020,	302,  28, 330
0.120, 0.030, 0.020,	302,  32, 334
0.130, 0.030, 0.020,	302,  32, 334
0.140, 0.030, 0.020,	302,  40, 342
0.150, 0.030, 0.020,	302,  40, 342
0.160, 0.030, 0.020,	302,  44, 346
0.170, 0.030, 0.020,	302,  52, 354
0.180, 0.030, 0.020,	302,  60, 362
0.190, 0.030, 0.020,	302,  60, 362
0.200, 0.030, 0.020,	302,  68, 370
0.040, 0.040, 0.020,	302,   8, 310
0.050, 0.040, 0.020,	302,  12, 314
0.060, 0.040, 0.020,	302,  12, 314
0.070, 0.040, 0.020,	302,  12, 314
0.080, 0.040, 0.020,	302,  20, 322
0.090, 0.040, 0.020,	302,  20, 322
0.100, 0.040, 0.020,	302,  20, 322
0.110, 0.040, 0.020,	302,  28, 330
0.120, 0.040, 0.020,	302,  32, 334
0.130, 0.040, 0.020,	302,  32, 334
0.140, 0.040, 0.020,	302,  40, 342
0.150, 0.040, 0.020,	302,  40, 342
0.160, 0.040, 0.020,	302,  44, 346
0.170, 0.040, 0.020,	302,  52, 354
0.180, 0.040, 0.020,	302,  60, 362
0.190, 0.040, 0.020,	302,  60, 362
0.200, 0.040, 0.020,	302,  68, 370
0.050, 0.050, 0.020,	302,  16, 318
0.060, 0.050, 0.020,	302,  16, 318
0.070, 0.050, 0.020,	302,  16, 318
0.080, 0.050, 0.020,	302,  24, 326
0.090, 0.050, 0.020,	302,  24, 326
0.100, 0.050, 0.020,	302,  24, 326
0.110, 0.050, 0.020,	302,  32, 334
0.120, 0.050, 0.020,	302,  36, 338
0.130, 0.050, 0.020,	302,  36, 338
0.140, 0.050, 0.020,	302,  44, 346
0.150, 0.050, 0.020,	302,  44, 346
0.160, 0.050, 0.020,	302,  48, 350
0.170, 0.050, 0.020,	302,  56, 358
0.180, 0.050, 0.020,	302,  64, 366
0.190, 0.050, 0.020,	302,  64, 366
0.200, 0.050, 0.020,	302,  72, 374
0.060, 0.060, 0.020,	302,  16, 318
0.070, 0.060, 0.020,	302,  16, 318
0.080, 0.060, 0.020,	302,  24, 326
0.090, 0.060, 0.020,	302,  24, 326
0.100, 0.060, 0.020,	302,  24, 326
0.110, 0.060, 0.020,	302,  32, 334
0.120, 0.060, 0.020,	302,  36, 338
0.130, 0.060, 0.020,	302,  36, 338
0.140, 0.060, 0.020,	302,  44, 346
0.150, 0.060, 0.020,	302,  44, 346
0.160, 0.060, 0.020,	302,  48, 350
0.170, 0.060, 0.020,	302,  56, 358
0.180, 0.060, 0.020,	302,  64, 366
0.190, 0.060, 0.020,	302,  64, 366
0.200, 0.060, 0.020,	302,  72, 374
0.070, 0.070, 0.020,	302,  16, 318
0.080, 0.070, 0.020,	302,  24, 326
0.090, 0.070, 0.020,	302,  24, 326
0.100, 0.070, 0.020,	302,  24, 326
0.110, 0.070, 0.020,	302,  32, 334
0.120, 0.070, 0.020,	302,  36, 338
0.130, 0.070, 0.020,	302,  36, 338
0.140, 0.070, 0.020,	302,  44, 346
0.150, 0.070, 0.020,	302,  44, 346
0.160, 0.070, 0.020,	302,  48, 350
0.170, 0.070, 0.020,	302,  56, 358
0.180, 0.070, 0.020,	302,  64, 366
0.190, 0.070, 0.020,	302,  64, 366
0.200, 0.070, 0.020,	302,  72, 374
0.080, 0.080, 0.020,	302,  28, 330
0.090, 0.080, 0.020,	302,  28, 330
0.100, 0.080, 0.020,	302,  28, 330
0.110, 0.080, 0.020,	302,  36, 338
0.120, 0.080, 0.020,	302,  40, 342
0.130, 0.080, 0.020,	302,  40, 342
0.140, 0.080, 0.020,	302,  48, 350
0.150, 0.080, 0.020,	302,  48, 350
0.160, 0.080, 0.020,	302,  52, 354
0.170, 0.080, 0.020,	302,  60, 362
0.180, 0.080, 0.020,	302,  68, 370
0.190, 0.080, 0.020,	302,  68, 370
0.200, 0.080, 0.020,	302,  76, 378
0.090, 0.090, 0.020,	302,  28, 330
0.100, 0.090, 0.020,	302,  28, 330
0.110, 0.090, 0.020,	302,  36, 338
0.120, 0.090, 0.020,	302,  40, 342
0.130, 0.090, 0.020,	302,  40, 342
0.140, 0.090, 0.020,	302,  48, 350
0.150, 0.090, 0.020,	302,  48, 350
0.160, 0.090, 0.020,	302,  52, 354
0.170, 0.090, 0.020,	302,  60, 362
0.180, 0.090, 0.020,	302,  68, 370
0.190, 0.090, 0.020,	302,  68, 370
0.200, 0.090, 0.020,	302,  76, 378
0.100, 0.100, 0.020,	302,  28, 330
0.110, 0.100, 0.020,	302,  36, 338
0.120, 0.100, 0.020,	302,  40, 342
0.130, 0.100, 0.020,	302,  40, 342
0.140, 0.100, 0.020,	302,  48, 350
0.150, 0.100, 0.020,	302,  48, 350
0.160, 0.100, 0.020,	302,  52, 354
0.170, 0.100, 0.020,	302,  60, 362
0.180, 0.100, 0.020,	302,  68, 370
0.190, 0.100, 0.020,	302,  68, 370
0.200, 0.100, 0.020,	302,  76, 378
0.110, 0.110, 0.020,	302,  44, 346
0.120, 0.110, 0.020,	302,  48, 350
0.130, 0.110, 0.020,	302,  48, 350
0.140, 0.110, 0.020,	302,  56, 358
0.150, 0.110, 0.020,	302,  56, 358
0.160, 0.110, 0.020,	302,  60, 362
0.170, 0.110, 0.020,	302,  68, 370
0.180, 0.110, 0.020,	302,  76, 378
0.190, 0.110, 0.020,	302,  76, 378
0.200, 0.110, 0.020,	302,  84, 386
0.120, 0.120, 0.020,	302,  48, 350
0.130, 0.120, 0.020,	302,  48, 350
0.140, 0.120, 0.020,	302,  56, 358
0.150, 0.120, 0.020,	302,  56, 358
0.160, 0.120, 0.020,	302,  60, 362
0.170, 0.120, 0.020,	302,  68, 370
0.180, 0.120, 0.020,	302,  76, 378
0.190, 0.120, 0.020,	302,  76, 378
0.200, 0.120, 0.020,	302,  84, 386
0.130, 0.130, 0.020,	302,  48, 350
0.140, 0.130, 0.020,	302,  56, 358
0.150, 0.130, 0.020,	302,  56, 358
0.160, 0.130, 0.020,	302,  60, 362
0.170, 0.130, 0.020,	302,  68, 370
0.180, 0.130, 0.020,	302,  76, 378
0.190, 0.130, 0.020,	302,  76, 378
0.200, 0.130, 0.020,	302,  84, 386
0.140, 0.140, 0.020,	302,  60, 362
0.150, 0.140, 0.020,	302,  60, 362
0.160, 0.140, 0.020,	302,  64, 366
0.170, 0.140, 0.020,	302,  72, 374
0.180, 0.140, 0.020,	302,  80, 382
0.190, 0.140, 0.020,	302,  80, 382
0.200, 0.140, 0.020,	302,  88, 390
0.150, 0.150, 0.020,	302,  60, 362
0.160, 0.150, 0.020,	302,  64, 366
0.170, 0.150, 0.020,	302,  72, 374
0.180, 0.150, 0.020,	302,  80, 382
0.190, 0.150, 0.020,	302,  80, 382
0.200, 0.150, 0.020,	302,  88, 390
0.160, 0.160, 0.020,	302,  68, 370
0.170, 0.160, 0.020,	302,  76, 378
0.180, 0.160, 0.020,	302,  84, 386
0.190, 0.160, 0.020,	302,  84, 386
0.200, 0.160, 0.020,	302,  92, 394
0.170, 0.170, 0.020,	302,  84, 386
0.180, 0.170, 0.020,	302,  92, 394
0.190, 0.170, 0.020,	302,  92, 394
0.200, 0.170, 0.020,	302, 100, 402
0.180, 0.180, 0.020,	302,  92, 394
0.190, 0.180, 0.020,	302,  92, 394
0.200, 0.180, 0.020,	302, 100, 402
0.190, 0.190, 0.020,	302,  92, 394
0.200, 0.190, 0.020,	302, 100, 402
0.200, 0.200, 0.020,	302, 104, 406
0.030, 0.030, 0.030,	302,  24, 326
0.040, 0.030, 0.030,	302,  24, 326
0.050, 0.030, 0.030,	302,  28, 330
0.060, 0.030, 0.030,	302,  28, 330
0.070, 0.030, 0.030,	302,  28, 330
0.080, 0.030, 0.030,	302,  36, 338
0.090, 0.030, 0.030,	302,  36, 338
0.100, 0.030, 0.030,	302,  36, 338
0.110, 0.030, 0.030,	302,  44, 346
0.120, 0.030, 0.030,	302,  48, 350
0.130, 0.030, 0.030,	302,  48, 350
0.140, 0.030, 0.030,	302,  56, 358
0.150, 0.030, 0.030,	302,  56, 358
0.160, 0.030, 0.030,	302,  60, 362
0.170, 0.030, 0.030,	302,  68, 370
0.180, 0.030, 0.030,	302,  76, 378
0.190, 0.030, 0.030,	302,  76, 378
0.200, 0.030, 0.030,	302,  84, 386
0.040, 0.040, 0.030,	302,  24, 326
0.050, 0.040, 0.030,	302,  28, 330
0.060, 0.040, 0.030,	302,  28, 330
0.070, 0.040, 0.030,	302,  28, 330
0.080, 0.040, 0.030,	302,  36, 338
0.090, 0.040, 0.030,	302,  36, 338
0.100, 0.040, 0.030,	302,  36, 338
0.110, 0.040, 0.030,	302,  44, 346
0.120, 0.040, 0.030,	302,  48, 350
0.130, 0.040, 0.030,	302,  48, 350
0.140, 0.040, 0.030,	302,  56, 358
0.150, 0.040, 0.030,	302,  56, 358
0.160, 0.040, 0.030,	302,  60, 362
0.170, 0.040, 0.030,	302,  68, 370
0.180, 0.040, 0.030,	302,  76, 378
0.190, 0.040, 0.030,	302,  76, 378
0.200, 0.040, 0.030,	302,  84, 386
0.050, 0.050, 0.030,	302,  32, 334
0.060, 0.050, 0.030,	302,  32, 334
0.070, 0.050, 0.030,	302,  32, 334
0.080, 0.050, 0.030,	302,  40, 342
0.090, 0.050, 0.030,	302,  40, 342
0.100, 0.050, 0.030,	302,  40, 342
0.110, 0.050, 0.030,	302,  48, 350
0.120, 0.050, 0.030,	302,  52, 354
0.130, 0.050, 0.030,	302,  52, 354
0.140, 0.050, 0.030,	302,  60, 362
0.150, 0.050, 0.030,	302,  60, 362
0.160, 0.050, 0.030,	302,  64, 366
0.170, 0.050, 0.030,	302,  72, 374
0.180, 0.050, 0.030,	302,  80, 382
0.190, 0.050, 0.030,	302,  80, 382
0.200, 0.050, 0.030,	302,  88, 390
0.060, 0.060, 0.030,	302,  32, 334
0.070, 0.060, 0.030,	302,  32, 334
0.080, 0.060, 0.030,	302,  40, 342
0.090, 0.060, 0.030,	302,  40, 342
0.100, 0.060, 0.030,	302,  40, 342
0.110, 0.060, 0.030,	302,  48, 350
0.120, 0.060, 0.030,	302,  52, 354
0.130, 0.060, 0.030,	302,  52, 354
0.140, 0.060, 0.030,	302,  60, 362
0.150, 0.060, 0.030,	302,  60, 362
0.160, 0.060, 0.030,	302,  64, 366
0.170, 0.060, 0.030,	302,  72, 374
0.180, 0.060, 0.030,	302,  80, 382
0.190, 0.060, 0.030,	302,  80, 382
0.200, 0.060, 0.030,	302,  88, 390
0.070, 0.070, 0.030,	302,  32, 334
0.080, 0.070, 0.030,	302,  40, 342
0.090, 0.070, 0.030,	302,  40, 342
0.100, 0.070, 0.030,	302,  40, 342
0.110, 0.070, 0.030,	302,  48, 350
0.120, 0.070, 0.030,	302,  52, 354
0.130, 0.070, 0.030,	302,  52, 354
0.140, 0.070, 0.030,	302,  60, 362
0.150, 0.070, 0.030,	302,  60, 362
0.160, 0.070, 0.030,	302,  64, 366
0.170, 0.070, 0.030,	302,  72, 374
0.180, 0.070, 0.030,	302,  80, 382
0.190, 0.070, 0.030,	302,  80, 382
0.200, 0.070, 0.030,	302,  88, 390
0.080, 0.080, 0.030,	302,  44, 346
0.090, 0.080, 0.030,	302,  44, 346
0.100, 0.080, 0.030,	302,  44, 346
0.110, 0.080, 0.030,	302,  52, 354
0.120, 0.080, 0.030,	302,  56, 358
0.130, 0.080, 0.030,	302,  56, 358
0.140, 0.080, 0.030,	302,  64, 366
0.150, 0.080, 0.030,	302,  64, 366
0.160, 0.080, 0.030,	302,  68, 370
0.170, 0.080, 0.030,	302,  76, 378
0.180, 0.080, 0.030,	302,  84, 386
0.190, 0.080, 0.030,	302,  84, 386
0.200, 0.080, 0.030,	302,  92, 394
0.090, 0.090, 0.030,	302,  44, 346
0.100, 0.090, 0.030,	302,  44, 346
0.110, 0.090, 0.030,	302,  52, 354
0.120, 0.090, 0.030,	302,  56, 358
0.130, 0.090, 0.030,	302,  56, 358
0.140, 0.090, 0.030,	302,  64, 366
0.150, 0.090, 0.030,	302,  64, 366
0.160, 0.090, 0.030,	302,  68, 370
0.170, 0.090, 0.030,	302,  76, 378
0.180, 0.090, 0.030,	302,  84, 386
0.190, 0.090, 0.030,	302,  84, 386
0.200, 0.090, 0.030,	302,  92, 394
0.100, 0.100, 0.030,	302,  44, 346
0.110, 0.100, 0.030,	302,  52, 354
0.120, 0.100, 0.030,	302,  56, 358
0.130, 0.100, 0.030,	302,  56, 358
0.140, 0.100, 0.030,	302,  64, 366
0.150, 0.100, 0.030,	302,  64, 366
0.160, 0.100, 0.030,	302,  68, 370
0.170, 0.100, 0.030,	302,  76, 378
0.180, 0.100, 0.030,	302,  84, 386
0.190, 0.100, 0.030,	302,  84, 386
0.200, 0.100, 0.030,	302,  92, 394
0.110, 0.110, 0.030,	302,  60, 362
0.120, 0.110, 0.030,	302,  64, 366
0.130, 0.110, 0.030,	302,  64, 366
0.140, 0.110, 0.030,	302,  72, 374
0.150, 0.110, 0.030,	302,  72, 374
0.160, 0.110, 0.030,	302,  76, 378
0.170, 0.110, 0.030,	302,  84, 386
0.180, 0.110, 0.030,	302,  92, 394
0.190, 0.110, 0.030,	302,  92, 394
0.200, 0.110, 0.030,	302, 100, 402
0.120, 0.120, 0.030,	302,  64, 366
0.130, 0.120, 0.030,	302,  64, 366
0.140, 0.120, 0.030,	302,  72, 374
0.150, 0.120, 0.030,	302,  72, 374
0.160, 0.120, 0.030,	302,  76, 378
0.170, 0.120, 0.030,	302,  84, 386
0.180, 0.120, 0.030,	302,  92, 394
0.190, 0.120, 0.030,	302,  92, 394
0.200, 0.120, 0.030,	302, 100, 402
0.130, 0.130, 0.030,	302,  64, 366
0.140, 0.130, 0.030,	302,  72, 374
0.150, 0.130, 0.030,	302,  72, 374
0.160, 0.130, 0.030,	302,  76, 378
0.170, 0.130, 0.030,	302,  84, 386
0.180, 0.130, 0.030,	302,  92, 394
0.190, 0.130, 0.030,	302,  92, 394
0.200, 0.130, 0.030,	302, 100, 402
0.140, 0.140, 0.030,	302,  76, 378
0.150, 0.140, 0.030,	302,  76, 378
0.160, 0.140, 0.030,	302,  80, 382
0.170, 0.140, 0.030,	302,  88, 390
0.180, 0.140, 0.030,	302,  96, 398
0.190, 0.140, 0.030,	302,  96, 398
0.200, 0.140, 0.030,	302, 104, 406
0.150, 0.150, 0.030,	302,  76, 378
0.160, 0.150, 0.030,	302,  80, 382
0.170, 0.150, 0.030,	302,  88, 390
0.180, 0.150, 0.030,	302,  96, 398
0.190, 0.150, 0.030,	302,  96, 398
0.200, 0.150, 0.030,	302, 104, 406
0.160, 0.160, 0.030,	302,  84, 386
0.170, 0.160, 0.030,	302,  92, 394
0.180, 0.160, 0.030,	302, 100, 402
0.190, 0.160, 0.030,	302, 100, 402
0.200, 0.160, 0.030,	302, 108, 410
0.170, 0.170, 0.030,	302, 100, 402
0.180, 0.170, 0.030,	302, 108, 410
0.190, 0.170, 0.030,	302, 108, 410
0.200, 0.170, 0.030,	302, 116, 418
0.180, 0.180, 0.030,	302, 108, 410
0.190, 0.180, 0.030,	302, 108, 410
0.200, 0.180, 0.030,	302, 116, 418
0.190, 0.190, 0.030,	302, 108, 410
0.200, 0.190, 0.030,	302, 116, 418
0.200, 0.200, 0.030,	302, 120, 422
0.040, 0.040, 0.040,	302,  24, 326
0.050, 0.040, 0.040,	302,  28, 330
0.060, 0.040, 0.040,	302,  28, 330
0.070, 0.040, 0.040,	302,  28, 330
0.080, 0.040, 0.040,	302,  36, 338
0.090, 0.040, 0.040,	302,  36, 338
0.100, 0.040, 0.040,	302,  36, 338
0.110, 0.040, 0.040,	302,  44, 346
0.120, 0.040, 0.040,	302,  48, 350
0.130, 0.040, 0.040,	302,  48, 350
0.140, 0.040, 0.040,	302,  56, 358
0.150, 0.040, 0.040,	302,  56, 358
0.160, 0.040, 0.040,	302,  60, 362
0.170, 0.040, 0.040,	302,  68, 370
0.180, 0.040, 0.040,	302,  76, 378
0.190, 0.040, 0.040,	302,  76, 378
0.200, 0.040, 0.040,	302,  84, 386
0.050, 0.050, 0.040,	302,  32, 334
0.060, 0.050, 0.040,	302,  32, 334
0.070, 0.050, 0.040,	302,  32, 334
0.080, 0.050, 0.040,	302,  40, 342
0.090, 0.050, 0.040,	302,  40, 342
0.100, 0.050, 0.040,	302,  40, 342
0.110, 0.050, 0.040,	302,  48, 350
0.120, 0.050, 0.040,	302,  52, 354
0.130, 0.050, 0.040,	302,  52, 354
0.140, 0.050, 0.040,	302,  60, 362
0.150, 0.050, 0.040,	302,  60, 362
0.160, 0.050, 0.040,	302,  64, 366
0.170, 0.050, 0.040,	302,  72, 374
0.180, 0.050, 0.040,	302,  80, 382
0.190, 0.050, 0.040,	302,  80, 382
0.200, 0.050, 0.040,	302,  88, 390
0.060, 0.060, 0.040,	302,  32, 334
0.070, 0.060, 0.040,	302,  32, 334
0.080, 0.060, 0.040,	302,  40, 342
0.090, 0.060, 0.040,	302,  40, 342
0.100, 0.060, 0.040,	302,  40, 342
0.110, 0.060, 0.040,	302,  48, 350
0.120, 0.060, 0.040,	302,  52, 354
0.130, 0.060, 0.040,	302,  52, 354
0.140, 0.060, 0.040,	302,  60, 362
0.150, 0.060, 0.040,	302,  60, 362
0.160, 0.060, 0.040,	302,  64, 366
0.170, 0.060, 0.040,	302,  72, 374
0.180, 0.060, 0.040,	302,  80, 382
0.190, 0.060, 0.040,	302,  80, 382
0.200, 0.060, 0.040,	302,  88, 390
0.070, 0.070, 0.040,	302,  32, 334
0.080, 0.070, 0.040,	302,  40, 342
0.090, 0.070, 0.040,	302,  40, 342
0.100, 0.070, 0.040,	302,  40, 342
0.110, 0.070, 0.040,	302,  48, 350
0.120, 0.070, 0.040,	302,  52, 354
0.130, 0.070, 0.040,	302,  52, 354
0.140, 0.070, 0.040,	302,  60, 362
0.150, 0.070, 0.040,	302,  60, 362
0.160, 0.070, 0.040,	302,  64, 366
0.170, 0.070, 0.040,	302,  72, 374
0.180, 0.070, 0.040,	302,  80, 382
0.190, 0.070, 0.040,	302,  80, 382
0.200, 0.070, 0.040,	302,  88, 390
0.080, 0.080, 0.040,	302,  44, 346
0.090, 0.080, 0.040,	302,  44, 346
0.100, 0.080, 0.040,	302,  44, 346
0.110, 0.080, 0.040,	302,  52, 354
0.120, 0.080, 0.040,	302,  56, 358
0.130, 0.080, 0.040,	302,  56, 358
0.140, 0.080, 0.040,	302,  64, 366
0.150, 0.080, 0.040,	302,  64, 366
0.160, 0.080, 0.040,	302,  68, 370
0.170, 0.080, 0.040,	302,  76, 378
0.180, 0.080, 0.040,	302,  84, 386
0.190, 0.080, 0.040,	302,  84, 386
0.200, 0.080, 0.040,	302,  92, 394
0.090, 0.090, 0.040,	302,  44, 346
0.100, 0.090, 0.040,	302,  44, 346
0.110, 0.090, 0.040,	302,  52, 354
0.120, 0.090, 0.040,	302,  56, 358
0.130, 0.090, 0.040,	302,  56, 358
0.140, 0.090, 0.040,	302,  64, 366
0.150, 0.090, 0.040,	302,  64, 366
0.160, 0.090, 0.040,	302,  68, 370
0.170, 0.090, 0.040,	302,  76, 378
0.180, 0.090, 0.040,	302,  84, 386
0.190, 0.090, 0.040,	302,  84, 386
0.200, 0.090, 0.040,	302,  92, 394
0.100, 0.100, 0.040,	302,  44, 346
0.110, 0.100, 0.040,	302,  52, 354
0.120, 0.100, 0.040,	302,  56, 358
0.130, 0.100, 0.040,	302,  56, 358
0.140, 0.100, 0.040,	302,  64, 366
0.150, 0.100, 0.040,	302,  64, 366
0.160, 0.100, 0.040,	302,  68, 370
0.170, 0.100, 0.040,	302,  76, 378
0.180, 0.100, 0.040,	302,  84, 386
0.190, 0.100, 0.040,	302,  84, 386
0.200, 0.100, 0.040,	302,  92, 394
0.110, 0.110, 0.040,	302,  60, 362
0.120, 0.110, 0.040,	302,  64, 366
0.130, 0.110, 0.040,	302,  64, 366
0.140, 0.110, 0.040,	302,  72, 374
0.150, 0.110, 0.040,	302,  72, 374
0.160, 0.110, 0.040,	302,  76, 378
0.170, 0.110, 0.040,	302,  84, 386
0.180, 0.110, 0.040,	302,  92, 394
0.190, 0.110, 0.040,	302,  92, 394
0.200, 0.110, 0.040,	302, 100, 402
0.120, 0.120, 0.040,	302,  64, 366
0.130, 0.120, 0.040,	302,  64, 366
0.140, 0.120, 0.040,	302,  72, 374
0.150, 0.120, 0.040,	302,  72, 374
0.160, 0.120, 0.040,	302,  76, 378
0.170, 0.120, 0.040,	302,  84, 386
0.180, 0.120, 0.040,	302,  92, 394
0.190, 0.120, 0.040,	302,  92, 394
0.200, 0.120, 0.040,	302, 100, 402
0.130, 0.130, 0.040,	302,  64, 366
0.140, 0.130, 0.040,	302,  72, 374
0.150, 0.130, 0.040,	302,  72, 374
0.160, 0.130, 0.040,	302,  76, 378
0.170, 0.130, 0.040,	302,  84, 386
0.180, 0.130, 0.040,	302,  92, 394
0.190, 0.130, 0.040,	302,  92, 394
0.200, 0.130, 0.040,	302, 100, 402
0.140, 0.140, 0.040,	302,  76, 378
0.150, 0.140, 0.040,	302,  76, 378
0.160, 0.140, 0.040,	302,  80, 382
0.170, 0.140, 0.040,	302,  88, 390
0.180, 0.140, 0.040,	302,  96, 398
0.190, 0.140, 0.040,	302,  96, 398
0.200, 0.140, 0.040,	302, 104, 406
0.150, 0.150, 0.040,	302,  76, 378
0.160, 0.150, 0.040,	302,  80, 382
0.170, 0.150, 0.040,	302,  88, 390
0.180, 0.150, 0.040,	302,  96, 398
0.190, 0.150, 0.040,	302,  96, 398
0.200, 0.150, 0.040,	302, 104, 406
0.160, 0.160, 0.040,	302,  84, 386
0.170, 0.160, 0.040,	302,  92, 394
0.180, 0.160, 0.040,	302, 100, 402
0.190, 0.160, 0.040,	302, 100, 402
0.200, 0.160, 0.040,	302, 108, 410
0.170, 0.170, 0.040,	302, 100, 402
0.180, 0.170, 0.040,	302, 108, 410
0.190, 0.170, 0.040,	302, 108, 410
0.200, 0.170, 0.040,	302, 116, 418
0.180, 0.180, 0.040,	302, 108, 410
0.190, 0.180, 0.040,	302, 108, 410
0.200, 0.180, 0.040,	302, 116, 418
0.190, 0.190, 0.040,	302, 108, 410
0.200, 0.190, 0.040,	302, 116, 418
0.200, 0.200, 0.040,	302, 120, 422
0.050, 0.050, 0.050,	302,  48, 350
0.060, 0.050, 0.050,	302,  48, 350
0.070, 0.050, 0.050,	302,  48, 350
0.080, 0.050, 0.050,	302,  56, 358
0.090, 0.050, 0.050,	302,  56, 358
0.100, 0.050, 0.050,	302,  56, 358
0.110, 0.050, 0.050,	302,  64, 366
0.120, 0.050, 0.050,	302,  68, 370
0.130, 0.050, 0.050,	302,  68, 370
0.140, 0.050, 0.050,	302,  76, 378
0.150, 0.050, 0.050,	302,  76, 378
0.160, 0.050, 0.050,	302,  80, 382
0.170, 0.050, 0.050,	302,  88, 390
0.180, 0.050, 0.050,	302,  96, 398
0.190, 0.050, 0.050,	302,  96, 398
0.200, 0.050, 0.050,	302, 104, 406
0.060, 0.060, 0.050,	302,  48, 350
0.070, 0.060, 0.050,	302,  48, 350
0.080, 0.060, 0.050,	302,  56, 358
0.090, 0.060, 0.050,	302,  56, 358
0.100, 0.060, 0.050,	302,  56, 358
0.110, 0.060, 0.050,	302,  64, 366
0.120, 0.060, 0.050,	302,  68, 370
0.130, 0.060, 0.050,	302,  68, 370
0.140, 0.060, 0.050,	302,  76, 378
0.150, 0.060, 0.050,	302,  76, 378
0.160, 0.060, 0.050,	302,  80, 382
0.170, 0.060, 0.050,	302,  88, 390
0.180, 0.060, 0.050,	302,  96, 398
0.190, 0.060, 0.050,	302,  96, 398
0.200, 0.060, 0.050,	302, 104, 406
0.070, 0.070, 0.050,	302,  48, 350
0.080, 0.070, 0.050,	302,  56, 358
0.090, 0.070, 0.050,	302,  56, 358
0.100, 0.070, 0.050,	302,  56, 358
0.110, 0.070, 0.050,	302,  64, 366
0.120, 0.070, 0.050,	302,  68, 370
0.130, 0.070, 0.050,	302,  68, 370
0.140, 0.070, 0.050,	302,  76, 378
0.150, 0.070, 0.050,	302,  76, 378
0.160, 0.070, 0.050,	302,  80, 382
0.170, 0.070, 0.050,	302,  88, 390
0.180, 0.070, 0.050,	302,  96, 398
0.190, 0.070, 0.050,	302,  96, 398
0.200, 0.070, 0.050,	302, 104, 406
0.080, 0.080, 0.050,	302,  60, 362
0.090, 0.080, 0.050,	302,  60, 362
0.100, 0.080, 0.050,	302,  60, 362
0.110, 0.080, 0.050,	302,  68, 370
0.120, 0.080, 0.050,	302,  72, 374
0.130, 0.080, 0.050,	302,  72, 374
0.140, 0.080, 0.050,	302,  80, 382
0.150, 0.080, 0.050,	302,  80, 382
0.160, 0.080, 0.050,	302,  84, 386
0.170, 0.080, 0.050,	302,  92, 394
0.180, 0.080, 0.050,	302, 100, 402
0.190, 0.080, 0.050,	302, 100, 402
0.200, 0.080, 0.050,	302, 108, 410
0.090, 0.090, 0.050,	302,  60, 362
0.100, 0.090, 0.050,	302,  60, 362
0.110, 0.090, 0.050,	302,  68, 370
0.120, 0.090, 0.050,	302,  72, 374
0.130, 0.090, 0.050,	302,  72, 374
0.140, 0.090, 0.050,	302,  80, 382
0.150, 0.090, 0.050,	302,  80, 382
0.160, 0.090, 0.050,	302,  84, 386
0.170, 0.090, 0.050,	302,  92, 394
0.180, 0.090, 0.050,	302, 100, 402
0.190, 0.090, 0.050,	302, 100, 402
0.200, 0.090, 0.050,	302, 108, 410
0.100, 0.100, 0.050,	302,  60, 362
0.110, 0.100, 0.050,	302,  68, 370
0.120, 0.100, 0.050,	302,  72, 374
0.130, 0.100, 0.050,	302,  72, 374
0.140, 0.100, 0.050,	302,  80, 382
0.150, 0.100, 0.050,	302,  80, 382
0.160, 0.100, 0.050,	302,  84, 386
0.170, 0.100, 0.050,	302,  92, 394
0.180, 0.100, 0.050,	302, 100, 402
0.190, 0.100, 0.050,	302, 100, 402
0.200, 0.100, 0.050,	302, 108, 410
0.110, 0.110, 0.050,	302,  76, 378
0.120, 0.110, 0.050,	302,  80, 382
0.130, 0.110, 0.050,	302,  80, 382
0.140, 0.110, 0.050,	302,  88, 390
0.150, 0.110, 0.050,	302,  88, 390
0.160, 0.110, 0.050,	302,  92, 394
0.170, 0.110, 0.050,	302, 100, 402
0.180, 0.110, 0.050,	302, 108, 410
0.190, 0.110, 0.050,	302, 108, 410
0.200, 0.110, 0.050,	302, 116, 418
0.120, 0.120, 0.050,	302,  80, 382
0.130, 0.120, 0.050,	302,  80, 382
0.140, 0.120, 0.050,	302,  88, 390
0.150, 0.120, 0.050,	302,  88, 390
0.160, 0.120, 0.050,	302,  92, 394
0.170, 0.120, 0.050,	302, 100, 402
0.180, 0.120, 0.050,	302, 108, 410
0.190, 0.120, 0.050,	302, 108, 410
0.200, 0.120, 0.050,	302, 116, 418
0.130, 0.130, 0.050,	302,  80, 382
0.140, 0.130, 0.050,	302,  88, 390
0.150, 0.130, 0.050,	302,  88, 390
0.160, 0.130, 0.050,	302,  92, 394
0.170, 0.130, 0.050,	302, 100, 402
0.180, 0.130, 0.050,	302, 108, 410
0.190, 0.130, 0.050,	302, 108, 410
0.200, 0.130, 0.050,	302, 116, 418
0.140, 0.140, 0.050,	302,  92, 394
0.150, 0.140, 0.050,	302,  92, 394
0.160, 0.140, 0.050,	302,  96, 398
0.170, 0.140, 0.050,	302, 104, 406
0.180, 0.140, 0.050,	302, 112, 414
0.190, 0.140, 0.050,	302, 112, 414
0.200, 0.140, 0.050,	302, 120, 422
0.150, 0.150, 0.050,	302,  92, 394
0.160, 0.150, 0.050,	302,  96, 398
0.170, 0.150, 0.050,	302, 104, 406
0.180, 0.150, 0.050,	302, 112, 414
0.190, 0.150, 0.050,	302, 112, 414
0.200, 0.150, 0.050,	302, 120, 422
0.160, 0.160, 0.050,	302, 100, 402
0.170, 0.160, 0.050,	302, 108, 410
0.180, 0.160, 0.050,	302, 116, 418
0.190, 0.160, 0.050,	302, 116, 418
0.200, 0.160, 0.050,	302, 124, 426
0.170, 0.170, 0.050,	302, 116, 418
0.180, 0.170, 0.050,	302, 124, 426
0.190, 0.170, 0.050,	302, 124, 426
0.200, 0.170, 0.050,	302, 132, 434
0.180, 0.180, 0.050,	302, 124, 426
0.190, 0.180, 0.050,	302, 124, 426
0.200, 0.180, 0.050,	302, 132, 434
0.190, 0.190, 0.050,	302, 124, 426
0.200, 0.190, 0.050,	302, 132, 434
0.200, 0.200, 0.050,	302, 136, 438
0.060, 0.060, 0.060,	302,  48, 350
0.070, 0.060, 0.060,	302,  48, 350
0.080, 0.060, 0.060,	302,  56, 358
0.090, 0.060, 0.060,	302,  56, 358
0.100, 0.060, 0.060,	302,  56, 358
0.110, 0.060, 0.060,	302,  64, 366
0.120, 0.060, 0.060,	302,  68, 370
0.130, 0.060, 0.060,	302,  68, 370
0.140, 0.060, 0.060,	302,  76, 378
0.150, 0.060, 0.060,	302,  76, 378
0.160, 0.060, 0.060,	302,  80, 382
0.170, 0.060, 0.060,	302,  88, 390
0.180, 0.060, 0.060,	302,  96, 398
0.190, 0.060, 0.060,	302,  96, 398
0.200, 0.060, 0.060,	302, 104, 406
0.070, 0.070, 0.060,	302,  48, 350
0.080, 0.070, 0.060,	302,  56, 358
0.090, 0.070, 0.060,	302,  56, 358
0.100, 0.070, 0.060,	302,  56, 358
0.110, 0.070, 0.060,	302,  64, 366
0.120, 0.070, 0.060,	302,  68, 370
0.130, 0.070, 0.060,	302,  68, 370
0.140, 0.070, 0.060,	302,  76, 378
0.150, 0.070, 0.060,	302,  76, 378
0.160, 0.070, 0.060,	302,  80, 382
0.170, 0.070, 0.060,	302,  88, 390
0.180, 0.070, 0.060,	302,  96, 398
0.190, 0.070, 0.060,	302,  96, 398
0.200, 0.070, 0.060,	302, 104, 406
0.080, 0.080, 0.060,	302,  60, 362
0.090, 0.080, 0.060,	302,  60, 362
0.100, 0.080, 0.060,	302,  60, 362
0.110, 0.080, 0.060,	302,  68, 370
0.120, 0.080, 0.060,	302,  72, 374
0.130, 0.080, 0.060,	302,  72, 374
0.140, 0.080, 0.060,	302,  80, 382
0.150, 0.080, 0.060,	302,  80, 382
0.160, 0.080, 0.060,	302,  84, 386
0.170, 0.080, 0.060,	302,  92, 394
0.180, 0.080, 0.060,	302, 100, 402
0.190, 0.080, 0.060,	302, 100, 402
0.200, 0.080, 0.060,	302, 108, 410
0.090, 0.090, 0.060,	302,  60, 362
0.100, 0.090, 0.060,	302,  60, 362
0.110, 0.090, 0.060,	302,  68, 370
0.120, 0.090, 0.060,	302,  72, 374
0.130, 0.090, 0.060,	302,  72, 374
0.140, 0.090, 0.060,	302,  80, 382
0.150, 0.090, 0.060,	302,  80, 382
0.160, 0.090, 0.060,	302,  84, 386
0.170, 0.090, 0.060,	302,  92, 394
0.180, 0.090, 0.060,	302, 100, 402
0.190, 0.090, 0.060,	302, 100, 402
0.200, 0.090, 0.060,	302, 108, 410
0.100, 0.100, 0.060,	302,  60, 362
0.110, 0.100, 0.060,	302,  68, 370
0.120, 0.100, 0.060,	302,  72, 374
0.130, 0.100, 0.060,	302,  72, 374
0.140, 0.100, 0.060,	302,  80, 382
0.150, 0.100, 0.060,	302,  80, 382
0.160, 0.100, 0.060,	302,  84, 386
0.170, 0.100, 0.060,	302,  92, 394
0.180, 0.100, 0.060,	302, 100, 402
0.190, 0.100, 0.060,	302, 100, 402
0.200, 0.100, 0.060,	302, 108, 410
0.110, 0.110, 0.060,	302,  76, 378
0.120, 0.110, 0.060,	302,  80, 382
0.130, 0.110, 0.060,	302,  80, 382
0.140, 0.110, 0.060,	302,  88, 390
0.150, 0.110, 0.060,	302,  88, 390
0.160, 0.110, 0.060,	302,  92, 394
0.170, 0.110, 0.060,	302, 100, 402
0.180, 0.110, 0.060,	302, 108, 410
0.190, 0.110, 0.060,	302, 108, 410
0.200, 0.110, 0.060,	302, 116, 418
0.120, 0.120, 0.060,	302,  80, 382
0.130, 0.120, 0.060,	302,  80, 382
0.140, 0.120, 0.060,	302,  88, 390
0.150, 0.120, 0.060,	302,  88, 390
0.160, 0.120, 0.060,	302,  92, 394
0.170, 0.120, 0.060,	302, 100, 402
0.180, 0.120, 0.060,	302, 108, 410
0.190, 0.120, 0.060,	302, 108, 410
0.200, 0.120, 0.060,	302, 116, 418
0.130, 0.130, 0.060,	302,  80, 382
0.140, 0.130, 0.060,	302,  88, 390
0.150, 0.130, 0.060,	302,  88, 390
0.160, 0.130, 0.060,	302,  92, 394
0.170, 0.130, 0.060,	302, 100, 402
0.180, 0.130, 0.060,	302, 108, 410
0.190, 0.130, 0.060,	302, 108, 410
0.200, 0.130, 0.060,	302, 116, 418
0.140, 0.140, 0.060,	302,  92, 394
0.150, 0.140, 0.060,	302,  92, 394
0.160, 0.140, 0.060,	302,  96, 398
0.170, 0.140, 0.060,	302, 104, 406
0.180, 0.140, 0.060,	302, 112, 414
0.190, 0.140, 0.060,	302, 112, 414
0.200, 0.140, 0.060,	302, 120, 422
0.150, 0.150, 0.060,	302,  92, 394
0.160, 0.150, 0.060,	302,  96, 398
0.170, 0.150, 0.060,	302, 104, 406
0.180, 0.150, 0.060,	302, 112, 414
0.190, 0.150, 0.060,	302, 112, 414
0.200, 0.150, 0.060,	302, 120, 422
0.160, 0.160, 0.060,	302, 100, 402
0.170, 0.160, 0.060,	302, 108, 410
0.180, 0.160, 0.060,	302, 116, 418
0.190, 0.160, 0.060,	302, 116, 418
0.200, 0.160, 0.060,	302, 124, 426
0.170, 0.170, 0.060,	302, 116, 418
0.180, 0.170, 0.060,	302, 124, 426
0.190, 0.170, 0.060,	302, 124, 426
0.200, 0.170, 0.060,	302, 132, 434
0.180, 0.180, 0.060,	302, 124, 426
0.190, 0.180, 0.060,	302, 124, 426
0.200, 0.180, 0.060,	302, 132, 434
0.190, 0.190, 0.060,	302, 124, 426
0.200, 0.190, 0.060,	302, 132, 434
0.200, 0.200, 0.060,	302, 136, 438
0.070, 0.070, 0.070,	302,  48, 350
0.080, 0.070, 0.070,	302,  56, 358
0.090, 0.070, 0.070,	302,  56, 358
0.100, 0.070, 0.070,	302,  56, 358
0.110, 0.070, 0.070,	302,  64, 366
0.120, 0.070, 0.070,	302,  68, 370
0.130, 0.070, 0.070,	302,  68, 370
0.140, 0.070, 0.070,	302,  76, 378
0.150, 0.070, 0.070,	302,  76, 378
0.160, 0.070, 0.070,	302,  80, 382
0.170, 0.070, 0.070,	302,  88, 390
0.180, 0.070, 0.070,	302,  96, 398
0.190, 0.070, 0.070,	302,  96, 398
0.200, 0.070, 0.070,	302, 104, 406
0.080, 0.080, 0.070,	302,  60, 362
0.090, 0.080, 0.070,	302,  60, 362
0.100, 0.080, 0.070,	302,  60, 362
0.110, 0.080, 0.070,	302,  68, 370
0.120, 0.080, 0.070,	302,  72, 374
0.130, 0.080, 0.070,	302,  72, 374
0.140, 0.080, 0.070,	302,  80, 382
0.150, 0.080, 0.070,	302,  80, 382
0.160, 0.080, 0.070,	302,  84, 386
0.170, 0.080, 0.070,	302,  92, 394
0.180, 0.080, 0.070,	302, 100, 402
0.190, 0.080, 0.070,	302, 100, 402
0.200, 0.080, 0.070,	302, 108, 410
0.090, 0.090, 0.070,	302,  60, 362
0.100, 0.090, 0.070,	302,  60, 362
0.110, 0.090, 0.070,	302,  68, 370
0.120, 0.090, 0.070,	302,  72, 374
0.130, 0.090, 0.070,	302,  72, 374
0.140, 0.090, 0.070,	302,  80, 382
0.150, 0.090, 0.070,	302,  80, 382
0.160, 0.090, 0.070,	302,  84, 386
0.170, 0.090, 0.070,	302,  92, 394
0.180, 0.090, 0.070,	302, 100, 402
0.190, 0.090, 0.070,	302, 100, 402
0.200, 0.090, 0.070,	302, 108, 410
0.100, 0.100, 0.070,	302,  60, 362
0.110, 0.100, 0.070,	302,  68, 370
0.120, 0.100, 0.070,	302,  72, 374
0.130, 0.100, 0.070,	302,  72, 374
0.140, 0.100, 0.070,	302,  80, 382
0.150, 0.100, 0.070,	302,  80, 382
0.160, 0.100, 0.070,	302,  84, 386
0.170, 0.100, 0.070,	302,  92, 394
0.180, 0.100, 0.070,	302, 100, 402
0.190, 0.100, 0.070,	302, 100, 402
0.200, 0.100, 0.070,	302, 108, 410
0.110, 0.110, 0.070,	302,  76, 378
0.120, 0.110, 0.070,	302,  80, 382
0.130, 0.110, 0.070,	302,  80, 382
0.140, 0.110, 0.070,	302,  88, 390
0.150, 0.110, 0.070,	302,  88, 390
0.160, 0.110, 0.070,	302,  92, 394
0.170, 0.110, 0.070,	302, 100, 402
0.180, 0.110, 0.070,	302, 108, 410
0.190, 0.110, 0.070,	302, 108, 410
0.200, 0.110, 0.070,	302, 116, 418
0.120, 0.120, 0.070,	302,  80, 382
0.130, 0.120, 0.070,	302,  80, 382
0.140, 0.120, 0.070,	302,  88, 390
0.150, 0.120, 0.070,	302,  88, 390
0.160, 0.120, 0.070,	302,  92, 394
0.170, 0.120, 0.070,	302, 100, 402
0.180, 0.120, 0.070,	302, 108, 410
0.190, 0.120, 0.070,	302, 108, 410
0.200, 0.120, 0.070,	302, 116, 418
0.130, 0.130, 0.070,	302,  80, 382
0.140, 0.130, 0.070,	302,  88, 390
0.150, 0.130, 0.070,	302,  88, 390
0.160, 0.130, 0.070,	302,  92, 394
0.170, 0.130, 0.070,	302, 100, 402
0.180, 0.130, 0.070,	302, 108, 410
0.190, 0.130, 0.070,	302, 108, 410
0.200, 0.130, 0.070,	302, 116, 418
0.140, 0.140, 0.070,	302,  92, 394
0.150, 0.140, 0.070,	302,  92, 394
0.160, 0.140, 0.070,	302,  96, 398
0.170, 0.140, 0.070,	302, 104, 406
0.180, 0.140, 0.070,	302, 112, 414
0.190, 0.140, 0.070,	302, 112, 414
0.200, 0.140, 0.070,	302, 120, 422
0.150, 0.150, 0.070,	302,  92, 394
0.160, 0.150, 0.070,	302,  96, 398
0.170, 0.150, 0.070,	302, 104, 406
0.180, 0.150, 0.070,	302, 112, 414
0.190, 0.150, 0.070,	302, 112, 414
0.200, 0.150, 0.070,	302, 120, 422
0.160, 0.160, 0.070,	302, 100, 402
0.170, 0.160, 0.070,	302, 108, 410
0.180, 0.160, 0.070,	302, 116, 418
0.190, 0.160, 0.070,	302, 116, 418
0.200, 0.160, 0.070,	302, 124, 426
0.170, 0.170, 0.070,	302, 116, 418
0.180, 0.170, 0.070,	302, 124, 426
0.190, 0.170, 0.070,	302, 124, 426
0.200, 0.170, 0.070,	302, 132, 434
0.180, 0.180, 0.070,	302, 124, 426
0.190, 0.180, 0.070,	302, 124, 426
0.200, 0.180, 0.070,	302, 132, 434
0.190, 0.190, 0.070,	302, 124, 426
0.200, 0.190, 0.070,	302, 132, 434
0.200, 0.200, 0.070,	302, 136, 438
0.080, 0.080, 0.080,	302,  92, 394
0.090, 0.080, 0.080,	302,  92, 394
0.100, 0.080, 0.080,	302,  92, 394
0.110, 0.080, 0.080,	302, 100, 402
0.120, 0.080, 0.080,	302, 104, 406
0.130, 0.080, 0.080,	302, 104, 406
0.140, 0.080, 0.080,	302, 112, 414
0.150, 0.080, 0.080,	302, 112, 414
0.160, 0.080, 0.080,	302, 116, 418
0.170, 0.080, 0.080,	302, 124, 426
0.180, 0.080, 0.080,	302, 132, 434
0.190, 0.080, 0.080,	302, 132, 434
0.200, 0.080, 0.080,	302, 140, 442
0.090, 0.090, 0.080,	302,  92, 394
0.100, 0.090, 0.080,	302,  92, 394
0.110, 0.090, 0.080,	302, 100, 402
0.120, 0.090, 0.080,	302, 104, 406
0.130, 0.090, 0.080,	302, 104, 406
0.140, 0.090, 0.080,	302, 112, 414
0.150, 0.090, 0.080,	302, 112, 414
0.160, 0.090, 0.080,	302, 116, 418
0.170, 0.090, 0.080,	302, 124, 426
0.180, 0.090, 0.080,	302, 132, 434
0.190, 0.090, 0.080,	302, 132, 434
0.200, 0.090, 0.080,	302, 140, 442
0.100, 0.100, 0.080,	302,  92, 394
0.110, 0.100, 0.080,	302, 100, 402
0.120, 0.100, 0.080,	302, 104, 406
0.130, 0.100, 0.080,	302, 104, 406
0.140, 0.100, 0.080,	302, 112, 414
0.150, 0.100, 0.080,	302, 112, 414
0.160, 0.100, 0.080,	302, 116, 418
0.170, 0.100, 0.080,	302, 124, 426
0.180, 0.100, 0.080,	302, 132, 434
0.190, 0.100, 0.080,	302, 132, 434
0.200, 0.100, 0.080,	302, 140, 442
0.110, 0.110, 0.080,	302, 108, 410
0.120, 0.110, 0.080,	302, 112, 414
0.130, 0.110, 0.080,	302, 112, 414
0.140, 0.110, 0.080,	302, 120, 422
0.150, 0.110, 0.080,	302, 120, 422
0.160, 0.110, 0.080,	302, 124, 426
0.170, 0.110, 0.080,	302, 132, 434
0.180, 0.110, 0.080,	302, 140, 442
0.190, 0.110, 0.080,	302, 140, 442
0.200, 0.110, 0.080,	302, 148, 450
0.120, 0.120, 0.080,	302, 112, 414
0.130, 0.120, 0.080,	302, 112, 414
0.140, 0.120, 0.080,	302, 120, 422
0.150, 0.120, 0.080,	302, 120, 422
0.160, 0.120, 0.080,	302, 124, 426
0.170, 0.120, 0.080,	302, 132, 434
0.180, 0.120, 0.080,	302, 140, 442
0.190, 0.120, 0.080,	302, 140, 442
0.200, 0.120, 0.080,	302, 148, 450
0.130, 0.130, 0.080,	302, 112, 414
0.140, 0.130, 0.080,	302, 120, 422
0.150, 0.130, 0.080,	302, 120, 422
0.160, 0.130, 0.080,	302, 124, 426
0.170, 0.130, 0.080,	302, 132, 434
0.180, 0.130, 0.080,	302, 140, 442
0.190, 0.130, 0.080,	302, 140, 442
0.200, 0.130, 0.080,	302, 148, 450
0.140, 0.140, 0.080,	302, 124, 426
0.150, 0.140, 0.080,	302, 124, 426
0.160, 0.140, 0.080,	302, 128, 430
0.170, 0.140, 0.080,	302, 136, 438
0.180, 0.140, 0.080,	302, 144, 446
0.190, 0.140, 0.080,	302, 144, 446
0.200, 0.140, 0.080,	302, 152, 454
0.150, 0.150, 0.080,	302, 124, 426
0.160, 0.150, 0.080,	302, 128, 430
0.170, 0.150, 0.080,	302, 136, 438
0.180, 0.150, 0.080,	302, 144, 446
0.190, 0.150, 0.080,	302, 144, 446
0.200, 0.150, 0.080,	302, 152, 454
0.160, 0.160, 0.080,	302, 132, 434
0.170, 0.160, 0.080,	302, 140, 442
0.180, 0.160, 0.080,	302, 148, 450
0.190, 0.160, 0.080,	302, 148, 450
0.200, 0.160, 0.080,	302, 156, 458
0.170, 0.170, 0.080,	302, 148, 450
0.180, 0.170, 0.080,	302, 156, 458
0.190, 0.170, 0.080,	302, 156, 458
0.200, 0.170, 0.080,	302, 164, 466
0.180, 0.180, 0.080,	302, 156, 458
0.190, 0.180, 0.080,	302, 156, 458
0.200, 0.180, 0.080,	302, 164, 466
0.190, 0.190, 0.080,	302, 156, 458
0.200, 0.190, 0.080,	302, 164, 466
0.200, 0.200, 0.080,	302, 168, 470
0.090, 0.090, 0.090,	302,  92, 394
0.100, 0.090, 0.090,	302,  92, 394
0.110, 0.090, 0.090,	302, 100, 402
0.120, 0.090, 0.090,	302, 104, 406
0.130, 0.090, 0.090,	302, 104, 406
0.140, 0.090, 0.090,	302, 112, 414
0.150, 0.090, 0.090,	302, 112, 414
0.160, 0.090, 0.090,	302, 116, 418
0.170, 0.090, 0.090,	302, 124, 426
0.180, 0.090, 0.090,	302, 132, 434
0.190, 0.090, 0.090,	302, 132, 434
0.200, 0.090, 0.090,	302, 140, 442
0.100, 0.100, 0.090,	302,  92, 394
0.110, 0.100, 0.090,	302, 100, 402
0.120, 0.100, 0.090,	302, 104, 406
0.130, 0.100, 0.090,	302, 104, 406
0.140, 0.100, 0.090,	302, 112, 414
0.150, 0.100, 0.090,	302, 112, 414
0.160, 0.100, 0.090,	302, 116, 418
0.170, 0.100, 0.090,	302, 124, 426
0.180, 0.100, 0.090,	302, 132, 434
0.190, 0.100, 0.090,	302, 132, 434
0.200, 0.100, 0.090,	302, 140, 442
0.110, 0.110, 0.090,	302, 108, 410
0.120, 0.110, 0.090,	302, 112, 414
0.130, 0.110, 0.090,	302, 112, 414
0.140, 0.110, 0.090,	302, 120, 422
0.150, 0.110, 0.090,	302, 120, 422
0.160, 0.110, 0.090,	302, 124, 426
0.170, 0.110, 0.090,	302, 132, 434
0.180, 0.110, 0.090,	302, 140, 442
0.190, 0.110, 0.090,	302, 140, 442
0.200, 0.110, 0.090,	302, 148, 450
0.120, 0.120, 0.090,	302, 112, 414
0.130, 0.120, 0.090,	302, 112, 414
0.140, 0.120, 0.090,	302, 120, 422
0.150, 0.120, 0.090,	302, 120, 422
0.160, 0.120, 0.090,	302, 124, 426
0.170, 0.120, 0.090,	302, 132, 434
0.180, 0.120, 0.090,	302, 140, 442
0.190, 0.120, 0.090,	302, 140, 442
0.200, 0.120, 0.090,	302, 148, 450
0.130, 0.130, 0.090,	302, 112, 414
0.140, 0.130, 0.090,	302, 120, 422
0.150, 0.130, 0.090,	302, 120, 422
0.160, 0.130, 0.090,	302, 124, 426
0.170, 0.130, 0.090,	302, 132, 434
0.180, 0.130, 0.090,	302, 140, 442
0.190, 0.130, 0.090,	302, 140, 442
0.200, 0.130, 0.090,	302, 148, 450
0.140, 0.140, 0.090,	302, 124, 426
0.150, 0.140, 0.090,	302, 124, 426
0.160, 0.140, 0.090,	302, 128, 430
0.170, 0.140, 0.090,	302, 136, 438
0.180, 0.140, 0.090,	302, 144, 446
0.190, 0.140, 0.090,	302, 144, 446
0.200, 0.140, 0.090,	302, 152, 454
0.150, 0.150, 0.090,	302, 124, 426
0.160, 0.150, 0.090,	302, 128, 430
0.170, 0.150, 0.090,	302, 136, 438
0.180, 0.150, 0.090,	302, 144, 446
0.190, 0.150, 0.090,	302, 144, 446
0.200, 0.150, 0.090,	302, 152, 454
0.160, 0.160, 0.090,	302, 132, 434
0.170, 0.160, 0.090,	302, 140, 442
0.180, 0.160, 0.090,	302, 148, 450
0.190, 0.160, 0.090,	302, 148, 450
0.200, 0.160, 0.090,	302, 156, 458
0.170, 0.170, 0.090,	302, 148, 450
0.180, 0.170, 0.090,	302, 156, 458
0.190, 0.170, 0.090,	302, 156, 458
0.200, 0.170, 0.090,	302, 164, 466
0.180, 0.180, 0.090,	302, 156, 458
0.190, 0.180, 0.090,	302, 156, 458
0.200, 0.180, 0.090,	302, 164, 466
0.190, 0.190, 0.090,	302, 156, 458
0.200, 0.190, 0.090,	302, 164, 466
0.200, 0.200, 0.090,	302, 168, 470
0.100, 0.100, 0.100,	302,  92, 394
0.110, 0.100, 0.100,	302, 100, 402
0.120, 0.100, 0.100,	302, 104, 406
0.130, 0.100, 0.100,	302, 104, 406
0.140, 0.100, 0.100,	302, 112, 414
0.150, 0.100, 0.100,	302, 112, 414
0.160, 0.100, 0.100,	302, 116, 418
0.170, 0.100, 0.100,	302, 124, 426
0.180, 0.100, 0.100,	302, 132, 434
0.190, 0.100, 0.100,	302, 132, 434
0.200, 0.100, 0.100,	302, 140, 442
0.110, 0.110, 0.100,	302, 108, 410
0.120, 0.110, 0.100,	302, 112, 414
0.130, 0.110, 0.100,	302, 112, 414
0.140, 0.110, 0.100,	302, 120, 422
0.150, 0.110, 0.100,	302, 120, 422
0.160, 0.110, 0.100,	302, 124, 426
0.170, 0.110, 0.100,	302, 132, 434
0.180, 0.110, 0.100,	302, 140, 442
0.190, 0.110, 0.100,	302, 140, 442
0.200, 0.110, 0.100,	302, 148, 450
0.120, 0.120, 0.100,	302, 112, 414
0.130, 0.120, 0.100,	302, 112, 414
0.140, 0.120, 0.100,	302, 120, 422
0.150, 0.120, 0.100,	302, 120, 422
0.160, 0.120, 0.100,	302, 124, 426
0.170, 0.120, 0.100,	302, 132, 434
0.180, 0.120, 0.100,	302, 140, 442
0.190, 0.120, 0.100,	302, 140, 442
0.200, 0.120, 0.100,	302, 148, 450
0.130, 0.130, 0.100,	302, 112, 414
0.140, 0.130, 0.100,	302, 120, 422
0.150, 0.130, 0.100,	302, 120, 422
0.160, 0.130, 0.100,	302, 124, 426
0.170, 0.130, 0.100,	302, 132, 434
0.180, 0.130, 0.100,	302, 140, 442
0.190, 0.130, 0.100,	302, 140, 442
0.200, 0.130, 0.100,	302, 148, 450
0.140, 0.140, 0.100,	302, 124, 426
0.150, 0.140, 0.100,	302, 124, 426
0.160, 0.140, 0.100,	302, 128, 430
0.170, 0.140, 0.100,	302, 136, 438
0.180, 0.140, 0.100,	302, 144, 446
0.190, 0.140, 0.100,	302, 144, 446
0.200, 0.140, 0.100,	302, 152, 454
0.150, 0.150, 0.100,	302, 124, 426
0.160, 0.150, 0.100,	302, 128, 430
0.170, 0.150, 0.100,	302, 136, 438
0.180, 0.150, 0.100,	302, 144, 446
0.190, 0.150, 0.100,	302, 144, 446
0.200, 0.150, 0.100,	302, 152, 454
0.160, 0.160, 0.100,	302, 132, 434
0.170, 0.160, 0.100,	302, 140, 442
0.180, 0.160, 0.100,	302, 148, 450
0.190, 0.160, 0.100,	302, 148, 450
0.200, 0.160, 0.100,	302, 156, 458
0.170, 0.170, 0.100,	302, 148, 450
0.180, 0.170, 0.100,	302, 156, 458
0.190, 0.170, 0.100,	302, 156, 458
0.200, 0.170, 0.100,	302, 164, 466
0.180, 0.180, 0.100,	302, 156, 458
0.190, 0.180, 0.100,	302, 156, 458
0.200, 0.180, 0.100,	302, 164, 466
0.190, 0.190, 0.100,	302, 156, 458
0.200, 0.190, 0.100,	302, 164, 466
0.200, 0.200, 0.100,	302, 168, 470
0.110, 0.110, 0.110,	302, 140, 442
0.120, 0.110, 0.110,	302, 144, 446
0.130, 0.110, 0.110,	302, 144, 446
0.140, 0.110, 0.110,	302, 152, 454
0.150, 0.110, 0.110,	302, 152, 454
0.160, 0.110, 0.110,	302, 156, 458
0.170, 0.110, 0.110,	302, 164, 466
0.180, 0.110, 0.110,	302, 172, 474
0.190, 0.110, 0.110,	302, 172, 474
0.200, 0.110, 0.110,	302, 180, 482
0.120, 0.120, 0.110,	302, 144, 446
0.130, 0.120, 0.110,	302, 144, 446
0.140, 0.120, 0.110,	302, 152, 454
0.150, 0.120, 0.110,	302, 152, 454
0.160, 0.120, 0.110,	302, 156, 458
0.170, 0.120, 0.110,	302, 164, 466
0.180, 0.120, 0.110,	302, 172, 474
0.190, 0.120, 0.110,	302, 172, 474
0.200, 0.120, 0.110,	302, 180, 482
0.130, 0.130, 0.110,	302, 144, 446
0.140, 0.130, 0.110,	302, 152, 454
0.150, 0.130, 0.110,	302, 152, 454
0.160, 0.130, 0.110,	302, 156, 458
0.170, 0.130, 0.110,	302, 164, 466
0.180, 0.130, 0.110,	302, 172, 474
0.190, 0.130, 0.110,	302, 172, 474
0.200, 0.130, 0.110,	302, 180, 482
0.140, 0.140, 0.110,	302, 156, 458
0.150, 0.140, 0.110,	302, 156, 458
0.160, 0.140, 0.110,	302, 160, 462
0.170, 0.140, 0.110,	302, 168, 470
0.180, 0.140, 0.110,	302, 176, 478
0.190, 0.140, 0.110,	302, 176, 478
0.200, 0.140, 0.110,	302, 184, 486
0.150, 0.150, 0.110,	302, 156, 458
0.160, 0.150, 0.110,	302, 160, 462
0.170, 0.150, 0.110,	302, 168, 470
0.180, 0.150, 0.110,	302, 176, 478
0.190, 0.150, 0.110,	302, 176, 478
0.200, 0.150, 0.110,	302, 184, 486
0.160, 0.160, 0.110,	302, 164, 466
0.170, 0.160, 0.110,	302, 172, 474
0.180, 0.160, 0.110,	302, 180, 482
0.190, 0.160, 0.110,	302, 180, 482
0.200, 0.160, 0.110,	302, 188, 490
0.170, 0.170, 0.110,	302, 180, 482
0.180, 0.170, 0.110,	302, 188, 490
0.190, 0.170, 0.110,	302, 188, 490
0.200, 0.170, 0.110,	302, 196, 498
0.180, 0.180, 0.110,	302, 188, 490
0.190, 0.180, 0.110,	302, 188, 490
0.200, 0.180, 0.110,	302, 196, 498
0.190, 0.190, 0.110,	302, 188, 490
0.200, 0.190, 0.110,	302, 196, 498
0.200, 0.200, 0.110,	302, 200, 502
0.120, 0.120, 0.120,	302, 160, 462
0.130, 0.120, 0.120,	302, 160, 462
0.140, 0.120, 0.120,	302, 168, 470
0.150, 0.120, 0.120,	302, 168, 470
0.160, 0.120, 0.120,	302, 172, 474
0.170, 0.120, 0.120,	302, 180, 482
0.180, 0.120, 0.120,	302, 188, 490
0.190, 0.120, 0.120,	302, 188, 490
0.200, 0.120, 0.120,	302, 196, 498
0.130, 0.130, 0.120,	302, 160, 462
0.140, 0.130, 0.120,	302, 168, 470
0.150, 0.130, 0.120,	302, 168, 470
0.160, 0.130, 0.120,	302, 172, 474
0.170, 0.130, 0.120,	302, 180, 482
0.180, 0.130, 0.120,	302, 188, 490
0.190, 0.130, 0.120,	302, 188, 490
0.200, 0.130, 0.120,	302, 196, 498
0.140, 0.140, 0.120,	302, 172, 474
0.150, 0.140, 0.120,	302, 172, 474
0.160, 0.140, 0.120,	302, 176, 478
0.170, 0.140, 0.120,	302, 184, 486
0.180, 0.140, 0.120,	302, 192, 494
0.190, 0.140, 0.120,	302, 192, 494
0.200, 0.140, 0.120,	302, 200, 502
0.150, 0.150, 0.120,	302, 172, 474
0.160, 0.150, 0.120,	302, 176, 478
0.170, 0.150, 0.120,	302, 184, 486
0.180, 0.150, 0.120,	302, 192, 494
0.190, 0.150, 0.120,	302, 192, 494
0.200, 0.150, 0.120,	302, 200, 502
0.160, 0.160, 0.120,	302, 180, 482
0.170, 0.160, 0.120,	302, 188, 490
0.180, 0.160, 0.120,	302, 196, 498
0.190, 0.160, 0.120,	302, 196, 498
0.200, 0.160, 0.120,	302, 204, 506
0.170, 0.170, 0.120,	302, 196, 498
0.180, 0.170, 0.120,	302, 204, 506
0.190, 0.170, 0.120,	302, 204, 506
0.200, 0.170, 0.120,	302, 212, 514
0.180, 0.180, 0.120,	302, 204, 506
0.190, 0.180, 0.120,	302, 204, 506
0.200, 0.180, 0.120,	302, 212, 514
0.190, 0.190, 0.120,	302, 204, 506
0.200, 0.190, 0.120,	302, 212, 514
0.200, 0.200, 0.120,	302, 216, 518
0.130, 0.130, 0.130,	302, 160, 462
0.140, 0.130, 0.130,	302, 168, 470
0.150, 0.130, 0.130,	302, 168, 470
0.160, 0.130, 0.130,	302, 172, 474
0.170, 0.130, 0.130,	302, 180, 482
0.180, 0.130, 0.130,	302, 188, 490
0.190, 0.130, 0.130,	302, 188, 490
0.200, 0.130, 0.130,	302, 196, 498
0.140, 0.140, 0.130,	302, 172, 474
0.150, 0.140, 0.130,	302, 172, 474
0.160, 0.140, 0.130,	302, 176, 478
0.170, 0.140, 0.130,	302, 184, 486
0.180, 0.140, 0.130,	302, 192, 494
0.190, 0.140, 0.130,	302, 192, 494
0.200, 0.140, 0.130,	302, 200, 502
0.150, 0.150, 0.130,	302, 172, 474
0.160, 0.150, 0.130,	302, 176, 478
0.170, 0.150, 0.130,	302, 184, 486
0.180, 0.150, 0.130,	302, 192, 494
0.190, 0.150, 0.130,	302, 192, 494
0.200, 0.150, 0.130,	302, 200, 502
0.160, 0.160, 0.130,	302, 180, 482
0.170, 0.160, 0.130,	302, 188, 490
0.180, 0.160, 0.130,	302, 196, 498
0.190, 0.160, 0.130,	302, 196, 498
0.200, 0.160, 0.130,	302, 204, 506
0.170, 0.170, 0.130,	302, 196, 498
0.180, 0.170, 0.130,	302, 204, 506
0.190, 0.170, 0.130,	302, 204, 506
0.200, 0.170, 0.130,	302, 212, 514
0.180, 0.180, 0.130,	302, 204, 506
0.190, 0.180, 0.130,	302, 204, 506
0.200, 0.180, 0.130,	302, 212, 514
0.190, 0.190, 0.130,	302, 204, 506
0.200, 0.190, 0.130,	302, 212, 514
0.200, 0.200, 0.130,	302, 216, 518
0.140, 0.140, 0.140,	302, 204, 506
0.150, 0.140, 0.140,	302, 204, 506
0.160, 0.140, 0.140,	302, 208, 510
0.170, 0.140, 0.140,	302, 216, 518
0.180, 0.140, 0.140,	302, 224, 526
0.190, 0.140, 0.140,	302, 224, 526
0.200, 0.140, 0.140,	302, 232, 534
0.150, 0.150, 0.140,	302, 204, 506
0.160, 0.150, 0.140,	302, 208, 510
0.170, 0.150, 0.140,	302, 216, 518
0.180, 0.150, 0.140,	302, 224, 526
0.190, 0.150, 0.140,	302, 224, 526
0.200, 0.150, 0.140,	302, 232, 534
0.160, 0.160, 0.140,	302, 212, 514
0.170, 0.160, 0.140,	302, 220, 522
0.180, 0.160, 0.140,	302, 228, 530
0.190, 0.160, 0.140,	302, 228, 530
0.200, 0.160, 0.140,	302, 236, 538
0.170, 0.170, 0.140,	302, 228, 530
0.180, 0.170, 0.140,	302, 236, 538
0.190, 0.170, 0.140,	302, 236, 538
0.200, 0.170, 0.140,	302, 244, 546
0.180, 0.180, 0.140,	302, 236, 538
0.190, 0.180, 0.140,	302, 236, 538
0.200, 0.180, 0.140,	302, 244, 546
0.190, 0.190, 0.140,	302, 236, 538
0.200, 0.190, 0.140,	302, 244, 546
0.200, 0.200, 0.140,	302, 248, 550
0.150, 0.150, 0.150,	302, 204, 506
0.160, 0.150, 0.150,	302, 208, 510
0.170, 0.150, 0.150,	302, 216, 518
0.180, 0.150, 0.150,	302, 224, 526
0.190, 0.150, 0.150,	302, 224, 526
0.200, 0.150, 0.150,	302, 232, 534
0.160, 0.160, 0.150,	302, 212, 514
0.170, 0.160, 0.150,	302, 220, 522
0.180, 0.160, 0.150,	302, 228, 530
0.190, 0.160, 0.150,	302, 228, 530
0.200, 0.160, 0.150,	302, 236, 538
0.170, 0.170, 0.150,	302, 228, 530
0.180, 0.170, 0.150,	302, 236, 538
0.190, 0.170, 0.150,	302, 236, 538
0.200, 0.170, 0.150,	302, 244, 546
0.180, 0.180, 0.150,	302, 236, 538
0.190, 0.180, 0.150,	302, 236, 538
0.200, 0.180, 0.150,	302, 244, 546
0.190, 0.190, 0.150,	302, 236, 538
0.200, 0.190, 0.150,	302, 244, 546
0.200, 0.200, 0.150,	302, 248, 550
0.160, 0.160, 0.160,	302, 228, 530
0.170, 0.160, 0.160,	302, 236, 538
0.180, 0.160, 0.160,	302, 244, 546
0.190, 0.160, 0.160,	302, 244, 546
0.200, 0.160, 0.160,	302, 252, 554
0.170, 0.170, 0.160,	302, 244, 546
0.180, 0.170, 0.160,	302, 252, 554
0.190, 0.170, 0.160,	302, 252, 554
0.200, 0.170, 0.160,	302, 260, 562
0.180, 0.180, 0.160,	302, 252, 554
0.190, 0.180, 0.160,	302, 252, 554
0.200, 0.180, 0.160,	302, 260, 562
0.190, 0.190, 0.160,	302, 252, 554
0.200, 0.190, 0.160,	302, 260, 562
0.200, 0.200, 0.160,	302, 264, 566
0.170, 0.170, 0.170,	302, 276, 578
0.180, 0.170, 0.170,	302, 284, 586
0.190, 0.170, 0.170,	302, 284, 586
0.200, 0.170, 0.170,	302, 292, 594
0.180, 0.180, 0.170,	302, 284, 586
0.190, 0.180, 0.170,	302, 284, 586
0.200, 0.180, 0.170,	302, 292, 594
0.190, 0.190, 0.170,	302, 284, 586
0.200, 0.190, 0.170,	302, 292, 594
0.200, 0.200, 0.170,	302, 296, 598
0.180, 0.180, 0.180,	302, 316, 618
0.190, 0.180, 0.180,	302, 316, 618
0.200, 0.180, 0.180,	302, 324, 626
0.190, 0.190, 0.180,	302, 316, 618
0.200, 0.190, 0.180,	302, 324, 626
0.200, 0.200, 0.180,	302, 328, 630
0.190, 0.190, 0.190,	302, 316, 618
0.200, 0.190, 0.190,	302, 324, 626
0.200, 0.200, 0.190,	302, 328, 630
0.200, 0.200, 0.200,	302, 360, 662
